,-0.044
0,-0.098
1,-0.125
2,-0.105
3,0.063
4,-0.076
5,-0.181
6,-0.088
7,-0.366
8,-0.505
9,-0.369
10,-0.161
11,-0.059
12,-0.198
13,-0.244
14,-0.085
15,-0.09
16,-0.085
17,-0.132
18,0.044
19,0.098
20,-0.039
21,-0.2
22,-0.054
23,0.154
24,-0.181
25,-0.139
26,-0.063
27,-0.076
28,-0.242
29,-0.137
30,-0.027
31,-0.281
32,-0.256
33,-0.176
34,-0.178
35,-0.332
36,-0.071
37,-0.151
38,-0.142
39,-0.137
40,0.049
41,-0.078
42,-0.115
43,-0.056
44,-0.208
45,-0.278
46,-0.22
47,0.01
48,-0.132
49,-0.066
50,-0.171
51,-0.161
52,-0.283
53,-0.137
54,-0.093
55,-0.142
56,-0.088
57,-0.195
58,-0.051
59,-0.198
60,-0.098
61,0.017
62,0.056
63,-0.039
64,-0.017
65,-0.142
66,-0.115
67,0.146
68,-0.129
69,-0.205
70,-0.173
71,-0.071
72,-0.012
73,-0.093
74,-0.256
75,-0.061
76,-0.007
77,-0.083
78,-0.012
79,-0.281
80,-0.139
81,-0.01
82,-0.125
83,-0.173
84,-0.149
85,-0.256
86,-0.312
87,-0.122
88,-0.193
89,-0.005
90,-0.181
91,-0.154
92,-0.078
93,-0.232
94,-0.327
95,0.017
96,-0.32
97,-0.085
98,0.044
99,-0.19
100,-0.137
101,-0.115
102,0.071
103,-0.071
104,-0.071
105,-0.203
106,-0.146
107,-0.139
108,-0.4
109,-0.144
110,0.049
111,-0.022
112,-0.173
113,-0.049
114,-0.107
115,-0.171
116,-0.227
117,-0.237
118,0.115
119,-0.063
120,-0.168
121,-0.081
122,-0.085
123,-0.156
124,-0.107
125,-0.103
126,-0.273
127,-0.181
128,-0.244
129,-0.083
130,0.044
131,-0.098
132,-0.271
133,0.049
134,-0.198
135,-0.117
136,-0.122
137,-0.117
138,-0.146
139,-0.117
140,-0.176
141,-0.146
142,-0.022
143,-0.137
144,-0.1
145,0.0
146,0.044
147,0.024
148,0.059
149,-0.051
150,-0.229
151,-0.049
152,-0.044
153,-0.098
154,-0.225
155,-0.115
156,-0.21
157,-0.107
158,-0.193
159,-0.244
160,-0.01
161,-0.037
162,-0.247
163,-0.132
164,0.049
165,-0.076
166,0.083
167,-0.137
168,-0.234
169,-0.217
170,-0.146
171,0.071
172,0.137
173,-0.244
174,-0.31
175,-0.129
176,-0.068
177,-0.071
178,-0.161
179,-0.105
180,-0.095
181,-0.095
182,-0.027
183,0.034
184,-0.1
185,-0.083
186,-0.1
187,-0.098
188,-0.222
189,-0.232
190,0.002
191,0.098
192,-0.029
193,-0.244
194,-0.149
195,0.029
196,-0.107
197,-0.266
198,-0.176
199,-0.073
200,-0.139
201,-0.325
202,-0.261
203,-0.208
204,-0.21
205,-0.237
206,-0.159
207,-0.107
208,-0.256
209,-0.256
210,-0.127
211,-0.129
212,-0.295
213,-0.173
214,-0.054
215,-0.378
216,-0.305
217,-0.134
218,-0.007
219,-0.034
220,-0.049
221,-0.159
222,0.061
223,0.034
224,0.071
225,-0.078
226,-0.12
227,-0.112
228,0.027
229,-0.117
230,-0.237
231,-0.178
232,-0.142
233,-0.081
234,-0.142
235,-0.078
236,-0.068
237,-0.2
238,0.024
239,-0.085
240,-0.166
241,-0.144
242,-0.088
243,-0.039
244,-0.19
245,-0.186
246,-0.095
247,-0.073
248,-0.095
249,-0.024
250,-0.076
251,-0.125
252,0.015
253,-0.144
254,-0.225
255,-0.11
256,-0.115
257,-0.146
258,-0.083
259,-0.066
260,-0.127
261,-0.093
262,-0.037
263,-0.002
264,0.002
265,-0.083
266,-0.034
267,-0.107
268,-0.073
269,-0.005
270,-0.149
271,-0.098
272,-0.068
273,-0.19
274,-0.212
275,-0.161
276,-0.146
277,-0.217
278,-0.127
279,-0.112
280,-0.234
281,-0.103
282,-0.002
283,-0.085
284,-0.034
285,-0.059
286,-0.166
287,-0.066
288,-0.154
289,-0.012
290,-0.127
291,-0.171
292,-0.261
293,-0.181
294,-0.095
295,-0.059
296,-0.21
297,-0.022
298,-0.02
299,-0.059
300,-0.139
301,-0.117
302,-0.09
303,-0.059
304,-0.044
305,-0.159
306,-0.105
307,-0.142
308,-0.193
309,-0.107
310,-0.032
311,-0.168
312,-0.132
313,-0.156
314,-0.31
315,-0.266
316,-0.173
317,-0.156
318,-0.181
319,-0.015
320,-0.117
321,0.02
322,-0.034
323,-0.137
324,-0.212
325,-0.159
326,-0.286
327,-0.024
328,0.076
329,-0.046
330,-0.027
331,-0.173
332,-0.149
333,-0.225
334,-0.166
335,-0.215
336,-0.156
337,-0.002
338,0.01
339,-0.098
340,-0.273
341,-0.034
342,-0.1
343,-0.183
344,-0.044
345,0.0
346,-0.037
347,-0.076
348,-0.022
349,-0.115
350,-0.054
351,0.0
352,0.002
353,-0.156
354,-0.095
355,-0.063
356,-0.249
357,-0.105
358,-0.188
359,-0.151
360,-0.208
361,-0.173
362,-0.156
363,-0.1
364,-0.225
365,0.017
366,0.056
367,-0.098
368,0.149
369,-0.044
370,-0.22
371,-0.068
372,0.005
373,-0.303
374,-0.227
375,-0.063
376,-0.137
377,-0.251
378,-0.173
379,-0.01
380,-0.049
381,-0.242
382,-0.017
383,0.071
384,-0.215
385,-0.142
386,0.046
387,-0.076
388,-0.093
389,-0.195
390,-0.161
391,-0.178
392,-0.181
393,-0.237
394,-0.1
395,-0.32
396,-0.103
397,-0.005
398,0.044
399,-0.063
400,-0.11
401,-0.071
402,-0.154
403,-0.159
404,-0.259
405,-0.127
406,-0.007
407,-0.156
408,-0.134
409,-0.12
410,-0.11
411,-0.078
412,-0.02
413,-0.039
414,-0.046
415,-0.225
416,-0.098
417,-0.12
418,0.037
419,-0.125
420,-0.181
421,-0.188
422,-0.227
423,-0.095
424,-0.103
425,-0.085
426,-0.037
427,-0.088
428,-0.073
429,-0.061
430,-0.095
431,-0.044
432,0.076
433,-0.227
434,-0.266
435,-0.317
436,-0.161
437,-0.159
438,-0.103
439,-0.205
440,-0.256
441,-0.208
442,-0.139
443,-0.127
444,-0.168
445,-0.076
446,-0.12
447,-0.137
448,-0.032
449,-0.061
450,-0.164
451,-0.068
452,-0.088
453,-0.256
454,-0.188
455,-0.088
456,0.056
457,-0.186
458,-0.132
459,-0.125
460,-0.232
461,-0.273
462,0.032
463,-0.129
464,-0.269
465,-0.078
466,0.066
467,0.017
468,-0.061
469,-0.007
470,-0.146
471,-0.027
472,-0.227
473,-0.164
474,-0.139
475,-0.276
476,-0.039
477,-0.154
478,-0.212
479,-0.176
480,-0.115
481,-0.103
482,-0.034
483,-0.063
484,-0.054
485,-0.071
486,-0.051
487,-0.027
488,-0.027
489,-0.088
490,-0.029
491,0.029
492,-0.137
493,-0.105
494,-0.081
495,-0.112
496,-0.232
497,-0.168
498,-0.125
499,-0.188
500,-0.022
501,-0.144
502,-0.098
503,-0.149
504,-0.029
505,-0.066
506,-0.02
507,-0.005
508,-0.017
509,0.01
510,-0.049
511,0.007
512,-0.071
513,-0.007
514,-0.085
515,-0.051
516,-0.144
517,-0.156
518,-0.093
519,-0.217
520,-0.093
521,-0.222
522,-0.249
523,-0.183
524,-0.024
525,-0.159
526,-0.098
527,-0.215
528,-0.098
529,-0.171
530,-0.129
531,-0.051
532,0.024
533,-0.002
534,-0.391
535,-0.295
536,-0.127
537,-0.088
538,-0.19
539,-0.173
540,-0.054
541,-0.249
542,-0.078
543,0.007
544,0.107
545,-0.168
546,-0.078
547,0.015
548,0.007
549,-0.068
550,-0.171
551,0.112
552,-0.042
553,-0.295
554,-0.203
555,-0.007
556,-0.103
557,0.054
558,-0.166
559,-0.159
560,-0.144
561,-0.273
562,-0.347
563,-0.195
564,0.027
565,-0.259
566,0.054
567,-0.188
568,-0.112
569,-0.049
570,-0.127
571,0.061
572,-0.056
573,-0.127
574,-0.146
575,-0.088
576,-0.359
577,-0.173
578,-0.149
579,-0.02
580,-0.212
581,-0.271
582,-0.171
583,-0.083
584,-0.181
585,-0.212
586,0.032
587,-0.173
588,-0.137
589,-0.042
590,0.083
591,0.056
592,-0.098
593,-0.098
594,0.039
595,0.024
596,-0.173
597,-0.142
598,-0.217
599,-0.129
600,-0.225
601,-0.073
602,-0.12
603,-0.205
604,-0.21
605,-0.093
606,-0.21
607,-0.208
608,-0.081
609,-0.066
610,-0.11
611,-0.256
612,-0.054
613,-0.059
614,-0.159
615,-0.107
616,-0.12
617,-0.024
618,-0.144
619,-0.149
620,-0.322
621,-0.166
622,-0.139
623,-0.154
624,-0.176
625,-0.098
626,-0.127
627,-0.171
628,-0.081
629,0.083
630,0.083
631,-0.22
632,0.044
633,0.046
634,-0.115
635,-0.234
636,0.032
637,0.098
638,-0.134
639,-0.154
640,-0.107
641,-0.173
642,-0.447
643,-0.11
644,-0.193
645,-0.254
646,-0.176
647,-0.007
648,-0.068
649,-0.374
650,-0.024
651,0.076
652,-0.02
653,-0.198
654,0.027
655,-0.01
656,-0.251
657,-0.039
658,-0.107
659,-0.132
660,-0.31
661,-0.105
662,-0.222
663,-0.186
664,-0.376
665,-0.129
666,0.012
667,-0.144
668,-0.034
669,-0.081
670,-0.093
671,-0.149
672,0.085
673,0.037
674,0.034
675,-0.012
676,0.015
677,-0.156
678,-0.244
679,0.044
680,-0.129
681,-0.293
682,-0.156
683,-0.071
684,-0.283
685,-0.203
686,-0.071
687,-0.015
688,-0.125
689,-0.188
690,-0.059
691,-0.117
692,-0.12
693,-0.215
694,-0.139
695,-0.193
696,-0.078
697,-0.068
698,-0.151
699,-0.195
700,-0.1
701,0.01
702,-0.283
703,-0.295
704,-0.146
705,-0.054
706,-0.159
707,-0.032
708,-0.061
709,-0.139
710,-0.015
711,0.002
712,-0.068
713,-0.2
714,0.02
715,-0.188
716,-0.237
717,-0.076
718,-0.01
719,-0.037
720,-0.063
721,-0.173
722,-0.127
723,-0.127
724,-0.229
725,-0.059
726,-0.215
727,-0.242
728,-0.178
729,-0.217
730,-0.237
731,-0.178
732,-0.112
733,-0.195
734,-0.259
735,-0.327
736,-0.159
737,-0.01
738,-0.151
739,-0.239
740,-0.198
741,-0.181
742,-0.117
743,-0.024
744,-0.037
745,-0.11
746,-0.283
747,-0.2
748,0.044
749,0.063
750,0.0
751,0.039
752,0.088
753,0.1
754,0.027
755,-0.112
756,-0.032
757,-0.1
758,-0.068
759,-0.176
760,-0.21
761,-0.222
762,-0.02
763,0.081
764,-0.11
765,-0.09
766,-0.237
767,-0.042
768,0.029
769,-0.012
770,-0.315
771,-0.244
772,-0.103
773,-0.024
774,-0.037
775,0.1
776,0.093
777,-0.305
778,-0.3
779,-0.078
780,-0.112
781,-0.176
782,-0.081
783,-0.071
784,-0.271
785,-0.364
786,-0.193
787,-0.015
788,-0.415
789,-0.186
790,0.005
791,-0.12
792,-0.281
793,-0.117
794,0.093
795,0.054
796,-0.039
797,-0.232
798,0.046
799,-0.227
800,-0.081
801,-0.002
802,-0.042
803,-0.208
804,-0.2
805,-0.173
806,-0.222
807,-0.21
808,-0.276
809,-0.112
810,-0.161
811,-0.247
812,-0.31
813,-0.168
814,-0.154
815,-0.107
816,-0.042
817,-0.176
818,-0.122
819,-0.244
820,-0.002
821,-0.115
822,-0.237
823,-0.244
824,-0.039
825,-0.156
826,-0.183
827,0.002
828,-0.042
829,-0.024
830,-0.142
831,-0.071
832,-0.007
833,-0.002
834,-0.107
835,-0.171
836,-0.132
837,0.027
838,0.007
839,0.01
840,-0.164
841,-0.137
842,-0.027
843,-0.005
844,-0.051
845,-0.22
846,-0.156
847,-0.168
848,-0.061
849,0.066
850,-0.112
851,-0.105
852,-0.139
853,-0.068
854,-0.01
855,-0.034
856,-0.122
857,-0.078
858,-0.01
859,-0.127
860,-0.178
861,-0.215
862,-0.225
863,-0.198
864,-0.176
865,-0.098
866,-0.02
867,-0.095
868,-0.183
869,0.02
870,-0.134
871,-0.232
872,-0.127
873,-0.095
874,-0.283
875,-0.205
876,-0.242
877,-0.183
878,-0.056
879,-0.166
880,0.061
881,0.051
882,-0.103
883,-0.293
884,-0.215
885,-0.149
886,-0.166
887,-0.251
888,-0.176
889,-0.247
890,-0.315
891,-0.061
892,-0.176
893,-0.1
894,-0.046
895,-0.007
896,-0.137
897,0.063
898,0.037
899,-0.156
900,0.054
901,-0.215
902,-0.22
903,-0.112
904,-0.037
905,-0.125
906,-0.029
907,-0.164
908,-0.195
909,-0.061
910,-0.234
911,-0.151
912,-0.117
913,-0.088
914,-0.073
915,0.149
916,-0.161
917,-0.01
918,-0.081
919,-0.352
920,-0.1
921,0.068
922,-0.149
923,-0.11
924,0.007
925,-0.085
926,-0.127
927,-0.22
928,-0.049
929,0.083
930,-0.051
931,-0.164
932,-0.156
933,-0.088
934,-0.2
935,-0.022
936,-0.234
937,-0.032
938,0.105
939,-0.208
940,-0.015
941,-0.125
942,-0.117
943,-0.01
944,-0.083
945,-0.151
946,-0.027
947,-0.21
948,-0.032
949,0.049
950,-0.042
951,-0.122
952,-0.012
953,-0.083
954,-0.115
955,-0.134
956,-0.051
957,-0.054
958,-0.215
959,-0.154
960,-0.33
961,-0.198
962,-0.142
963,-0.098
964,-0.256
965,-0.181
966,-0.059
967,-0.088
968,-0.039
969,-0.261
970,-0.161
971,-0.31
972,-0.195
973,-0.256
974,-0.103
975,0.012
976,0.002
977,-0.078
978,-0.212
979,-0.142
980,-0.166
981,-0.027
982,-0.142
983,-0.132
984,-0.198
985,-0.188
986,-0.225
987,-0.195
988,-0.061
989,-0.022
990,-0.081
991,-0.371
992,-0.002
993,0.024
994,-0.295
995,-0.107
996,-0.085
997,-0.203
998,-0.171
999,-0.134
1000,0.015
1001,0.005
1002,-0.129
1003,-0.137
1004,-0.1
1005,-0.144
1006,-0.132
1007,-0.11
1008,-0.085
1009,-0.139
1010,-0.166
1011,-0.203
1012,-0.093
1013,-0.142
1014,-0.171
1015,0.017
1016,-0.039
1017,-0.225
1018,-0.117
1019,0.01
1020,-0.107
1021,-0.171
1022,-0.242
1023,-0.02
1024,0.007
1025,-0.142
1026,-0.137
1027,-0.049
1028,-0.186
1029,-0.2
1030,-0.273
1031,-0.098
1032,-0.042
1033,-0.139
1034,-0.027
1035,-0.015
1036,-0.046
1037,-0.076
1038,-0.142
1039,-0.21
1040,-0.042
1041,-0.024
1042,-0.073
1043,-0.01
1044,-0.12
1045,0.032
1046,-0.039
1047,0.007
1048,-0.21
1049,-0.208
1050,-0.137
1051,-0.095
1052,-0.042
1053,-0.042
1054,-0.195
1055,-0.176
1056,-0.107
1057,-0.227
1058,-0.139
1059,-0.195
1060,-0.286
1061,-0.139
1062,-0.115
1063,-0.225
1064,-0.186
1065,-0.198
1066,-0.149
1067,0.063
1068,-0.298
1069,-0.183
1070,-0.059
1071,-0.266
1072,-0.151
1073,-0.115
1074,-0.015
1075,-0.022
1076,-0.059
1077,-0.115
1078,-0.007
1079,-0.117
1080,-0.1
1081,0.061
1082,-0.09
1083,-0.139
1084,-0.171
1085,-0.115
1086,-0.107
1087,-0.039
1088,-0.054
1089,-0.09
1090,-0.085
1091,-0.205
1092,-0.098
1093,-0.071
1094,-0.073
1095,-0.171
1096,-0.156
1097,-0.247
1098,0.063
1099,-0.09
1100,-0.063
1101,-0.103
1102,-0.237
1103,-0.244
1104,-0.217
1105,-0.076
1106,-0.261
1107,-0.105
1108,-0.181
1109,-0.132
1110,-0.227
1111,-0.054
1112,-0.037
1113,-0.098
1114,0.088
1115,-0.046
1116,-0.049
1117,-0.144
1118,-0.039
1119,-0.051
1120,-0.056
1121,-0.168
1122,-0.198
1123,-0.051
1124,-0.083
1125,-0.105
1126,-0.247
1127,-0.115
1128,-0.21
1129,-0.208
1130,-0.278
1131,0.076
1132,-0.161
1133,-0.291
1134,-0.188
1135,-0.173
1136,0.063
1137,-0.1
1138,-0.186
1139,-0.137
1140,0.015
1141,-0.078
1142,-0.149
1143,-0.168
1144,-0.178
1145,-0.151
1146,-0.281
1147,-0.203
1148,-0.073
1149,-0.039
1150,-0.1
1151,-0.1
1152,-0.166
1153,-0.117
1154,-0.137
1155,-0.154
1156,-0.212
1157,-0.181
1158,-0.088
1159,-0.081
1160,0.171
1161,-0.029
1162,-0.076
1163,0.0
1164,-0.095
1165,-0.212
1166,-0.115
1167,-0.171
1168,-0.159
1169,-0.166
1170,-0.186
1171,-0.264
1172,-0.239
1173,-0.032
1174,-0.195
1175,0.002
1176,-0.039
1177,-0.015
1178,-0.02
1179,-0.149
1180,0.054
1181,0.037
1182,-0.027
1183,-0.103
1184,0.098
1185,-0.044
1186,-0.139
1187,-0.107
1188,-0.059
1189,-0.168
1190,-0.342
1191,-0.22
1192,-0.11
1193,0.039
1194,-0.085
1195,0.0
1196,-0.042
1197,-0.029
1198,0.042
1199,0.098
1200,0.056
1201,-0.132
1202,0.024
1203,-0.093
1204,-0.11
1205,-0.139
1206,0.049
1207,0.098
1208,-0.059
1209,-0.242
1210,-0.298
1211,-0.183
1212,-0.105
1213,-0.081
1214,-0.237
1215,-0.156
1216,-0.171
1217,-0.061
1218,-0.129
1219,-0.115
1220,-0.186
1221,-0.261
1222,-0.107
1223,-0.127
1224,-0.061
1225,-0.215
1226,-0.076
1227,-0.076
1228,-0.005
1229,-0.273
1230,-0.156
1231,-0.007
1232,-0.198
1233,-0.149
1234,-0.039
1235,-0.049
1236,-0.159
1237,0.0
1238,0.034
1239,-0.093
1240,-0.125
1241,-0.054
1242,0.049
1243,-0.249
1244,-0.19
1245,-0.127
1246,0.056
1247,-0.09
1248,-0.33
1249,-0.234
1250,0.032
1251,-0.261
1252,-0.09
1253,-0.137
1254,-0.222
1255,-0.154
1256,-0.159
1257,-0.039
1258,-0.071
1259,-0.09
1260,-0.266
1261,-0.061
1262,-0.232
1263,-0.195
1264,-0.049
1265,-0.217
1266,-0.037
1267,-0.115
1268,-0.098
1269,-0.117
1270,0.022
1271,-0.193
1272,-0.154
1273,-0.105
1274,-0.039
1275,-0.012
1276,-0.073
1277,0.073
1278,-0.027
1279,-0.103
1280,-0.22
1281,-0.02
1282,-0.054
1283,-0.166
1284,0.249
1285,-0.405
1286,-0.117
1287,0.115
1288,-0.146
1289,-0.273
1290,0.005
1291,-0.303
1292,-0.103
1293,-0.308
1294,-0.2
1295,-0.168
1296,-0.2
1297,-0.122
1298,-0.093
1299,-0.146
1300,-0.212
1301,0.066
1302,-0.159
1303,-0.205
1304,-0.322
1305,-0.139
1306,0.1
1307,-0.095
1308,-0.198
1309,-0.349
1310,-0.132
1311,-0.193
1312,-0.247
1313,-0.02
1314,0.027
1315,-0.22
1316,-0.005
1317,0.11
1318,-0.186
1319,-0.142
1320,0.037
1321,0.032
1322,-0.327
1323,0.029
1324,0.203
1325,0.017
1326,-0.22
1327,-0.215
1328,-0.054
1329,0.012
1330,-0.295
1331,-0.178
1332,-0.061
1333,-0.144
1334,-0.283
1335,-0.264
1336,-0.271
1337,-0.264
1338,-0.122
1339,0.173
1340,0.125
1341,-0.156
1342,-0.186
1343,-0.078
1344,-0.107
1345,-0.208
1346,-0.222
1347,-0.195
1348,-0.212
1349,-0.327
1350,-0.037
1351,-0.081
1352,-0.181
1353,-0.015
1354,-0.083
1355,-0.317
1356,-0.193
1357,-0.076
1358,-0.022
1359,0.122
1360,-0.103
1361,-0.115
1362,-0.212
1363,0.024
1364,-0.073
1365,-0.244
1366,-0.154
1367,-0.085
1368,-0.151
1369,-0.312
1370,-0.281
1371,-0.261
1372,-0.044
1373,-0.146
1374,-0.217
1375,-0.083
1376,-0.083
1377,-0.034
1378,-0.063
1379,-0.173
1380,-0.222
1381,-0.208
1382,-0.344
1383,0.0
1384,-0.122
1385,-0.234
1386,-0.195
1387,-0.027
1388,-0.303
1389,-0.105
1390,-0.208
1391,-0.31
1392,-0.139
1393,-0.237
1394,-0.076
1395,-0.156
1396,-0.071
1397,-0.027
1398,-0.078
1399,0.01
1400,0.005
1401,-0.132
1402,0.037
1403,0.093
1404,-0.247
1405,-0.186
1406,-0.039
1407,-0.193
1408,-0.291
1409,-0.063
1410,-0.103
1411,-0.234
1412,-0.186
1413,-0.115
1414,-0.063
1415,-0.137
1416,-0.22
1417,-0.215
1418,0.09
1419,-0.095
1420,-0.083
1421,-0.149
1422,-0.081
1423,-0.154
1424,-0.083
1425,-0.002
1426,-0.134
1427,-0.01
1428,-0.149
1429,-0.027
1430,-0.234
1431,-0.159
1432,-0.168
1433,-0.112
1434,-0.063
1435,-0.071
1436,-0.2
1437,-0.112
1438,-0.024
1439,-0.171
1440,-0.022
1441,-0.056
1442,-0.139
1443,-0.205
1444,-0.046
1445,0.027
1446,-0.239
1447,0.039
1448,0.159
1449,-0.054
1450,-0.193
1451,-0.125
1452,-0.134
1453,-0.117
1454,-0.198
1455,-0.142
1456,-0.295
1457,-0.115
1458,0.061
1459,-0.273
1460,-0.166
1461,-0.022
1462,0.012
1463,-0.085
1464,-0.09
1465,-0.339
1466,-0.193
1467,-0.068
1468,-0.139
1469,-0.149
1470,-0.171
1471,0.02
1472,-0.046
1473,-0.166
1474,-0.242
1475,-0.007
1476,-0.037
1477,-0.134
1478,-0.176
1479,-0.144
1480,-0.066
1481,-0.029
1482,-0.11
1483,-0.127
1484,-0.291
1485,-0.217
1486,0.137
1487,-0.083
1488,-0.371
1489,-0.166
1490,0.005
1491,-0.083
1492,-0.249
1493,-0.212
1494,-0.244
1495,-0.195
1496,-0.227
1497,-0.146
1498,-0.181
1499,-0.261
1500,-0.173
1501,-0.237
1502,-0.232
1503,-0.261
1504,-0.085
1505,-0.19
1506,-0.164
1507,-0.146
1508,-0.181
1509,-0.159
1510,-0.168
1511,-0.193
1512,-0.239
1513,-0.31
1514,-0.029
1515,-0.112
1516,-0.471
1517,-0.205
1518,0.007
1519,-0.063
1520,-0.1
1521,-0.005
1522,-0.049
1523,-0.105
1524,-0.164
1525,-0.078
1526,0.039
1527,-0.078
1528,-0.078
1529,-0.02
1530,0.068
1531,-0.117
1532,-0.264
1533,-0.09
1534,-0.09
1535,-0.007
1536,-0.142
1537,-0.081
1538,0.073
1539,-0.11
1540,-0.122
1541,0.142
1542,-0.273
1543,-0.222
1544,0.137
1545,-0.164
1546,-0.227
1547,-0.122
1548,0.0
1549,0.198
1550,-0.22
1551,-0.2
1552,-0.137
1553,-0.352
1554,-0.034
1555,0.09
1556,-0.178
1557,-0.093
1558,0.183
1559,0.01
1560,-0.137
1561,-0.227
1562,0.066
1563,0.142
1564,-0.222
1565,-0.229
1566,0.112
1567,-0.3
1568,-0.156
1569,-0.251
1570,-0.129
1571,0.027
1572,-0.024
1573,-0.19
1574,-0.273
1575,-0.232
1576,-0.117
1577,0.105
1578,-0.173
1579,-0.212
1580,-0.132
1581,-0.195
1582,-0.171
1583,0.144
1584,0.022
1585,-0.103
1586,0.076
1587,-0.205
1588,-0.066
1589,-0.161
1590,-0.261
1591,-0.012
1592,-0.183
1593,-0.315
1594,-0.093
1595,-0.071
1596,-0.215
1597,-0.042
1598,-0.168
1599,-0.164
1600,0.078
1601,-0.005
1602,0.059
1603,-0.269
1604,-0.215
1605,-0.098
1606,0.007
1607,-0.234
1608,-0.078
1609,0.044
1610,-0.054
1611,-0.168
1612,0.01
1613,-0.166
1614,-0.093
1615,0.098
1616,-0.256
1617,-0.137
1618,-0.164
1619,-0.171
1620,0.247
1621,-0.027
1622,-0.295
1623,0.012
1624,-0.039
1625,-0.115
1626,-0.071
1627,-0.393
1628,-0.254
1629,-0.01
1630,-0.295
1631,-0.254
1632,0.054
1633,-0.237
1634,-0.061
1635,-0.056
1636,-0.264
1637,-0.002
1638,-0.042
1639,-0.159
1640,-0.078
1641,-0.063
1642,-0.098
1643,0.283
1644,-0.032
1645,-0.273
1646,-0.22
1647,-0.134
1648,-0.205
1649,-0.078
1650,-0.278
1651,-0.051
1652,0.029
1653,-0.046
1654,-0.271
1655,-0.19
1656,-0.173
1657,-0.002
1658,-0.132
1659,-0.3
1660,-0.022
1661,-0.217
1662,-0.146
1663,-0.01
1664,-0.261
1665,-0.232
1666,0.066
1667,-0.239
1668,-0.229
1669,-0.034
1670,-0.205
1671,-0.281
1672,-0.002
1673,-0.105
1674,0.007
1675,-0.061
1676,-0.164
1677,0.005
1678,0.01
1679,-0.256
1680,0.054
1681,0.061
1682,-0.098
1683,0.139
1684,0.059
1685,-0.049
1686,-0.002
1687,-0.078
1688,-0.171
1689,-0.149
1690,-0.273
1691,-0.159
1692,-0.098
1693,-0.259
1694,-0.127
1695,-0.188
1696,-0.181
1697,-0.007
1698,-0.154
1699,-0.19
1700,-0.017
1701,0.12
1702,0.012
1703,-0.168
1704,-0.303
1705,-0.225
1706,-0.034
1707,-0.115
1708,-0.068
1709,-0.01
1710,-0.217
1711,-0.295
1712,-0.232
1713,-0.195
1714,-0.239
1715,-0.1
1716,0.056
1717,-0.034
1718,-0.22
1719,-0.042
1720,-0.071
1721,-0.1
1722,-0.186
1723,-0.002
1724,0.027
1725,0.012
1726,-0.093
1727,-0.066
1728,0.059
1729,-0.042
1730,-0.024
1731,-0.139
1732,-0.239
1733,-0.037
1734,-0.117
1735,-0.312
1736,-0.112
1737,-0.237
1738,-0.127
1739,0.039
1740,-0.186
1741,-0.266
1742,-0.173
1743,-0.093
1744,-0.039
1745,-0.105
1746,-0.112
1747,-0.159
1748,-0.081
1749,-0.186
1750,-0.088
1751,-0.298
1752,-0.286
1753,-0.012
1754,-0.095
1755,-0.203
1756,-0.066
1757,-0.005
1758,-0.171
1759,0.042
1760,0.083
1761,0.029
1762,-0.042
1763,-0.022
1764,-0.015
1765,-0.129
1766,-0.181
1767,-0.188
1768,-0.127
1769,-0.122
1770,-0.122
1771,-0.334
1772,-0.159
1773,-0.293
1774,-0.142
1775,-0.073
1776,-0.171
1777,-0.181
1778,0.066
1779,-0.049
1780,-0.481
1781,-0.146
1782,-0.112
1783,-0.122
1784,-0.256
1785,-0.093
1786,0.037
1787,-0.09
1788,-0.085
1789,0.017
1790,-0.178
1791,-0.222
1792,0.139
1793,-0.054
1794,0.034
1795,0.002
1796,-0.039
1797,-0.002
1798,0.09
1799,-0.073
1800,-0.132
1801,0.122
1802,-0.024
1803,-0.142
1804,-0.11
1805,-0.046
1806,-0.056
1807,-0.034
1808,-0.222
1809,-0.171
1810,-0.112
1811,-0.146
1812,-0.244
1813,-0.415
1814,-0.144
1815,0.01
1816,-0.127
1817,-0.298
1818,-0.12
1819,-0.125
1820,-0.178
1821,-0.117
1822,-0.049
1823,-0.056
1824,-0.193
1825,-0.022
1826,-0.176
1827,-0.188
1828,-0.156
1829,-0.132
1830,-0.044
1831,-0.156
1832,-0.256
1833,-0.303
1834,-0.1
1835,-0.188
1836,-0.176
1837,-0.232
1838,-0.09
1839,-0.183
1840,-0.181
1841,-0.225
1842,-0.208
1843,0.02
1844,-0.071
1845,-0.129
1846,-0.139
1847,0.027
1848,-0.068
1849,-0.164
1850,-0.166
1851,-0.176
1852,-0.31
1853,-0.112
1854,-0.142
1855,-0.208
1856,-0.198
1857,-0.266
1858,-0.156
1859,-0.039
1860,-0.037
1861,-0.112
1862,-0.022
1863,-0.056
1864,0.034
1865,0.134
1866,-0.012
1867,-0.127
1868,-0.288
1869,-0.078
1870,-0.159
1871,-0.09
1872,-0.139
1873,-0.002
1874,-0.042
1875,-0.071
1876,-0.161
1877,-0.115
1878,-0.081
1879,-0.129
1880,-0.103
1881,-0.283
1882,-0.181
1883,-0.029
1884,0.037
1885,-0.11
1886,-0.139
1887,-0.125
1888,-0.146
1889,-0.171
1890,-0.188
1891,-0.078
1892,-0.132
1893,-0.251
1894,-0.098
1895,-0.125
1896,-0.127
1897,-0.039
1898,-0.217
1899,-0.227
1900,-0.134
1901,-0.027
1902,-0.098
1903,-0.01
1904,-0.054
1905,-0.105
1906,-0.149
1907,-0.178
1908,-0.039
1909,-0.029
1910,-0.195
1911,-0.154
1912,-0.088
1913,-0.117
1914,-0.366
1915,-0.239
1916,-0.12
1917,-0.132
1918,-0.286
1919,-0.107
1920,-0.046
1921,-0.107
1922,-0.12
1923,-0.09
1924,-0.11
1925,-0.273
1926,-0.059
1927,-0.037
1928,0.107
1929,-0.107
1930,-0.024
1931,0.103
1932,-0.293
1933,-0.413
1934,0.002
1935,0.066
1936,-0.276
1937,-0.234
1938,-0.195
1939,0.0
1940,-0.073
1941,0.076
1942,0.188
1943,-0.19
1944,-0.344
1945,-0.027
1946,-0.02
1947,-0.1
1948,-0.125
1949,-0.305
1950,-0.154
1951,-0.134
1952,-0.049
1953,-0.178
1954,-0.227
1955,-0.125
1956,-0.349
1957,-0.293
1958,-0.022
1959,-0.071
1960,-0.21
1961,-0.076
1962,-0.051
1963,-0.181
1964,-0.105
1965,0.017
1966,0.254
1967,0.012
1968,-0.132
1969,0.046
1970,0.046
1971,-0.208
1972,-0.081
1973,0.007
1974,-0.156
1975,-0.278
1976,-0.225
1977,-0.032
1978,-0.022
1979,-0.183
1980,-0.254
1981,0.044
1982,-0.015
1983,-0.122
1984,-0.049
1985,-0.129
1986,-0.159
1987,-0.127
1988,-0.071
1989,-0.112
1990,-0.029
1991,-0.195
1992,-0.142
1993,-0.088
1994,-0.208
1995,-0.129
1996,0.01
1997,-0.237
1998,-0.264
1999,-0.063
2000,-0.112
2001,0.042
2002,-0.117
2003,-0.142
2004,-0.083
2005,0.002
2006,-0.032
2007,-0.093
2008,-0.1
2009,-0.164
2010,-0.034
2011,-0.217
2012,-0.151
2013,-0.024
2014,-0.066
2015,-0.125
2016,-0.168
2017,-0.117
2018,-0.061
2019,-0.015
2020,-0.225
2021,0.024
2022,-0.181
2023,-0.198
2024,-0.159
2025,-0.229
2026,-0.022
2027,-0.007
2028,-0.315
2029,-0.161
2030,0.078
2031,-0.183
2032,-0.217
2033,-0.227
2034,0.051
2035,-0.054
2036,-0.168
2037,-0.212
2038,0.051
2039,-0.317
2040,-0.203
2041,0.139
2042,-0.076
2043,-0.249
2044,0.0
2045,-0.056
2046,0.129
2047,-0.166
2048,-0.237
2049,0.293
2050,-0.044
2051,-0.234
2052,-0.037
2053,-0.322
2054,-0.11
2055,-0.098
2056,-0.186
2057,-0.171
2058,-0.303
2059,-0.391
2060,0.032
2061,-0.046
2062,-0.137
2063,0.044
2064,0.042
2065,-0.112
2066,-0.085
2067,-0.132
2068,-0.027
2069,0.005
2070,-0.149
2071,-0.315
2072,-0.054
2073,-0.034
2074,-0.293
2075,-0.115
2076,-0.049
2077,-0.422
2078,-0.237
2079,-0.049
2080,-0.024
2081,-0.259
2082,-0.042
2083,-0.291
2084,-0.176
2085,-0.249
2086,-0.288
2087,-0.181
2088,-0.059
2089,-0.032
2090,0.132
2091,-0.151
2092,0.085
2093,-0.112
2094,-0.303
2095,-0.239
2096,0.083
2097,-0.098
2098,-0.103
2099,-0.249
2100,-0.232
2101,-0.308
2102,-0.21
2103,-0.002
2104,0.093
2105,-0.11
2106,-0.015
2107,-0.002
2108,-0.173
2109,-0.063
2110,-0.09
2111,-0.093
2112,-0.173
2113,-0.173
2114,-0.186
2115,-0.054
2116,-0.12
2117,0.002
2118,-0.012
2119,-0.188
2120,0.012
2121,-0.071
2122,-0.183
2123,-0.12
2124,0.007
2125,-0.115
2126,-0.061
2127,-0.142
2128,-0.051
2129,-0.3
2130,-0.234
2131,-0.088
2132,0.015
2133,-0.095
2134,-0.032
2135,-0.156
2136,-0.171
2137,-0.061
2138,-0.173
2139,-0.244
2140,0.098
2141,-0.259
2142,-0.273
2143,-0.022
2144,-0.151
2145,-0.312
2146,-0.032
2147,-0.117
2148,-0.198
2149,-0.085
2150,-0.144
2151,-0.256
2152,-0.281
2153,-0.19
2154,-0.149
2155,-0.076
2156,-0.291
2157,-0.171
2158,-0.144
2159,-0.232
2160,-0.188
2161,-0.059
2162,-0.09
2163,-0.117
2164,-0.002
2165,0.007
2166,-0.081
2167,-0.168
2168,-0.237
2169,-0.042
2170,0.032
2171,-0.168
2172,-0.132
2173,-0.056
2174,-0.198
2175,-0.117
2176,-0.081
2177,-0.081
2178,-0.139
2179,-0.195
2180,-0.007
2181,-0.063
2182,-0.159
2183,-0.261
2184,-0.115
2185,-0.068
2186,-0.288
2187,0.022
2188,-0.078
2189,-0.071
2190,-0.159
2191,-0.02
2192,-0.176
2193,-0.322
2194,-0.005
2195,-0.061
2196,-0.176
2197,-0.046
2198,-0.164
2199,-0.283
2200,-0.159
2201,-0.132
2202,-0.098
2203,-0.125
2204,0.005
2205,-0.227
2206,-0.1
2207,0.054
2208,-0.188
2209,-0.266
2210,-0.046
2211,-0.129
2212,-0.171
2213,-0.093
2214,-0.105
2215,-0.229
2216,-0.259
2217,-0.01
2218,-0.093
2219,-0.237
2220,-0.125
2221,0.117
2222,-0.339
2223,-0.166
2224,0.085
2225,0.0
2226,-0.088
2227,-0.02
2228,-0.208
2229,-0.061
2230,-0.059
2231,-0.024
2232,-0.186
2233,-0.054
2234,-0.095
2235,-0.002
2236,-0.193
2237,-0.359
2238,-0.071
2239,0.029
2240,-0.098
2241,-0.071
2242,-0.117
2243,-0.022
2244,0.02
2245,-0.322
2246,-0.266
2247,-0.017
2248,-0.044
2249,-0.208
2250,-0.017
2251,0.063
2252,-0.227
2253,-0.254
2254,-0.005
2255,0.034
2256,-0.127
2257,-0.271
2258,-0.173
2259,-0.132
2260,-0.247
2261,-0.017
2262,0.149
2263,0.164
2264,-0.056
2265,-0.247
2266,-0.056
2267,-0.032
2268,-0.227
2269,-0.261
2270,-0.039
2271,-0.076
2272,-0.117
2273,-0.208
2274,-0.271
2275,-0.247
2276,-0.283
2277,-0.046
2278,-0.144
2279,-0.188
2280,-0.308
2281,-0.215
2282,-0.159
2283,-0.034
2284,-0.115
2285,-0.11
2286,0.095
2287,-0.19
2288,-0.339
2289,0.095
2290,0.103
2291,-0.232
2292,-0.005
2293,-0.186
2294,-0.159
2295,0.125
2296,-0.269
2297,-0.183
2298,-0.159
2299,-0.154
2300,-0.178
2301,-0.093
2302,-0.388
2303,-0.027
2304,-0.083
2305,-0.237
2306,-0.01
2307,0.015
2308,-0.137
2309,-0.032
2310,-0.015
2311,-0.103
2312,0.049
2313,-0.212
2314,-0.264
2315,0.051
2316,-0.125
2317,-0.068
2318,-0.247
2319,-0.229
2320,-0.061
2321,0.061
2322,-0.371
2323,-0.061
2324,-0.115
2325,-0.081
2326,-0.083
2327,-0.107
2328,-0.112
2329,0.039
2330,0.093
2331,-0.193
2332,-0.068
2333,-0.259
2334,0.112
2335,-0.249
2336,-0.088
2337,-0.129
2338,-0.173
2339,-0.051
2340,-0.151
2341,-0.061
2342,-0.139
2343,-0.159
2344,0.081
2345,-0.078
2346,-0.427
2347,-0.156
2348,-0.046
2349,-0.112
2350,-0.005
2351,-0.115
2352,-0.239
2353,-0.166
2354,-0.12
2355,-0.364
2356,-0.061
2357,-0.112
2358,-0.234
2359,-0.181
2360,-0.149
2361,-0.076
2362,-0.088
2363,0.085
2364,-0.105
2365,0.007
2366,-0.112
2367,-0.027
2368,-0.12
2369,0.056
2370,-0.024
2371,0.134
2372,-0.166
2373,-0.117
2374,-0.049
2375,-0.098
2376,-0.039
2377,0.044
2378,-0.256
2379,-0.288
2380,0.154
2381,-0.139
2382,-0.178
2383,-0.105
2384,-0.015
2385,0.076
2386,0.178
2387,-0.173
2388,-0.144
2389,0.132
2390,-0.261
2391,-0.281
2392,0.076
2393,-0.098
2394,-0.256
2395,-0.41
2396,-0.376
2397,-0.249
2398,-0.205
2399,-0.339
2400,0.022
2401,-0.286
2402,-0.52
2403,-0.068
2404,0.12
2405,-0.061
2406,-0.103
2407,-0.02
2408,-0.054
2409,-0.027
2410,-0.203
2411,0.1
2412,0.007
2413,-0.103
2414,-0.095
2415,-0.044
2416,-0.269
2417,-0.205
2418,-0.122
2419,-0.049
2420,-0.029
2421,-0.078
2422,-0.071
2423,-0.286
2424,-0.21
2425,-0.027
2426,-0.198
2427,-0.203
2428,-0.017
2429,-0.002
2430,-0.186
2431,-0.32
2432,-0.139
2433,-0.076
2434,-0.186
2435,-0.222
2436,-0.132
2437,-0.19
2438,-0.093
2439,-0.103
2440,-0.125
2441,-0.205
2442,-0.159
2443,-0.103
2444,0.11
2445,-0.129
2446,-0.195
2447,0.039
2448,-0.293
2449,-0.076
2450,0.083
2451,-0.12
2452,-0.244
2453,-0.063
2454,-0.144
2455,-0.032
2456,-0.251
2457,-0.327
2458,0.005
2459,-0.083
2460,-0.139
2461,-0.154
2462,-0.11
2463,-0.237
2464,-0.269
2465,-0.01
2466,-0.029
2467,-0.422
2468,-0.034
2469,0.005
2470,-0.093
2471,-0.105
2472,-0.144
2473,0.017
2474,-0.046
2475,-0.078
2476,-0.09
2477,0.107
2478,-0.186
2479,-0.132
2480,-0.039
2481,-0.225
2482,-0.239
2483,-0.22
2484,-0.076
2485,-0.029
2486,-0.11
2487,-0.237
2488,0.005
2489,-0.078
2490,-0.081
2491,0.11
2492,-0.034
2493,-0.042
2494,-0.039
2495,0.002
2496,-0.063
2497,-0.125
2498,-0.173
2499,-0.063
2500,-0.132
2501,-0.205
2502,-0.12
2503,-0.137
2504,-0.225
2505,-0.183
2506,-0.088
2507,-0.176
2508,-0.005
2509,-0.127
2510,-0.19
2511,0.034
2512,-0.071
2513,-0.142
2514,-0.139
2515,-0.12
2516,-0.166
2517,-0.054
2518,-0.205
2519,-0.21
2520,-0.271
2521,-0.208
2522,-0.115
2523,-0.212
2524,-0.342
2525,-0.151
2526,-0.039
2527,-0.298
2528,-0.044
2529,-0.015
2530,-0.173
2531,0.029
2532,-0.017
2533,-0.056
2534,-0.134
2535,0.073
2536,0.044
2537,-0.12
2538,-0.166
2539,-0.022
2540,0.022
2541,-0.127
2542,-0.117
2543,-0.222
2544,-0.22
2545,-0.151
2546,-0.164
2547,-0.215
2548,-0.122
2549,-0.056
2550,0.049
2551,-0.161
2552,-0.413
2553,-0.105
2554,0.012
2555,-0.225
2556,-0.059
2557,-0.134
2558,-0.444
2559,0.051
2560,-0.054
2561,-0.381
2562,-0.188
2563,0.059
2564,-0.117
2565,0.007
2566,0.149
2567,-0.237
2568,-0.188
2569,0.046
2570,0.137
2571,0.117
2572,-0.164
2573,-0.12
2574,0.002
2575,-0.117
2576,-0.149
2577,-0.076
2578,-0.144
2579,-0.073
2580,-0.173
2581,-0.266
2582,-0.12
2583,-0.039
2584,-0.215
2585,-0.09
2586,-0.132
2587,-0.151
2588,-0.081
2589,-0.002
2590,-0.032
2591,-0.039
2592,-0.156
2593,-0.061
2594,-0.154
2595,-0.215
2596,-0.208
2597,-0.061
2598,-0.059
2599,-0.156
2600,-0.264
2601,-0.061
2602,0.015
2603,-0.029
2604,-0.103
2605,-0.02
2606,-0.09
2607,-0.178
2608,-0.132
2609,-0.078
2610,-0.193
2611,-0.073
2612,0.063
2613,0.01
2614,-0.146
2615,-0.098
2616,-0.068
2617,0.117
2618,-0.024
2619,-0.286
2620,-0.247
2621,-0.051
2622,-0.112
2623,-0.12
2624,-0.264
2625,-0.19
2626,-0.071
2627,-0.144
2628,-0.273
2629,-0.264
2630,-0.144
2631,-0.063
2632,-0.085
2633,-0.142
2634,-0.076
2635,-0.073
2636,-0.063
2637,-0.073
2638,-0.178
2639,-0.212
2640,-0.208
2641,-0.063
2642,-0.098
2643,-0.093
2644,-0.217
2645,0.112
2646,0.137
2647,-0.078
2648,-0.198
2649,-0.107
2650,-0.129
2651,-0.061
2652,0.012
2653,0.061
2654,-0.027
2655,-0.076
2656,-0.051
2657,-0.037
2658,-0.139
2659,-0.166
2660,-0.032
2661,-0.01
2662,-0.159
2663,-0.208
2664,-0.134
2665,-0.085
2666,-0.273
2667,-0.125
2668,-0.005
2669,-0.022
2670,-0.032
2671,-0.354
2672,-0.225
2673,-0.144
2674,-0.229
2675,-0.244
2676,-0.068
2677,-0.132
2678,-0.225
2679,-0.264
2680,-0.225
2681,-0.166
2682,-0.154
2683,0.012
2684,0.063
2685,-0.266
2686,-0.322
2687,0.046
2688,0.027
2689,-0.154
2690,-0.159
2691,-0.146
2692,-0.19
2693,-0.117
2694,-0.02
2695,0.051
2696,-0.024
2697,-0.076
2698,-0.005
2699,-0.176
2700,-0.215
2701,-0.073
2702,-0.059
2703,-0.139
2704,-0.044
2705,-0.073
2706,-0.178
2707,-0.261
2708,-0.061
2709,-0.012
2710,-0.122
2711,-0.22
2712,-0.161
2713,-0.1
2714,-0.122
2715,-0.146
2716,-0.146
2717,-0.051
2718,-0.208
2719,-0.259
2720,-0.032
2721,-0.217
2722,-0.144
2723,-0.085
2724,-0.344
2725,-0.122
2726,-0.061
2727,-0.027
2728,-0.232
2729,-0.115
2730,-0.1
2731,0.068
2732,0.149
2733,0.034
2734,-0.134
2735,-0.364
2736,-0.144
2737,-0.02
2738,-0.156
2739,-0.066
2740,-0.012
2741,-0.273
2742,-0.144
2743,-0.168
2744,-0.164
2745,-0.002
2746,-0.1
2747,-0.244
2748,-0.188
2749,-0.103
2750,-0.134
2751,-0.146
2752,-0.232
2753,-0.186
2754,-0.142
2755,-0.005
2756,-0.002
2757,-0.061
2758,-0.186
2759,-0.027
2760,0.027
2761,-0.083
2762,-0.205
2763,-0.134
2764,-0.168
2765,-0.164
2766,-0.334
2767,-0.149
2768,-0.317
2769,-0.337
2770,0.164
2771,-0.149
2772,-0.239
2773,0.063
2774,0.151
2775,-0.063
2776,-0.271
2777,0.061
2778,-0.186
2779,-0.369
2780,-0.098
2781,-0.107
2782,-0.315
2783,-0.278
2784,-0.154
2785,-0.044
2786,-0.149
2787,-0.244
2788,-0.193
2789,-0.164
2790,-0.247
2791,-0.11
2792,-0.217
2793,-0.254
2794,-0.012
2795,0.044
2796,-0.198
2797,-0.315
2798,-0.242
2799,0.042
2800,-0.005
2801,-0.188
2802,-0.127
2803,-0.127
2804,-0.269
2805,-0.103
2806,0.098
2807,-0.156
2808,0.032
2809,0.178
2810,-0.029
2811,-0.015
2812,-0.015
2813,0.139
2814,-0.037
2815,-0.115
2816,-0.098
2817,-0.005
2818,-0.11
2819,-0.117
2820,-0.33
2821,-0.249
2822,-0.327
2823,-0.129
2824,-0.142
2825,-0.271
2826,-0.33
2827,-0.239
2828,-0.12
2829,-0.127
2830,-0.061
2831,-0.081
2832,-0.015
2833,-0.059
2834,-0.305
2835,-0.115
2836,-0.022
2837,-0.093
2838,-0.142
2839,-0.132
2840,-0.19
2841,-0.176
2842,-0.068
2843,-0.139
2844,-0.149
2845,-0.239
2846,-0.2
2847,-0.205
2848,-0.237
2849,-0.261
2850,-0.12
2851,-0.151
2852,-0.156
2853,-0.107
2854,-0.073
2855,-0.032
2856,0.005
2857,0.042
2858,-0.12
2859,-0.115
2860,-0.173
2861,-0.061
2862,-0.183
2863,-0.217
2864,-0.095
2865,-0.073
2866,-0.19
2867,-0.188
2868,-0.066
2869,-0.225
2870,-0.144
2871,-0.125
2872,-0.12
2873,-0.151
2874,-0.103
2875,-0.085
2876,-0.032
2877,-0.11
2878,-0.132
2879,-0.239
2880,-0.151
2881,-0.017
2882,-0.159
2883,-0.22
2884,-0.181
2885,-0.249
2886,-0.2
2887,-0.151
2888,-0.149
2889,-0.144
2890,-0.132
2891,-0.171
2892,-0.156
2893,-0.098
2894,-0.129
2895,-0.193
2896,0.017
2897,-0.059
2898,-0.151
2899,-0.076
2900,0.117
2901,-0.061
2902,-0.186
2903,-0.183
2904,-0.039
2905,-0.034
2906,-0.078
2907,-0.181
2908,0.002
2909,-0.137
2910,-0.186
2911,-0.239
2912,-0.156
2913,-0.244
2914,-0.056
2915,0.005
2916,0.039
2917,-0.146
2918,-0.112
2919,-0.059
2920,-0.105
2921,-0.051
2922,-0.059
2923,-0.098
2924,-0.144
2925,-0.161
2926,-0.127
2927,-0.051
2928,-0.01
2929,-0.132
2930,-0.193
2931,-0.22
2932,-0.039
2933,-0.056
2934,-0.059
2935,0.081
2936,-0.098
2937,-0.215
2938,0.024
2939,-0.073
2940,0.12
2941,-0.183
2942,-0.208
2943,0.032
2944,-0.273
2945,-0.383
2946,-0.186
2947,0.071
2948,-0.076
2949,-0.215
2950,-0.295
2951,-0.107
2952,-0.056
2953,-0.168
2954,0.032
2955,0.051
2956,-0.32
2957,-0.129
2958,0.071
2959,-0.291
2960,-0.127
2961,-0.264
2962,-0.232
2963,-0.129
2964,-0.369
2965,-0.3
2966,-0.22
2967,-0.115
2968,-0.054
2969,-0.029
2970,-0.146
2971,-0.183
2972,-0.154
2973,-0.312
2974,-0.054
2975,-0.034
2976,-0.029
2977,-0.071
2978,-0.181
2979,-0.137
2980,0.032
2981,0.103
2982,-0.098
2983,-0.112
2984,-0.076
2985,-0.09
2986,-0.11
2987,0.032
2988,-0.132
2989,-0.347
2990,-0.137
2991,0.054
2992,-0.168
2993,-0.405
2994,-0.066
2995,-0.022
2996,-0.059
2997,-0.19
2998,-0.122
2999,-0.154
3000,0.007
3001,-0.022
3002,-0.144
3003,-0.312
3004,0.066
3005,0.01
3006,-0.112
3007,-0.305
3008,-0.227
3009,-0.017
3010,-0.149
3011,-0.237
3012,-0.244
3013,-0.068
3014,-0.032
3015,-0.332
3016,-0.332
3017,0.032
3018,0.049
3019,-0.178
3020,-0.059
3021,-0.227
3022,0.073
3023,0.144
3024,-0.039
3025,0.093
3026,0.076
3027,-0.093
3028,-0.164
3029,-0.007
3030,-0.251
3031,-0.205
3032,-0.078
3033,-0.081
3034,-0.264
3035,-0.315
3036,-0.188
3037,-0.051
3038,0.068
3039,0.039
3040,0.056
3041,-0.361
3042,-0.212
3043,-0.186
3044,0.051
3045,-0.151
3046,-0.264
3047,-0.149
3048,-0.02
3049,-0.154
3050,-0.171
3051,-0.095
3052,-0.286
3053,-0.193
3054,-0.117
3055,0.159
3056,-0.044
3057,-0.12
3058,-0.164
3059,-0.291
3060,0.015
3061,0.01
3062,0.056
3063,-0.073
3064,-0.161
3065,-0.266
3066,-0.127
3067,-0.151
3068,-0.063
3069,0.083
3070,-0.156
3071,-0.198
3072,-0.127
3073,-0.125
3074,-0.159
3075,-0.059
3076,-0.229
3077,0.029
3078,-0.054
3079,-0.215
3080,0.054
3081,-0.039
3082,-0.203
3083,-0.212
3084,-0.105
3085,-0.146
3086,-0.156
3087,-0.217
3088,-0.059
3089,-0.015
3090,-0.244
3091,-0.117
3092,-0.11
3093,-0.193
3094,-0.232
3095,0.02
3096,-0.073
3097,-0.132
3098,-0.081
3099,-0.146
3100,-0.125
3101,-0.142
3102,0.022
3103,-0.032
3104,-0.154
3105,-0.217
3106,0.032
3107,-0.129
3108,-0.186
3109,-0.085
3110,-0.195
3111,-0.256
3112,-0.259
3113,-0.352
3114,-0.271
3115,-0.027
3116,-0.176
3117,-0.068
3118,-0.056
3119,-0.198
3120,-0.151
3121,0.042
3122,0.005
3123,-0.024
3124,-0.007
3125,-0.176
3126,-0.039
3127,-0.303
3128,-0.261
3129,-0.081
3130,-0.066
3131,-0.217
3132,-0.327
3133,-0.154
3134,-0.059
3135,-0.198
3136,-0.454
3137,-0.171
3138,-0.032
3139,-0.012
3140,-0.049
3141,-0.076
3142,-0.083
3143,0.002
3144,-0.024
3145,-0.212
3146,-0.144
3147,-0.276
3148,-0.369
3149,0.0
3150,0.083
3151,-0.264
3152,-0.166
3153,0.1
3154,-0.166
3155,-0.198
3156,-0.061
3157,0.049
3158,-0.017
3159,-0.146
3160,-0.247
3161,-0.042
3162,-0.144
3163,-0.054
3164,0.159
3165,-0.061
3166,-0.208
3167,-0.305
3168,-0.051
3169,0.007
3170,-0.144
3171,-0.139
3172,-0.051
3173,-0.125
3174,-0.193
3175,-0.044
3176,-0.144
3177,-0.122
3178,-0.186
3179,-0.093
3180,-0.173
3181,0.022
3182,-0.232
3183,-0.215
3184,-0.103
3185,-0.129
3186,-0.127
3187,-0.085
3188,0.051
3189,0.022
3190,-0.083
3191,-0.164
3192,-0.005
3193,-0.154
3194,-0.161
3195,-0.115
3196,-0.139
3197,-0.127
3198,-0.005
3199,-0.085
3200,-0.151
3201,-0.142
3202,-0.127
3203,-0.09
3204,-0.081
3205,-0.166
3206,-0.125
3207,-0.027
3208,-0.115
3209,-0.044
3210,-0.022
3211,-0.168
3212,-0.264
3213,-0.154
3214,-0.071
3215,-0.12
3216,-0.042
3217,-0.081
3218,-0.173
3219,-0.195
3220,-0.273
3221,-0.017
3222,-0.122
3223,-0.117
3224,-0.022
3225,0.071
3226,-0.283
3227,-0.186
3228,-0.078
3229,-0.164
3230,-0.107
3231,-0.154
3232,-0.181
3233,-0.037
3234,-0.081
3235,-0.195
3236,-0.066
3237,-0.034
3238,-0.103
3239,-0.129
3240,-0.049
3241,-0.081
3242,-0.159
3243,0.037
3244,-0.12
3245,-0.2
3246,-0.293
3247,-0.176
3248,-0.039
3249,-0.151
3250,-0.168
3251,-0.076
3252,-0.127
3253,-0.217
3254,-0.105
3255,-0.251
3256,-0.073
3257,-0.125
3258,-0.164
3259,-0.168
3260,-0.071
3261,0.0
3262,-0.085
3263,-0.198
3264,-0.078
3265,0.078
3266,-0.146
3267,-0.032
3268,-0.11
3269,-0.076
3270,-0.059
3271,-0.068
3272,-0.078
3273,-0.164
3274,-0.227
3275,-0.286
3276,-0.066
3277,-0.088
3278,0.017
3279,-0.12
3280,-0.125
3281,-0.254
3282,-0.127
3283,-0.098
3284,-0.022
3285,-0.063
3286,-0.312
3287,-0.347
3288,-0.266
3289,-0.168
3290,-0.205
3291,-0.007
3292,-0.261
3293,-0.349
3294,-0.249
3295,-0.068
3296,-0.034
3297,-0.215
3298,-0.176
3299,-0.139
3300,-0.068
3301,-0.142
3302,0.005
3303,-0.012
3304,-0.266
3305,-0.249
3306,-0.232
3307,-0.122
3308,-0.159
3309,-0.044
3310,-0.017
3311,-0.22
3312,-0.159
3313,-0.054
3314,-0.017
3315,-0.117
3316,-0.1
3317,-0.024
3318,0.0
3319,-0.273
3320,-0.173
3321,-0.061
3322,-0.164
3323,-0.125
3324,-0.01
3325,-0.09
3326,-0.342
3327,-0.237
3328,-0.039
3329,0.059
3330,-0.21
3331,-0.247
3332,-0.369
3333,-0.339
3334,-0.149
3335,-0.112
3336,-0.195
3337,-0.115
3338,0.1
3339,-0.076
3340,-0.266
3341,-0.271
3342,0.085
3343,-0.093
3344,-0.103
3345,-0.005
3346,0.054
3347,-0.09
3348,-0.159
3349,0.081
3350,-0.117
3351,-0.215
3352,-0.112
3353,-0.144
3354,-0.256
3355,-0.122
3356,-0.137
3357,-0.137
3358,-0.129
3359,-0.178
3360,-0.02
3361,-0.1
3362,-0.112
3363,-0.129
3364,-0.134
3365,-0.156
3366,-0.203
3367,-0.151
3368,-0.19
3369,-0.156
3370,-0.232
3371,-0.059
3372,-0.151
3373,-0.21
3374,-0.21
3375,-0.227
3376,-0.205
3377,-0.261
3378,-0.149
3379,-0.237
3380,-0.049
3381,0.005
3382,0.049
3383,-0.112
3384,-0.112
3385,0.059
3386,-0.083
3387,-0.056
3388,-0.188
3389,-0.244
3390,-0.051
3391,-0.186
3392,-0.183
3393,0.022
3394,-0.337
3395,-0.281
3396,-0.007
3397,-0.22
3398,-0.181
3399,-0.029
3400,-0.122
3401,-0.229
3402,-0.208
3403,-0.144
3404,0.034
3405,-0.232
3406,-0.134
3407,0.139
3408,-0.085
3409,-0.283
3410,0.122
3411,-0.3
3412,-0.281
3413,-0.046
3414,-0.198
3415,-0.156
3416,-0.232
3417,-0.168
3418,-0.044
3419,-0.212
3420,-0.212
3421,-0.095
3422,-0.1
3423,-0.125
3424,0.251
3425,-0.012
3426,-0.22
3427,-0.01
3428,-0.12
3429,-0.164
3430,0.059
3431,-0.103
3432,-0.293
3433,0.063
3434,0.015
3435,-0.051
3436,-0.305
3437,-0.212
3438,0.005
3439,0.0
3440,-0.149
3441,-0.11
3442,-0.254
3443,-0.264
3444,-0.007
3445,-0.051
3446,-0.073
3447,-0.02
3448,0.112
3449,-0.093
3450,-0.227
3451,-0.178
3452,-0.146
3453,-0.107
3454,-0.205
3455,-0.195
3456,-0.249
3457,-0.183
3458,-0.227
3459,-0.117
3460,-0.103
3461,-0.061
3462,-0.005
3463,-0.144
3464,-0.137
3465,-0.061
3466,0.007
3467,-0.159
3468,-0.017
3469,-0.151
3470,0.029
3471,0.007
3472,-0.117
3473,-0.168
3474,-0.129
3475,-0.083
3476,-0.278
3477,-0.264
3478,-0.415
3479,-0.264
3480,-0.088
3481,-0.193
3482,-0.212
3483,-0.249
3484,-0.139
3485,-0.144
3486,-0.225
3487,-0.264
3488,-0.02
3489,-0.061
3490,-0.039
3491,-0.037
3492,-0.085
3493,-0.186
3494,0.044
3495,-0.012
3496,-0.159
3497,-0.095
3498,-0.066
3499,0.117
3500,-0.117
3501,-0.176
3502,-0.012
3503,-0.049
3504,-0.107
3505,-0.071
3506,-0.188
3507,-0.32
3508,-0.144
3509,-0.051
3510,-0.042
3511,-0.059
3512,-0.2
3513,-0.122
3514,-0.02
3515,-0.039
3516,-0.171
3517,-0.173
3518,-0.164
3519,-0.156
3520,-0.178
3521,-0.173
3522,-0.254
3523,0.037
3524,0.015
3525,-0.103
3526,-0.105
3527,-0.073
3528,0.002
3529,-0.042
3530,0.059
3531,-0.156
3532,-0.237
3533,-0.232
3534,-0.051
3535,-0.09
3536,-0.129
3537,-0.186
3538,-0.208
3539,-0.156
3540,-0.146
3541,-0.012
3542,-0.176
3543,-0.156
3544,-0.2
3545,-0.132
3546,-0.049
3547,-0.125
3548,-0.176
3549,-0.115
3550,-0.049
3551,-0.029
3552,0.012
3553,-0.295
3554,-0.171
3555,-0.134
3556,-0.037
3557,-0.181
3558,-0.012
3559,-0.127
3560,-0.305
3561,-0.229
3562,-0.171
3563,-0.271
3564,-0.269
3565,-0.01
3566,0.02
3567,-0.017
3568,-0.337
3569,-0.195
3570,-0.122
3571,-0.195
3572,-0.095
3573,-0.134
3574,-0.247
3575,-0.19
3576,-0.095
3577,-0.293
3578,-0.31
3579,-0.188
3580,0.002
3581,-0.002
3582,-0.171
3583,-0.288
3584,-0.176
3585,0.007
3586,-0.117
3587,-0.122
3588,-0.146
3589,-0.095
3590,-0.017
3591,0.015
3592,-0.12
3593,-0.01
3594,0.1
3595,-0.071
3596,-0.105
3597,-0.09
3598,-0.137
3599,-0.159
3600,-0.12
3601,-0.183
3602,-0.393
3603,-0.349
3604,-0.146
3605,-0.115
3606,-0.161
3607,-0.205
3608,-0.144
3609,0.044
3610,-0.217
3611,-0.12
3612,-0.085
3613,-0.151
3614,-0.266
3615,-0.383
3616,-0.61
3617,0.034
3618,-0.007
3619,-0.417
3620,-0.002
3621,-0.051
3622,-0.381
3623,0.083
3624,0.122
3625,-0.227
3626,-0.254
3627,-0.083
3628,-0.068
3629,0.054
3630,-0.178
3631,-0.156
3632,-0.068
3633,-0.068
3634,-0.137
3635,-0.071
3636,-0.068
3637,-0.085
3638,-0.01
3639,-0.107
3640,-0.327
3641,-0.264
3642,-0.217
3643,-0.295
3644,-0.212
3645,-0.061
3646,-0.276
3647,-0.183
3648,-0.09
3649,-0.039
3650,-0.071
3651,-0.054
3652,-0.088
3653,-0.039
3654,0.115
3655,-0.168
3656,-0.166
3657,-0.168
3658,-0.039
3659,-0.054
3660,-0.176
3661,-0.215
3662,-0.039
3663,-0.022
3664,-0.061
3665,-0.044
3666,-0.295
3667,-0.093
3668,-0.034
3669,-0.149
3670,-0.212
3671,-0.024
3672,-0.127
3673,-0.056
3674,-0.066
3675,-0.042
3676,-0.134
3677,-0.159
3678,0.054
3679,-0.024
3680,-0.215
3681,-0.203
3682,0.044
3683,-0.156
3684,-0.249
3685,-0.212
3686,0.017
3687,-0.105
3688,-0.227
3689,-0.166
3690,-0.09
3691,-0.139
3692,-0.31
3693,0.015
3694,-0.117
3695,-0.166
3696,-0.149
3697,0.076
3698,-0.093
3699,-0.286
3700,-0.166
3701,0.1
3702,-0.066
3703,-0.425
3704,-0.117
3705,0.015
3706,-0.339
3707,-0.171
3708,-0.103
3709,-0.225
3710,-0.2
3711,-0.12
3712,-0.09
3713,0.042
3714,-0.095
3715,-0.105
3716,0.042
3717,-0.244
3718,-0.293
3719,-0.178
3720,-0.19
3721,-0.249
3722,-0.1
3723,-0.171
3724,-0.078
3725,-0.146
3726,-0.366
3727,-0.215
3728,0.027
3729,0.068
3730,-0.176
3731,-0.105
3732,-0.115
3733,-0.107
3734,-0.066
3735,-0.09
3736,-0.212
3737,-0.046
3738,-0.134
3739,-0.193
3740,-0.278
3741,-0.464
3742,-0.254
3743,-0.161
3744,-0.203
3745,-0.144
3746,-0.186
3747,-0.234
3748,-0.125
3749,-0.144
3750,-0.205
3751,-0.132
3752,-0.103
3753,-0.203
3754,-0.042
3755,-0.022
3756,-0.112
3757,-0.122
3758,-0.12
3759,-0.061
3760,-0.19
3761,-0.317
3762,-0.112
3763,-0.002
3764,-0.144
3765,-0.195
3766,-0.034
3767,-0.193
3768,-0.203
3769,-0.149
3770,0.31
3771,-0.354
3772,-0.371
3773,0.046
3774,0.173
3775,-0.159
3776,-0.115
3777,0.051
3778,-0.01
3779,-0.383
3780,-0.178
3781,-0.056
3782,-0.122
3783,-0.261
3784,-0.166
3785,-0.171
3786,-0.134
3787,-0.234
3788,-0.098
3789,-0.039
3790,-0.083
3791,-0.205
3792,-0.149
3793,-0.11
3794,-0.022
3795,-0.149
3796,-0.098
3797,-0.037
3798,-0.01
3799,-0.034
3800,-0.11
3801,-0.125
3802,0.088
3803,-0.066
3804,-0.156
3805,-0.049
3806,-0.181
3807,-0.146
3808,-0.122
3809,0.015
3810,-0.127
3811,-0.337
3812,-0.295
3813,-0.061
3814,-0.173
3815,-0.222
3816,-0.21
3817,-0.083
3818,-0.12
3819,-0.276
3820,-0.066
3821,-0.154
3822,-0.225
3823,-0.127
3824,-0.012
3825,-0.21
3826,-0.149
3827,-0.051
3828,-0.139
3829,-0.09
3830,-0.156
3831,-0.232
3832,-0.173
3833,-0.1
3834,0.076
3835,0.029
3836,-0.168
3837,-0.132
3838,-0.071
3839,-0.112
3840,-0.117
3841,-0.151
3842,-0.071
3843,-0.127
3844,-0.229
3845,-0.063
3846,0.056
3847,0.015
3848,-0.212
3849,-0.02
3850,-0.139
3851,-0.283
3852,-0.171
3853,-0.029
3854,-0.173
3855,-0.117
3856,-0.044
3857,-0.134
3858,-0.156
3859,-0.112
3860,-0.142
3861,-0.054
3862,-0.266
3863,-0.239
3864,-0.002
3865,-0.09
3866,-0.066
3867,-0.007
3868,-0.095
3869,-0.051
3870,0.071
3871,-0.027
3872,-0.051
3873,-0.159
3874,-0.044
3875,-0.129
3876,-0.063
3877,0.039
3878,-0.085
3879,-0.117
3880,-0.166
3881,-0.088
3882,-0.254
3883,-0.21
3884,-0.063
3885,-0.032
3886,-0.21
3887,-0.022
3888,0.073
3889,-0.083
3890,-0.164
3891,-0.12
3892,0.005
3893,-0.176
3894,-0.361
3895,-0.107
3896,0.083
3897,-0.029
3898,-0.166
3899,-0.112
3900,-0.095
3901,-0.156
3902,-0.249
3903,-0.076
3904,-0.059
3905,-0.261
3906,-0.422
3907,-0.271
3908,-0.237
3909,-0.059
3910,0.076
3911,-0.154
3912,-0.054
3913,-0.085
3914,-0.054
3915,-0.029
3916,-0.098
3917,-0.176
3918,-0.034
3919,-0.01
3920,-0.173
3921,-0.168
3922,-0.081
3923,-0.181
3924,-0.291
3925,-0.002
3926,-0.032
3927,-0.068
3928,-0.139
3929,-0.178
3930,-0.066
3931,-0.085
3932,-0.112
3933,-0.166
3934,-0.193
3935,-0.037
3936,0.022
3937,-0.181
3938,-0.107
3939,-0.269
3940,-0.247
3941,-0.234
3942,-0.129
3943,-0.2
3944,-0.293
3945,-0.22
3946,-0.142
3947,-0.21
3948,-0.217
3949,0.034
3950,0.007
3951,-0.149
3952,-0.117
3953,-0.103
3954,-0.134
3955,-0.088
3956,-0.159
3957,-0.066
3958,-0.093
3959,-0.291
3960,-0.222
3961,-0.103
3962,-0.125
3963,-0.122
3964,-0.234
3965,-0.115
3966,-0.039
3967,-0.205
3968,-0.33
3969,-0.193
3970,0.081
3971,-0.139
3972,-0.061
3973,-0.095
3974,-0.105
3975,-0.137
3976,0.044
3977,-0.073
3978,-0.144
3979,-0.151
3980,0.063
3981,-0.015
3982,-0.159
3983,-0.256
3984,-0.054
3985,0.315
3986,-0.154
3987,-0.469
3988,-0.369
3989,-0.225
3990,0.198
3991,0.161
3992,0.017
3993,-0.071
3994,-0.02
3995,0.117
3996,0.024
3997,-0.32
3998,-0.139
3999,0.037
4000,-0.127
4001,-0.283
4002,-0.132
4003,-0.322
4004,-0.103
4005,-0.037
4006,-0.208
4007,0.139
4008,0.012
4009,-0.264
4010,-0.017
4011,-0.046
4012,-0.276
4013,-0.054
4014,-0.007
4015,-0.251
4016,-0.322
4017,-0.178
4018,-0.295
4019,-0.095
4020,-0.081
4021,-0.347
4022,-0.046
4023,-0.063
4024,-0.088
4025,-0.171
4026,-0.024
4027,-0.09
4028,-0.044
4029,-0.132
4030,-0.117
4031,0.015
4032,-0.461
4033,-0.391
4034,-0.129
4035,0.002
4036,-0.054
4037,-0.007
4038,0.068
4039,0.198
4040,-0.107
4041,-0.244
4042,0.029
4043,-0.1
4044,-0.117
4045,0.098
4046,0.007
4047,-0.354
4048,-0.066
4049,-0.103
4050,-0.107
4051,-0.066
4052,-0.232
4053,-0.088
4054,0.042
4055,-0.107
4056,-0.203
4057,0.073
4058,-0.132
4059,-0.256
4060,-0.259
4061,-0.063
4062,-0.203
4063,-0.334
4064,-0.154
4065,-0.166
4066,-0.037
4067,-0.256
4068,-0.303
4069,-0.046
4070,-0.203
4071,-0.012
4072,0.137
4073,-0.237
4074,-0.132
4075,0.071
4076,-0.337
4077,-0.134
4078,-0.1
4079,-0.115
4080,-0.203
4081,-0.217
4082,-0.193
4083,-0.151
4084,-0.1
4085,-0.291
4086,0.068
4087,-0.269
4088,-0.071
4089,-0.027
4090,-0.22
4091,-0.486
4092,-0.19
4093,0.032
4094,-0.056
4095,-0.088
4096,-0.198
4097,-0.098
4098,-0.432
4099,-0.166
4100,0.042
4101,-0.098
4102,-0.234
4103,0.081
4104,-0.259
4105,-0.237
4106,-0.049
4107,-0.068
4108,0.059
4109,-0.173
4110,-0.066
4111,-0.09
4112,0.034
4113,0.015
4114,-0.088
4115,-0.222
4116,-0.137
4117,0.049
4118,0.059
4119,-0.161
4120,-0.217
4121,-0.059
4122,-0.083
4123,-0.205
4124,-0.415
4125,-0.22
4126,-0.005
4127,-0.083
4128,-0.039
4129,-0.12
4130,-0.083
4131,-0.112
4132,0.054
4133,0.034
4134,-0.081
4135,-0.156
4136,-0.112
4137,-0.21
4138,-0.293
4139,-0.251
4140,-0.198
4141,0.027
4142,-0.085
4143,-0.178
4144,-0.137
4145,-0.137
4146,-0.083
4147,-0.076
4148,-0.288
4149,-0.132
4150,-0.049
4151,-0.039
4152,-0.098
4153,-0.305
4154,-0.237
4155,-0.02
4156,0.015
4157,-0.144
4158,-0.112
4159,-0.178
4160,-0.181
4161,0.027
4162,-0.146
4163,-0.342
4164,-0.269
4165,-0.217
4166,-0.237
4167,-0.2
4168,-0.217
4169,-0.183
4170,-0.198
4171,-0.239
4172,-0.09
4173,-0.168
4174,-0.271
4175,-0.125
4176,-0.134
4177,-0.254
4178,0.063
4179,-0.007
4180,-0.339
4181,-0.344
4182,-0.181
4183,-0.115
4184,-0.254
4185,-0.22
4186,-0.078
4187,-0.222
4188,-0.229
4189,-0.056
4190,-0.049
4191,-0.071
4192,0.042
4193,-0.161
4194,-0.059
4195,-0.229
4196,-0.149
4197,-0.059
4198,0.076
4199,-0.049
4200,0.032
4201,-0.127
4202,-0.352
4203,-0.107
4204,-0.059
4205,-0.427
4206,-0.295
4207,0.012
4208,-0.278
4209,-0.198
4210,-0.19
4211,-0.149
4212,-0.005
4213,0.012
4214,-0.095
4215,-0.112
4216,-0.071
4217,-0.22
4218,0.142
4219,0.046
4220,-0.21
4221,-0.142
4222,-0.09
4223,-0.21
4224,0.032
4225,0.039
4226,-0.176
4227,0.142
4228,-0.366
4229,-0.354
4230,-0.049
4231,-0.19
4232,-0.076
4233,0.012
4234,-0.107
4235,-0.022
4236,0.093
4237,-0.254
4238,-0.085
4239,0.027
4240,0.073
4241,-0.107
4242,-0.005
4243,-0.01
4244,-0.19
4245,-0.229
4246,-0.078
4247,-0.132
4248,-0.288
4249,-0.029
4250,-0.129
4251,-0.237
4252,-0.127
4253,-0.176
4254,-0.159
4255,-0.144
4256,-0.32
4257,-0.203
4258,-0.063
4259,-0.251
4260,0.068
4261,-0.159
4262,-0.251
4263,-0.183
4264,-0.161
4265,-0.42
4266,-0.295
4267,0.0
4268,-0.066
4269,-0.21
4270,-0.264
4271,0.02
4272,0.051
4273,-0.181
4274,-0.208
4275,-0.098
4276,0.044
4277,0.076
4278,-0.066
4279,-0.103
4280,-0.164
4281,-0.239
4282,-0.027
4283,-0.09
4284,-0.122
4285,-0.083
4286,-0.027
4287,-0.103
4288,-0.166
4289,-0.154
4290,-0.217
4291,0.039
4292,-0.085
4293,-0.154
4294,-0.139
4295,-0.132
4296,-0.122
4297,-0.061
4298,-0.183
4299,-0.168
4300,-0.112
4301,-0.195
4302,-0.134
4303,-0.303
4304,-0.173
4305,-0.178
4306,-0.142
4307,-0.142
4308,-0.103
4309,-0.188
4310,0.017
4311,0.081
4312,-0.012
4313,-0.154
4314,-0.164
4315,-0.061
4316,-0.11
4317,0.017
4318,-0.046
4319,-0.315
4320,-0.259
4321,-0.103
4322,-0.115
4323,-0.073
4324,-0.127
4325,-0.339
4326,-0.078
4327,-0.164
4328,-0.273
4329,0.034
4330,-0.029
4331,-0.359
4332,-0.19
4333,-0.09
4334,-0.068
4335,-0.146
4336,-0.266
4337,-0.105
4338,0.005
4339,0.027
4340,-0.007
4341,-0.042
4342,-0.251
4343,-0.195
4344,-0.225
4345,-0.029
4346,0.137
4347,-0.103
4348,-0.269
4349,-0.093
4350,0.042
4351,-0.149
4352,-0.02
4353,-0.037
4354,0.09
4355,0.081
4356,-0.144
4357,-0.051
4358,-0.21
4359,-0.117
4360,-0.005
4361,0.039
4362,-0.178
4363,-0.31
4364,-0.024
4365,-0.029
4366,-0.051
4367,-0.1
4368,-0.112
4369,-0.164
4370,-0.137
4371,-0.281
4372,-0.061
4373,-0.059
4374,-0.049
4375,-0.054
4376,-0.195
4377,-0.061
4378,-0.1
4379,0.076
4380,0.056
4381,-0.383
4382,-0.43
4383,0.105
4384,0.027
4385,-0.378
4386,-0.088
4387,0.222
4388,-0.01
4389,-0.388
4390,-0.11
4391,0.005
4392,-0.044
4393,-0.022
4394,-0.146
4395,-0.146
4396,-0.083
4397,0.029
4398,-0.068
4399,-0.264
4400,-0.21
4401,-0.059
4402,-0.059
4403,-0.01
4404,-0.032
4405,-0.244
4406,-0.171
4407,-0.049
4408,-0.061
4409,-0.271
4410,-0.061
4411,-0.049
4412,-0.054
4413,-0.037
4414,0.039
4415,-0.012
4416,-0.024
4417,-0.049
4418,-0.088
4419,-0.076
4420,-0.222
4421,-0.142
4422,-0.063
4423,-0.088
4424,-0.142
4425,-0.063
4426,-0.144
4427,-0.068
4428,-0.176
4429,-0.056
4430,0.032
4431,-0.068
4432,-0.115
4433,-0.027
4434,-0.01
4435,-0.112
4436,-0.122
4437,-0.061
4438,-0.032
4439,-0.242
4440,-0.132
4441,-0.046
4442,-0.249
4443,-0.078
4444,-0.037
4445,-0.012
4446,-0.31
4447,-0.173
4448,-0.105
4449,-0.156
4450,-0.161
4451,-0.027
4452,0.1
4453,-0.105
4454,-0.212
4455,-0.105
4456,-0.037
4457,-0.139
4458,-0.039
4459,-0.054
4460,-0.098
4461,-0.149
4462,-0.129
4463,-0.117
4464,-0.103
4465,-0.095
4466,-0.276
4467,-0.186
4468,-0.205
4469,-0.059
4470,-0.095
4471,-0.305
4472,-0.312
4473,-0.193
4474,-0.122
4475,-0.046
4476,-0.061
4477,-0.215
4478,0.0
4479,0.037
4480,-0.149
4481,-0.21
4482,-0.107
4483,-0.056
4484,-0.166
4485,-0.222
4486,-0.21
4487,-0.176
4488,-0.093
4489,-0.161
4490,-0.083
4491,-0.154
4492,-0.19
4493,0.027
4494,-0.215
4495,-0.298
4496,-0.217
4497,0.049
4498,0.093
4499,-0.085
4500,-0.105
4501,-0.1
4502,-0.212
4503,-0.166
4504,-0.181
4505,-0.183
4506,-0.154
4507,-0.122
4508,-0.247
4509,-0.012
4510,-0.176
4511,-0.259
4512,-0.137
4513,-0.154
4514,-0.19
4515,-0.056
4516,-0.049
4517,-0.283
4518,-0.068
4519,0.039
4520,-0.051
4521,-0.176
4522,-0.122
4523,-0.203
4524,-0.078
4525,-0.291
4526,-0.195
4527,-0.027
4528,-0.01
4529,-0.007
4530,-0.081
4531,-0.059
4532,-0.017
4533,-0.09
4534,-0.261
4535,0.039
4536,0.049
4537,-0.12
4538,-0.127
4539,0.076
4540,0.044
4541,-0.183
4542,-0.188
4543,-0.059
4544,0.034
4545,-0.078
4546,-0.11
4547,-0.103
4548,-0.212
4549,-0.137
4550,-0.281
4551,-0.264
4552,-0.059
4553,-0.083
4554,-0.232
4555,-0.046
4556,0.051
4557,-0.151
4558,-0.059
4559,0.024
4560,-0.005
4561,-0.071
4562,-0.042
4563,-0.173
4564,-0.093
4565,-0.103
4566,-0.168
4567,-0.271
4568,-0.134
4569,-0.247
4570,-0.2
4571,-0.068
4572,-0.02
4573,-0.322
4574,-0.305
4575,-0.103
4576,-0.037
4577,-0.229
4578,-0.078
4579,-0.039
4580,-0.144
4581,-0.203
4582,-0.127
4583,-0.083
4584,-0.254
4585,-0.112
4586,-0.017
4587,-0.259
4588,-0.146
4589,-0.005
4590,-0.117
4591,-0.171
4592,-0.129
4593,0.051
4594,0.276
4595,-0.012
4596,-0.171
4597,0.005
4598,0.056
4599,-0.193
4600,-0.168
4601,-0.171
4602,-0.066
4603,-0.151
4604,-0.181
4605,-0.127
4606,-0.085
4607,-0.225
4608,-0.337
4609,-0.125
4610,-0.273
4611,-0.256
4612,-0.088
4613,-0.02
4614,-0.024
4615,-0.083
4616,-0.024
4617,0.078
4618,-0.176
4619,-0.098
4620,-0.002
4621,-0.01
4622,-0.1
4623,-0.098
4624,-0.115
4625,-0.181
4626,-0.098
4627,-0.063
4628,-0.159
4629,-0.151
4630,-0.059
4631,-0.056
4632,-0.264
4633,-0.3
4634,-0.217
4635,-0.051
4636,-0.129
4637,0.085
4638,-0.088
4639,-0.19
4640,-0.242
4641,-0.076
4642,-0.098
4643,-0.112
4644,-0.007
4645,-0.144
4646,-0.22
4647,-0.142
4648,0.027
4649,-0.195
4650,-0.298
4651,-0.19
4652,-0.068
4653,-0.02
4654,-0.254
4655,-0.178
4656,0.049
4657,-0.212
4658,-0.334
4659,0.046
4660,0.117
4661,-0.176
4662,-0.095
4663,-0.232
4664,-0.137
4665,-0.142
4666,-0.144
4667,-0.186
4668,-0.142
4669,-0.305
4670,-0.063
4671,0.029
4672,-0.159
4673,-0.229
4674,-0.195
4675,-0.222
4676,-0.071
4677,-0.164
4678,-0.325
4679,-0.066
4680,-0.12
4681,0.085
4682,0.122
4683,0.015
4684,-0.017
4685,0.129
4686,-0.071
4687,-0.083
4688,-0.12
4689,-0.354
4690,-0.027
4691,-0.09
4692,-0.19
4693,-0.103
4694,-0.1
4695,-0.115
4696,-0.098
4697,-0.19
4698,-0.239
4699,-0.105
4700,-0.112
4701,-0.12
4702,-0.215
4703,-0.244
4704,-0.195
4705,-0.007
4706,-0.068
4707,-0.005
4708,-0.032
4709,-0.103
4710,-0.093
4711,-0.217
4712,-0.034
4713,-0.071
4714,-0.242
4715,-0.249
4716,-0.017
4717,-0.117
4718,-0.063
4719,0.061
4720,-0.037
4721,0.029
4722,-0.078
4723,-0.112
4724,-0.034
4725,-0.015
4726,-0.051
4727,-0.085
4728,-0.061
4729,-0.156
4730,-0.098
4731,-0.178
4732,0.027
4733,-0.068
4734,-0.171
4735,-0.144
4736,-0.066
4737,-0.088
4738,-0.11
4739,-0.083
4740,-0.085
4741,-0.085
4742,-0.278
4743,-0.066
4744,-0.095
4745,-0.178
4746,-0.349
4747,-0.317
4748,-0.183
4749,-0.1
4750,-0.063
4751,-0.173
4752,-0.168
4753,-0.386
4754,-0.303
4755,-0.037
4756,-0.042
4757,-0.088
4758,-0.127
4759,-0.085
4760,0.103
4761,-0.039
4762,-0.049
4763,-0.085
4764,-0.161
4765,-0.007
4766,-0.02
4767,-0.225
4768,-0.232
4769,-0.068
4770,-0.146
4771,-0.161
4772,-0.164
4773,-0.264
4774,-0.21
4775,-0.212
4776,-0.081
4777,0.02
4778,-0.217
4779,-0.295
4780,-0.127
4781,-0.295
4782,-0.022
4783,0.122
4784,-0.261
4785,-0.256
4786,0.015
4787,-0.168
4788,-0.239
4789,-0.156
4790,0.027
4791,-0.051
4792,-0.312
4793,-0.259
4794,0.015
4795,-0.251
4796,-0.154
4797,0.208
4798,-0.029
4799,-0.171
4800,-0.049
4801,0.061
4802,-0.039
4803,-0.095
4804,-0.066
4805,0.005
4806,-0.09
4807,-0.115
4808,0.029
4809,-0.168
4810,-0.183
4811,-0.088
4812,-0.051
4813,-0.176
4814,-0.103
4815,-0.217
4816,-0.144
4817,0.005
4818,0.034
4819,-0.149
4820,-0.156
4821,0.046
4822,0.059
4823,-0.012
4824,-0.269
4825,-0.142
4826,-0.198
4827,-0.024
4828,-0.156
4829,-0.137
4830,-0.276
4831,-0.188
4832,-0.156
4833,0.01
4834,-0.229
4835,-0.19
4836,-0.212
4837,0.073
4838,0.076
4839,-0.166
4840,-0.149
4841,-0.015
4842,-0.083
4843,-0.217
4844,-0.066
4845,-0.176
4846,-0.156
4847,-0.129
4848,-0.244
4849,-0.051
4850,0.007
4851,-0.139
4852,-0.166
4853,-0.144
4854,-0.127
4855,0.007
4856,-0.137
4857,-0.029
4858,-0.024
4859,-0.254
4860,-0.1
4861,-0.103
4862,-0.239
4863,-0.269
4864,-0.088
4865,-0.359
4866,-0.085
4867,-0.007
4868,-0.164
4869,-0.037
4870,-0.105
4871,-0.039
4872,-0.093
4873,-0.222
4874,-0.215
4875,-0.112
4876,-0.061
4877,-0.056
4878,-0.134
4879,-0.159
4880,-0.039
4881,-0.125
4882,-0.046
4883,-0.134
4884,-0.095
4885,-0.107
4886,-0.039
4887,-0.012
4888,-0.266
4889,-0.164
4890,0.0
4891,-0.015
4892,-0.134
4893,-0.1
4894,-0.195
4895,-0.2
4896,-0.19
4897,-0.056
4898,-0.154
4899,-0.056
4900,-0.249
4901,-0.312
4902,0.076
4903,-0.073
4904,-0.127
4905,-0.115
4906,-0.164
4907,-0.103
4908,-0.291
4909,-0.244
4910,-0.046
4911,-0.173
4912,-0.144
4913,-0.21
4914,-0.298
4915,-0.178
4916,-0.117
4917,-0.02
4918,-0.01
4919,-0.02
4920,-0.186
4921,-0.208
4922,0.063
4923,0.181
4924,-0.188
4925,-0.325
4926,-0.046
4927,-0.076
4928,-0.112
4929,-0.107
4930,-0.159
4931,-0.266
4932,-0.144
4933,-0.12
4934,-0.132
4935,-0.203
4936,-0.264
4937,-0.142
4938,-0.378
4939,-0.151
4940,0.01
4941,-0.083
4942,-0.364
4943,0.144
4944,-0.032
4945,-0.398
4946,-0.229
4947,0.02
4948,-0.374
4949,-0.186
4950,-0.061
4951,-0.098
4952,-0.166
4953,-0.315
4954,-0.032
4955,-0.01
4956,-0.242
4957,0.034
4958,-0.161
4959,-0.3
4960,0.078
4961,0.071
4962,-0.293
4963,0.073
4964,-0.02
4965,-0.229
4966,0.059
4967,0.085
4968,-0.083
4969,-0.012
4970,-0.095
4971,-0.254
4972,0.049
4973,-0.171
4974,-0.017
4975,-0.107
4976,-0.234
4977,-0.107
4978,-0.225
4979,-0.081
4980,-0.093
4981,-0.242
4982,-0.369
4983,-0.12
4984,-0.303
4985,0.02
4986,0.115
4987,0.007
4988,0.11
4989,-0.159
4990,-0.193
4991,-0.171
4992,-0.166
4993,-0.049
4994,0.017
4995,-0.244
4996,-0.232
4997,-0.015
4998,-0.095
4999,0.007
5000,-0.125
5001,-0.166
5002,-0.056
5003,-0.054
5004,-0.188
5005,0.017
5006,-0.071
5007,0.027
5008,0.144
5009,-0.242
5010,-0.127
5011,0.0
5012,-0.217
5013,-0.156
5014,-0.068
5015,-0.186
5016,0.002
5017,-0.039
5018,-0.132
5019,-0.154
5020,-0.266
5021,-0.181
5022,0.112
5023,-0.076
5024,-0.396
5025,-0.042
5026,0.049
5027,-0.391
5028,-0.278
5029,-0.181
5030,-0.261
5031,-0.093
5032,-0.166
5033,-0.229
5034,-0.1
5035,-0.332
5036,-0.005
5037,-0.049
5038,-0.247
5039,0.029
5040,-0.051
5041,-0.154
5042,0.059
5043,0.037
5044,-0.146
5045,-0.044
5046,-0.171
5047,-0.222
5048,-0.044
5049,-0.242
5050,-0.09
5051,-0.005
5052,-0.332
5053,-0.142
5054,0.059
5055,-0.19
5056,-0.139
5057,0.002
5058,0.129
5059,-0.017
5060,-0.173
5061,-0.115
5062,-0.203
5063,-0.093
5064,-0.071
5065,-0.137
5066,-0.085
5067,-0.103
5068,-0.129
5069,-0.256
5070,0.049
5071,-0.105
5072,-0.349
5073,-0.2
5074,0.054
5075,-0.063
5076,-0.117
5077,-0.261
5078,-0.156
5079,-0.132
5080,0.034
5081,0.09
5082,-0.232
5083,-0.217
5084,0.024
5085,0.002
5086,-0.076
5087,-0.11
5088,-0.251
5089,-0.034
5090,-0.012
5091,-0.195
5092,-0.291
5093,-0.227
5094,0.007
5095,-0.098
5096,-0.083
5097,-0.264
5098,-0.156
5099,-0.093
5100,0.107
5101,-0.046
5102,-0.312
5103,-0.146
5104,-0.034
5105,-0.193
5106,-0.256
5107,0.063
5108,-0.056
5109,-0.032
5110,-0.391
5111,-0.396
5112,-0.103
5113,-0.188
5114,-0.171
5115,-0.112
5116,-0.066
5117,-0.322
5118,-0.039
5119,-0.022
5120,-0.081
5121,-0.208
5122,0.107
5123,-0.12
5124,-0.188
5125,-0.217
5126,-0.088
5127,-0.059
5128,-0.259
5129,-0.137
5130,-0.266
5131,-0.154
5132,0.02
5133,-0.076
5134,-0.134
5135,-0.132
5136,-0.127
5137,-0.227
5138,-0.078
5139,-0.139
5140,-0.037
5141,-0.049
5142,-0.032
5143,0.071
5144,0.005
5145,-0.166
5146,-0.122
5147,-0.088
5148,-0.2
5149,-0.322
5150,-0.259
5151,-0.212
5152,-0.164
5153,-0.168
5154,-0.234
5155,-0.188
5156,-0.083
5157,-0.12
5158,0.007
5159,-0.098
5160,-0.09
5161,-0.054
5162,-0.068
5163,-0.178
5164,-0.056
5165,-0.017
5166,0.039
5167,0.007
5168,-0.154
5169,-0.059
5170,0.103
5171,0.022
5172,-0.21
5173,-0.227
5174,-0.227
5175,-0.317
5176,-0.154
5177,-0.198
5178,-0.239
5179,-0.303
5180,0.015
5181,-0.051
5182,-0.188
5183,-0.254
5184,0.034
5185,-0.034
5186,-0.115
5187,-0.261
5188,-0.251
5189,-0.095
5190,-0.154
5191,-0.254
5192,-0.305
5193,-0.137
5194,-0.125
5195,-0.215
5196,-0.044
5197,-0.142
5198,-0.156
5199,-0.232
5200,-0.093
5201,-0.015
5202,-0.161
5203,-0.266
5204,-0.022
5205,0.007
5206,-0.105
5207,0.037
5208,-0.01
5209,0.017
5210,-0.183
5211,-0.024
5212,-0.144
5213,-0.049
5214,-0.178
5215,-0.266
5216,-0.303
5217,-0.127
5218,-0.095
5219,-0.115
5220,-0.078
5221,-0.1
5222,-0.251
5223,-0.188
5224,0.002
5225,-0.071
5226,-0.264
5227,-0.283
5228,0.049
5229,-0.098
5230,-0.054
5231,-0.125
5232,-0.146
5233,-0.063
5234,-0.095
5235,-0.09
5236,-0.156
5237,-0.073
5238,-0.132
5239,-0.164
5240,-0.022
5241,-0.071
5242,-0.029
5243,-0.249
5244,-0.11
5245,-0.229
5246,-0.146
5247,0.039
5248,0.076
5249,-0.027
5250,-0.137
5251,-0.078
5252,-0.122
5253,-0.139
5254,-0.222
5255,-0.034
5256,-0.127
5257,-0.159
5258,-0.061
5259,-0.181
5260,-0.151
5261,-0.073
5262,-0.063
5263,-0.256
5264,-0.029
5265,-0.083
5266,0.027
5267,-0.078
5268,-0.139
5269,-0.159
5270,-0.173
5271,-0.071
5272,-0.061
5273,-0.139
5274,-0.281
5275,-0.02
5276,0.063
5277,0.127
5278,-0.164
5279,-0.144
5280,-0.081
5281,0.063
5282,-0.107
5283,-0.186
5284,0.015
5285,-0.195
5286,-0.132
5287,-0.129
5288,-0.046
5289,-0.186
5290,-0.115
5291,-0.027
5292,0.127
5293,-0.12
5294,-0.247
5295,0.022
5296,-0.107
5297,-0.054
5298,-0.151
5299,-0.066
5300,-0.249
5301,-0.093
5302,-0.117
5303,-0.215
5304,-0.095
5305,-0.168
5306,-0.1
5307,-0.173
5308,-0.249
5309,-0.142
5310,-0.188
5311,-0.071
5312,0.105
5313,-0.122
5314,-0.051
5315,-0.078
5316,-0.012
5317,-0.066
5318,-0.127
5319,-0.056
5320,-0.029
5321,-0.166
5322,-0.076
5323,-0.015
5324,-0.178
5325,-0.176
5326,0.022
5327,-0.076
5328,-0.083
5329,-0.093
5330,-0.149
5331,-0.022
5332,-0.073
5333,-0.115
5334,-0.056
5335,0.039
5336,-0.244
5337,-0.071
5338,-0.132
5339,-0.151
5340,-0.132
5341,-0.059
5342,-0.171
5343,-0.029
5344,-0.149
5345,-0.22
5346,-0.208
5347,-0.125
5348,-0.034
5349,-0.237
5350,-0.183
5351,-0.149
5352,-0.146
5353,-0.33
5354,-0.095
5355,-0.044
5356,-0.195
5357,-0.005
5358,-0.029
5359,-0.103
5360,-0.242
5361,-0.11
5362,-0.056
5363,0.063
5364,-0.149
5365,-0.151
5366,-0.098
5367,-0.117
5368,0.01
5369,-0.088
5370,-0.063
5371,-0.286
5372,-0.173
5373,-0.093
5374,-0.134
5375,-0.146
5376,-0.007
5377,0.176
5378,0.005
5379,-0.002
5380,-0.107
5381,0.159
5382,0.029
5383,-0.059
5384,-0.137
5385,-0.281
5386,-0.281
5387,-0.181
5388,-0.02
5389,-0.112
5390,-0.1
5391,-0.2
5392,-0.181
5393,-0.232
5394,-0.315
5395,-0.078
5396,-0.164
5397,-0.33
5398,-0.386
5399,-0.11
5400,-0.208
5401,0.049
5402,-0.059
5403,-0.049
5404,-0.122
5405,-0.042
5406,-0.281
5407,-0.046
5408,0.115
5409,-0.037
5410,-0.283
5411,-0.356
5412,0.112
5413,-0.078
5414,-0.146
5415,-0.056
5416,-0.022
5417,-0.317
5418,-0.037
5419,-0.002
5420,-0.222
5421,-0.188
5422,-0.105
5423,-0.164
5424,-0.398
5425,-0.078
5426,-0.037
5427,-0.061
5428,-0.132
5429,-0.066
5430,0.083
5431,-0.01
5432,-0.073
5433,-0.239
5434,-0.142
5435,-0.225
5436,-0.291
5437,-0.186
5438,-0.149
5439,-0.215
5440,-0.391
5441,-0.173
5442,-0.125
5443,-0.027
5444,0.017
5445,0.081
5446,-0.095
5447,0.11
5448,0.093
5449,-0.19
5450,-0.176
5451,-0.11
5452,-0.054
5453,-0.203
5454,-0.093
5455,-0.142
5456,-0.186
5457,-0.344
5458,-0.098
5459,-0.051
5460,-0.308
5461,-0.159
5462,-0.164
5463,-0.225
5464,-0.173
5465,0.066
5466,-0.146
5467,-0.098
5468,-0.039
5469,-0.024
5470,-0.095
5471,-0.129
5472,-0.276
5473,-0.127
5474,-0.037
5475,-0.142
5476,-0.203
5477,-0.261
5478,-0.381
5479,-0.295
5480,-0.054
5481,-0.112
5482,-0.144
5483,-0.122
5484,-0.103
5485,-0.068
5486,-0.078
5487,0.005
5488,-0.1
5489,0.107
5490,0.078
5491,0.012
5492,-0.222
5493,-0.225
5494,-0.142
5495,-0.027
5496,-0.007
5497,-0.352
5498,-0.195
5499,-0.01
5500,-0.2
5501,-0.21
5502,-0.039
5503,-0.027
5504,-0.139
5505,-0.032
5506,-0.225
5507,-0.12
5508,-0.088
5509,0.085
5510,-0.205
5511,-0.051
5512,-0.159
5513,-0.088
5514,-0.005
5515,-0.083
5516,-0.237
5517,-0.059
5518,-0.103
5519,-0.256
5520,-0.054
5521,-0.21
5522,-0.093
5523,-0.11
5524,-0.159
5525,-0.051
5526,-0.037
5527,0.222
5528,-0.193
5529,-0.029
5530,-0.234
5531,-0.107
5532,-0.11
5533,0.154
5534,-0.129
5535,-0.227
5536,-0.081
5537,0.002
5538,-0.156
5539,-0.308
5540,0.088
5541,0.051
5542,-0.332
5543,-0.259
5544,-0.012
5545,-0.129
5546,-0.142
5547,-0.044
5548,-0.081
5549,-0.146
5550,-0.276
5551,0.017
5552,-0.002
5553,0.051
5554,-0.259
5555,-0.105
5556,-0.12
5557,-0.183
5558,-0.161
5559,-0.137
5560,-0.11
5561,-0.315
5562,-0.283
5563,-0.181
5564,-0.1
5565,-0.247
5566,-0.151
5567,-0.01
5568,-0.159
5569,-0.259
5570,-0.093
5571,0.132
5572,-0.283
5573,-0.063
5574,-0.288
5575,-0.056
5576,0.09
5577,-0.276
5578,-0.144
5579,-0.017
5580,-0.195
5581,-0.369
5582,-0.11
5583,-0.166
5584,-0.056
5585,-0.183
5586,-0.229
5587,0.034
5588,0.051
5589,-0.21
5590,0.0
5591,0.046
5592,-0.229
5593,-0.125
5594,-0.159
5595,-0.017
5596,-0.183
5597,-0.261
5598,-0.103
5599,0.051
5600,0.01
5601,-0.093
5602,-0.071
5603,-0.276
5604,-0.139
5605,-0.288
5606,-0.156
5607,-0.046
5608,-0.178
5609,-0.142
5610,0.076
5611,-0.078
5612,-0.347
5613,-0.027
5614,-0.056
5615,-0.149
5616,-0.063
5617,-0.125
5618,-0.164
5619,-0.156
5620,-0.198
5621,-0.146
5622,-0.098
5623,-0.205
5624,-0.063
5625,-0.1
5626,-0.312
5627,-0.269
5628,0.02
5629,-0.205
5630,-0.212
5631,0.029
5632,-0.054
5633,-0.164
5634,-0.151
5635,-0.12
5636,-0.144
5637,-0.056
5638,-0.2
5639,-0.42
5640,-0.193
5641,-0.066
5642,-0.051
5643,-0.198
5644,-0.134
5645,-0.012
5646,0.042
5647,-0.264
5648,0.027
5649,0.068
5650,-0.127
5651,-0.146
5652,-0.059
5653,-0.017
5654,-0.012
5655,-0.129
5656,0.095
5657,0.085
5658,-0.303
5659,-0.339
5660,-0.085
5661,0.022
5662,-0.142
5663,-0.273
5664,-0.19
5665,-0.256
5666,-0.039
5667,-0.073
5668,-0.007
5669,-0.151
5670,-0.208
5671,-0.056
5672,-0.027
5673,-0.088
5674,-0.173
5675,-0.374
5676,0.022
5677,-0.1
5678,-0.393
5679,-0.2
5680,-0.159
5681,-0.317
5682,-0.044
5683,-0.071
5684,-0.09
5685,-0.242
5686,-0.183
5687,-0.125
5688,-0.051
5689,-0.269
5690,-0.19
5691,0.015
5692,0.034
5693,-0.029
5694,-0.098
5695,-0.066
5696,-0.01
5697,-0.066
5698,-0.173
5699,-0.061
5700,0.024
5701,-0.161
5702,-0.291
5703,-0.085
5704,-0.037
5705,-0.12
5706,-0.312
5707,-0.159
5708,0.039
5709,-0.32
5710,-0.298
5711,-0.037
5712,-0.117
5713,-0.146
5714,-0.168
5715,0.066
5716,0.044
5717,-0.151
5718,-0.186
5719,0.051
5720,-0.144
5721,-0.122
5722,0.054
5723,-0.083
5724,-0.247
5725,-0.161
5726,-0.129
5727,-0.154
5728,-0.149
5729,-0.144
5730,0.024
5731,-0.273
5732,-0.173
5733,-0.039
5734,-0.098
5735,-0.166
5736,-0.022
5737,0.107
5738,-0.068
5739,-0.093
5740,-0.054
5741,-0.088
5742,-0.112
5743,-0.22
5744,-0.007
5745,-0.193
5746,-0.251
5747,-0.151
5748,-0.024
5749,-0.188
5750,-0.156
5751,-0.144
5752,-0.054
5753,-0.137
5754,-0.178
5755,-0.149
5756,-0.205
5757,-0.103
5758,-0.01
5759,-0.037
5760,-0.073
5761,0.002
5762,-0.129
5763,-0.291
5764,-0.43
5765,0.173
5766,0.073
5767,-0.254
5768,-0.183
5769,-0.129
5770,-0.103
5771,-0.005
5772,0.154
5773,-0.046
5774,-0.203
5775,-0.146
5776,-0.073
5777,-0.049
5778,-0.076
5779,0.073
5780,-0.029
5781,-0.2
5782,-0.183
5783,-0.203
5784,-0.054
5785,-0.037
5786,-0.222
5787,-0.271
5788,-0.115
5789,-0.068
5790,-0.142
5791,-0.176
5792,-0.125
5793,-0.024
5794,-0.11
5795,-0.066
5796,-0.264
5797,-0.198
5798,-0.166
5799,-0.122
5800,-0.085
5801,-0.134
5802,-0.208
5803,-0.107
5804,-0.161
5805,-0.166
5806,-0.081
5807,-0.024
5808,-0.164
5809,-0.081
5810,-0.034
5811,0.02
5812,-0.078
5813,-0.125
5814,-0.049
5815,-0.044
5816,-0.144
5817,-0.12
5818,-0.107
5819,-0.002
5820,-0.149
5821,-0.11
5822,-0.227
5823,-0.271
5824,-0.1
5825,-0.117
5826,-0.071
5827,-0.166
5828,-0.166
5829,-0.088
5830,-0.171
5831,-0.176
5832,-0.19
5833,-0.127
5834,-0.178
5835,-0.034
5836,-0.181
5837,-0.149
5838,-0.146
5839,-0.022
5840,0.0
5841,-0.012
5842,-0.203
5843,-0.227
5844,-0.1
5845,-0.161
5846,-0.044
5847,0.078
5848,-0.051
5849,-0.312
5850,-0.09
5851,0.051
5852,0.083
5853,0.0
5854,-0.171
5855,-0.127
5856,-0.059
5857,-0.186
5858,-0.288
5859,-0.11
5860,-0.054
5861,-0.164
5862,-0.2
5863,-0.273
5864,-0.222
5865,-0.007
5866,-0.134
5867,-0.334
5868,-0.156
5869,-0.127
5870,-0.276
5871,-0.178
5872,-0.09
5873,-0.239
5874,-0.149
5875,-0.144
5876,-0.09
5877,0.085
5878,-0.044
5879,-0.129
5880,-0.071
5881,-0.164
5882,-0.063
5883,-0.088
5884,-0.161
5885,-0.261
5886,-0.154
5887,-0.19
5888,-0.078
5889,-0.19
5890,-0.139
5891,-0.112
5892,-0.2
5893,-0.095
5894,0.046
5895,-0.054
5896,-0.12
5897,-0.083
5898,-0.181
5899,-0.088
5900,-0.063
5901,-0.105
5902,-0.237
5903,-0.081
5904,-0.21
5905,-0.078
5906,-0.015
5907,-0.21
5908,-0.183
5909,-0.229
5910,-0.034
5911,-0.039
5912,-0.156
5913,-0.164
5914,0.037
5915,-0.122
5916,-0.276
5917,0.024
5918,-0.037
5919,-0.251
5920,0.054
5921,0.046
5922,-0.242
5923,-0.195
5924,-0.295
5925,-0.178
5926,-0.046
5927,-0.232
5928,-0.154
5929,-0.159
5930,-0.244
5931,-0.339
5932,-0.007
5933,-0.178
5934,-0.005
5935,0.063
5936,-0.01
5937,-0.273
5938,-0.105
5939,-0.044
5940,-0.059
5941,-0.198
5942,-0.315
5943,-0.19
5944,-0.181
5945,0.056
5946,0.093
5947,-0.1
5948,-0.237
5949,-0.2
5950,-0.085
5951,-0.081
5952,-0.203
5953,-0.076
5954,-0.024
5955,-0.168
5956,-0.291
5957,0.054
5958,0.139
5959,-0.076
5960,-0.203
5961,-0.093
5962,-0.112
5963,-0.125
5964,-0.078
5965,-0.005
5966,-0.066
5967,-0.027
5968,-0.132
5969,-0.059
5970,-0.249
5971,-0.283
5972,-0.1
5973,0.002
5974,-0.034
5975,-0.244
5976,-0.029
5977,-0.059
5978,-0.222
5979,-0.156
5980,0.073
5981,-0.156
5982,-0.21
5983,0.037
5984,-0.034
5985,-0.161
5986,-0.215
5987,-0.081
5988,-0.063
5989,-0.186
5990,-0.149
5991,-0.093
5992,-0.12
5993,-0.029
5994,-0.154
5995,-0.281
5996,0.02
5997,0.059
5998,-0.005
5999,-0.156
6000,-0.059
6001,-0.166
6002,-0.154
6003,0.02
6004,-0.256
6005,-0.134
6006,-0.168
6007,-0.042
6008,-0.161
6009,-0.132
6010,-0.225
6011,-0.115
6012,-0.166
6013,-0.164
6014,-0.059
6015,-0.054
6016,-0.171
6017,-0.127
6018,-0.032
6019,-0.127
6020,-0.051
6021,-0.315
6022,-0.112
6023,-0.3
6024,-0.43
6025,-0.083
6026,-0.083
6027,-0.154
6028,-0.278
6029,-0.039
6030,-0.303
6031,-0.308
6032,-0.134
6033,-0.029
6034,-0.034
6035,-0.088
6036,0.098
6037,-0.095
6038,-0.081
6039,-0.222
6040,-0.122
6041,-0.059
6042,-0.081
6043,-0.232
6044,-0.239
6045,-0.193
6046,-0.149
6047,-0.117
6048,-0.137
6049,-0.034
6050,-0.125
6051,-0.266
6052,-0.195
6053,0.022
6054,-0.132
6055,-0.032
6056,-0.061
6057,-0.054
6058,-0.066
6059,-0.017
6060,0.012
6061,-0.273
6062,-0.159
6063,-0.032
6064,-0.022
6065,-0.22
6066,-0.161
6067,-0.137
6068,-0.115
6069,-0.078
6070,-0.315
6071,-0.332
6072,-0.234
6073,-0.11
6074,-0.012
6075,0.042
6076,0.01
6077,-0.247
6078,-0.164
6079,-0.01
6080,-0.049
6081,-0.283
6082,-0.234
6083,-0.044
6084,-0.068
6085,-0.31
6086,-0.205
6087,-0.024
6088,-0.078
6089,-0.305
6090,-0.249
6091,-0.217
6092,-0.142
6093,-0.129
6094,0.117
6095,-0.044
6096,-0.066
6097,0.164
6098,0.193
6099,-0.251
6100,-0.093
6101,0.098
6102,-0.09
6103,-0.422
6104,-0.029
6105,0.046
6106,-0.129
6107,-0.337
6108,-0.271
6109,-0.178
6110,-0.044
6111,-0.281
6112,-0.076
6113,-0.271
6114,-0.203
6115,-0.017
6116,-0.071
6117,-0.176
6118,-0.088
6119,-0.11
6120,-0.034
6121,0.071
6122,-0.21
6123,-0.098
6124,-0.161
6125,-0.239
6126,-0.193
6127,-0.088
6128,-0.247
6129,-0.215
6130,-0.212
6131,-0.166
6132,-0.022
6133,-0.312
6134,-0.188
6135,-0.122
6136,-0.264
6137,-0.32
6138,-0.149
6139,-0.078
6140,0.012
6141,-0.105
6142,-0.195
6143,-0.049
6144,-0.283
6145,-0.088
6146,0.005
6147,-0.107
6148,-0.22
6149,0.017
6150,-0.205
6151,-0.217
6152,-0.156
6153,-0.234
6154,-0.151
6155,-0.076
6156,-0.12
6157,-0.181
6158,-0.239
6159,-0.129
6160,0.071
6161,-0.122
6162,-0.271
6163,-0.056
6164,-0.132
6165,-0.176
6166,-0.122
6167,-0.281
6168,-0.3
6169,-0.088
6170,-0.076
6171,-0.176
6172,-0.012
6173,-0.046
6174,-0.107
6175,-0.12
6176,-0.085
6177,-0.039
6178,-0.002
6179,-0.061
6180,-0.037
6181,-0.122
6182,-0.115
6183,0.193
6184,-0.002
6185,-0.122
6186,-0.046
6187,-0.112
6188,-0.095
6189,-0.066
6190,-0.21
6191,-0.244
6192,-0.21
6193,-0.154
6194,-0.02
6195,-0.19
6196,-0.09
6197,0.0
6198,0.073
6199,-0.176
6200,-0.115
6201,-0.032
6202,-0.21
6203,-0.188
6204,-0.183
6205,-0.159
6206,-0.029
6207,-0.183
6208,-0.261
6209,-0.103
6210,-0.103
6211,-0.295
6212,-0.393
6213,-0.261
6214,-0.251
6215,-0.295
6216,-0.09
6217,-0.151
6218,-0.134
6219,-0.161
6220,-0.154
6221,-0.063
6222,0.027
6223,-0.081
6224,-0.063
6225,-0.068
6226,0.017
6227,-0.037
6228,-0.176
6229,0.015
6230,0.034
6231,-0.244
6232,-0.117
6233,-0.078
6234,-0.278
6235,-0.298
6236,-0.264
6237,-0.134
6238,-0.056
6239,-0.139
6240,-0.137
6241,-0.076
6242,-0.042
6243,-0.076
6244,0.068
6245,-0.02
6246,-0.247
6247,-0.071
6248,-0.103
6249,-0.247
6250,-0.012
6251,-0.061
6252,-0.215
6253,-0.156
6254,-0.076
6255,-0.181
6256,-0.244
6257,-0.276
6258,-0.117
6259,-0.01
6260,0.015
6261,-0.103
6262,-0.029
6263,-0.193
6264,-0.024
6265,-0.134
6266,-0.254
6267,-0.063
6268,-0.081
6269,-0.195
6270,-0.215
6271,-0.083
6272,-0.125
6273,-0.234
6274,-0.098
6275,-0.022
6276,-0.139
6277,-0.249
6278,-0.007
6279,-0.178
6280,-0.347
6281,-0.088
6282,-0.105
6283,-0.21
6284,-0.046
6285,-0.115
6286,-0.051
6287,-0.022
6288,-0.259
6289,-0.122
6290,0.081
6291,-0.227
6292,-0.303
6293,0.005
6294,-0.125
6295,-0.046
6296,0.002
6297,0.015
6298,-0.027
6299,-0.244
6300,-0.129
6301,0.154
6302,0.01
6303,-0.422
6304,-0.125
6305,0.037
6306,-0.088
6307,-0.088
6308,-0.098
6309,-0.183
6310,-0.164
6311,0.046
6312,0.002
6313,-0.088
6314,-0.417
6315,-0.159
6316,0.024
6317,-0.115
6318,-0.278
6319,-0.339
6320,-0.225
6321,-0.11
6322,0.037
6323,-0.139
6324,-0.022
6325,-0.071
6326,-0.195
6327,-0.176
6328,0.02
6329,-0.098
6330,-0.271
6331,-0.264
6332,-0.127
6333,0.007
6334,-0.254
6335,-0.188
6336,-0.107
6337,-0.093
6338,-0.264
6339,-0.1
6340,-0.171
6341,-0.09
6342,-0.137
6343,-0.083
6344,0.068
6345,-0.063
6346,-0.078
6347,-0.005
6348,-0.042
6349,-0.11
6350,-0.173
6351,-0.105
6352,-0.029
6353,0.022
6354,0.034
6355,0.017
6356,-0.288
6357,-0.059
6358,0.051
6359,0.039
6360,-0.066
6361,-0.037
6362,-0.317
6363,-0.076
6364,0.125
6365,-0.249
6366,-0.217
6367,-0.095
6368,-0.015
6369,-0.09
6370,-0.249
6371,-0.195
6372,-0.103
6373,-0.049
6374,-0.107
6375,-0.076
6376,-0.342
6377,-0.181
6378,-0.044
6379,0.066
6380,-0.159
6381,-0.33
6382,-0.217
6383,-0.017
6384,-0.002
6385,-0.051
6386,0.02
6387,-0.078
6388,0.044
6389,-0.154
6390,-0.073
6391,-0.078
6392,0.01
6393,-0.183
6394,-0.037
6395,0.017
6396,-0.085
6397,-0.21
6398,-0.154
6399,-0.054
6400,-0.22
6401,-0.046
6402,-0.103
6403,-0.156
6404,-0.164
6405,-0.332
6406,-0.076
6407,-0.349
6408,-0.144
6409,-0.217
6410,-0.142
6411,-0.254
6412,-0.005
6413,-0.027
6414,-0.042
6415,-0.173
6416,-0.071
6417,-0.01
6418,-0.151
6419,-0.061
6420,-0.044
6421,0.059
6422,0.022
6423,-0.005
6424,0.007
6425,0.078
6426,-0.229
6427,0.005
6428,-0.02
6429,-0.298
6430,0.046
6431,-0.1
6432,0.125
6433,-0.034
6434,-0.139
6435,-0.164
6436,-0.107
6437,-0.01
6438,-0.22
6439,0.034
6440,-0.22
6441,-0.159
6442,-0.198
6443,-0.312
6444,-0.068
6445,0.029
6446,-0.164
6447,-0.156
6448,-0.017
6449,-0.21
6450,-0.088
6451,-0.081
6452,0.063
6453,-0.054
6454,-0.295
6455,-0.227
6456,-0.002
6457,-0.151
6458,-0.027
6459,-0.049
6460,-0.117
6461,0.0
6462,-0.154
6463,-0.002
6464,0.017
6465,0.007
6466,-0.217
6467,0.0
6468,0.015
6469,-0.129
6470,-0.115
6471,-0.066
6472,-0.159
6473,-0.176
6474,-0.029
6475,-0.11
6476,-0.059
6477,-0.061
6478,-0.215
6479,-0.144
6480,-0.217
6481,-0.237
6482,-0.249
6483,-0.149
6484,-0.186
6485,-0.002
6486,-0.107
6487,-0.232
6488,-0.039
6489,-0.093
6490,-0.151
6491,-0.273
6492,-0.02
6493,-0.215
6494,-0.232
6495,-0.325
6496,-0.051
6497,0.01
6498,-0.073
6499,-0.122
6500,-0.068
6501,0.01
6502,-0.2
6503,-0.178
6504,0.083
6505,0.149
6506,-0.237
6507,-0.085
6508,-0.083
6509,0.083
6510,-0.2
6511,-0.295
6512,-0.046
6513,-0.144
6514,-0.229
6515,-0.132
6516,-0.01
6517,-0.046
6518,-0.181
6519,-0.161
6520,-0.056
6521,-0.205
6522,-0.183
6523,0.103
6524,-0.054
6525,-0.063
6526,-0.149
6527,0.005
6528,-0.132
6529,-0.159
6530,-0.193
6531,-0.142
6532,-0.054
6533,-0.149
6534,-0.129
6535,-0.205
6536,0.056
6537,-0.054
6538,-0.088
6539,-0.137
6540,0.229
6541,0.005
6542,0.039
6543,0.068
6544,-0.015
6545,-0.034
6546,-0.132
6547,-0.044
6548,-0.071
6549,-0.125
6550,-0.029
6551,-0.022
6552,-0.269
6553,-0.4
6554,0.066
6555,-0.137
6556,-0.256
6557,-0.315
6558,-0.342
6559,-0.188
6560,-0.063
6561,-0.232
6562,-0.034
6563,0.034
6564,-0.208
6565,-0.125
6566,-0.222
6567,-0.107
6568,-0.193
6569,-0.081
6570,-0.088
6571,0.037
6572,-0.146
6573,-0.244
6574,-0.1
6575,-0.1
6576,-0.073
6577,-0.11
6578,-0.044
6579,-0.059
6580,0.005
6581,-0.288
6582,-0.061
6583,0.149
6584,-0.093
6585,-0.12
6586,-0.266
6587,-0.078
6588,-0.007
6589,0.029
6590,-0.139
6591,-0.073
6592,-0.293
6593,-0.237
6594,-0.1
6595,-0.154
6596,-0.168
6597,-0.12
6598,-0.078
6599,-0.164
6600,-0.039
6601,-0.239
6602,-0.142
6603,-0.278
6604,-0.259
6605,-0.291
6606,-0.425
6607,-0.227
6608,0.068
6609,0.083
6610,-0.332
6611,0.02
6612,0.081
6613,-0.181
6614,-0.334
6615,0.029
6616,-0.024
6617,-0.151
6618,-0.076
6619,-0.054
6620,0.046
6621,-0.203
6622,-0.122
6623,-0.049
6624,-0.066
6625,-0.115
6626,-0.144
6627,-0.154
6628,-0.032
6629,-0.068
6630,-0.11
6631,-0.215
6632,-0.381
6633,-0.068
6634,-0.173
6635,-0.247
6636,-0.156
6637,-0.107
6638,-0.234
6639,-0.256
6640,-0.034
6641,-0.244
6642,-0.251
6643,-0.215
6644,-0.056
6645,-0.093
6646,-0.12
6647,-0.134
6648,0.046
6649,-0.002
6650,-0.203
6651,0.007
6652,-0.093
6653,-0.098
6654,-0.095
6655,-0.051
6656,-0.225
6657,-0.217
6658,-0.137
6659,-0.056
6660,0.061
6661,-0.168
6662,0.005
6663,-0.066
6664,-0.142
6665,-0.198
6666,0.049
6667,-0.098
6668,-0.063
6669,-0.01
6670,0.007
6671,-0.063
6672,-0.168
6673,-0.212
6674,-0.037
6675,-0.164
6676,-0.244
6677,-0.095
6678,-0.295
6679,-0.344
6680,-0.122
6681,-0.256
6682,-0.11
6683,-0.042
6684,-0.166
6685,-0.273
6686,0.066
6687,-0.022
6688,-0.203
6689,-0.066
6690,0.044
6691,-0.266
6692,-0.193
6693,-0.11
6694,-0.044
6695,-0.068
6696,-0.317
6697,-0.061
6698,0.017
6699,-0.339
6700,-0.188
6701,-0.046
6702,-0.002
6703,-0.078
6704,-0.173
6705,-0.139
6706,0.061
6707,-0.156
6708,0.256
6709,0.154
6710,-0.283
6711,-0.159
6712,-0.222
6713,-0.063
6714,-0.151
6715,-0.168
6716,-0.276
6717,0.054
6718,-0.1
6719,-0.232
6720,-0.012
6721,-0.015
6722,-0.276
6723,-0.012
6724,0.029
6725,-0.195
6726,0.073
6727,-0.188
6728,-0.122
6729,-0.09
6730,-0.244
6731,-0.273
6732,-0.083
6733,-0.017
6734,-0.112
6735,0.01
6736,-0.12
6737,-0.129
6738,-0.237
6739,-0.288
6740,-0.186
6741,-0.085
6742,-0.125
6743,-0.054
6744,-0.129
6745,-0.166
6746,-0.146
6747,-0.127
6748,-0.156
6749,-0.039
6750,-0.051
6751,-0.098
6752,-0.066
6753,-0.208
6754,-0.195
6755,0.059
6756,-0.249
6757,-0.142
6758,-0.259
6759,-0.222
6760,-0.247
6761,-0.007
6762,-0.33
6763,-0.112
6764,-0.051
6765,-0.276
6766,-0.291
6767,-0.22
6768,-0.059
6769,0.044
6770,-0.112
6771,-0.249
6772,-0.061
6773,-0.129
6774,-0.066
6775,-0.002
6776,-0.391
6777,-0.173
6778,-0.146
6779,-0.281
6780,-0.293
6781,0.002
6782,-0.037
6783,-0.032
6784,-0.042
6785,-0.095
6786,-0.054
6787,-0.1
6788,-0.127
6789,0.015
6790,0.127
6791,0.073
6792,-0.051
6793,0.042
6794,-0.142
6795,-0.122
6796,0.127
6797,-0.049
6798,-0.347
6799,-0.149
6800,-0.364
6801,0.034
6802,0.095
6803,-0.149
6804,-0.486
6805,0.186
6806,0.098
6807,-0.105
6808,-0.093
6809,0.027
6810,-0.068
6811,-0.176
6812,0.093
6813,-0.049
6814,-0.281
6815,-0.261
6816,0.103
6817,-0.256
6818,-0.308
6819,0.105
6820,0.054
6821,-0.164
6822,-0.095
6823,0.149
6824,-0.137
6825,-0.193
6826,-0.083
6827,-0.1
6828,-0.024
6829,-0.166
6830,-0.024
6831,-0.073
6832,-0.059
6833,-0.312
6834,0.09
6835,-0.178
6836,-0.31
6837,-0.295
6838,-0.056
6839,-0.061
6840,-0.029
6841,-0.295
6842,-0.242
6843,0.105
6844,-0.078
6845,0.103
6846,0.068
6847,-0.222
6848,-0.088
6849,-0.251
6850,-0.322
6851,-0.046
6852,-0.078
6853,-0.508
6854,-0.034
6855,-0.273
6856,-0.288
6857,0.0
6858,0.037
6859,0.037
6860,-0.266
6861,-0.449
6862,-0.178
6863,0.093
6864,-0.251
6865,-0.049
6866,0.046
6867,-0.242
6868,-0.1
6869,0.271
6870,-0.183
6871,-0.369
6872,-0.417
6873,-0.161
6874,0.078
6875,-0.193
6876,-0.017
6877,0.073
6878,-0.203
6879,-0.132
6880,0.054
6881,-0.234
6882,-0.249
6883,0.254
6884,-0.071
6885,-0.112
6886,-0.337
6887,-0.115
6888,-0.024
6889,0.237
6890,-0.168
6891,-0.129
6892,-0.117
6893,-0.254
6894,-0.022
6895,-0.2
6896,-0.107
6897,-0.017
6898,-0.073
6899,-0.269
6900,-0.066
6901,-0.12
6902,0.215
6903,0.017
6904,-0.303
6905,-0.19
6906,0.044
6907,-0.103
6908,-0.22
6909,-0.032
6910,-0.31
6911,-0.081
6912,-0.239
6913,-0.051
6914,-0.02
6915,-0.137
6916,-0.129
6917,-0.027
6918,-0.227
6919,-0.22
6920,-0.085
6921,-0.227
6922,-0.156
6923,-0.105
6924,-0.156
6925,-0.134
6926,-0.173
6927,-0.166
6928,0.0
6929,-0.127
6930,-0.244
6931,0.066
6932,-0.088
6933,-0.149
6934,-0.405
6935,-0.234
6936,-0.09
6937,-0.12
6938,-0.132
6939,-0.22
6940,-0.132
6941,-0.22
6942,-0.032
6943,-0.103
6944,-0.142
6945,-0.044
6946,0.012
6947,0.034
6948,-0.142
6949,0.1
6950,-0.073
6951,-0.129
6952,-0.203
6953,0.093
6954,-0.308
6955,-0.239
6956,-0.146
6957,-0.139
6958,-0.117
6959,-0.168
6960,-0.098
6961,-0.107
6962,-0.176
6963,-0.393
6964,-0.002
6965,-0.11
6966,-0.237
6967,0.044
6968,0.1
6969,-0.33
6970,-0.122
6971,-0.007
6972,-0.217
6973,-0.173
6974,-0.205
6975,-0.149
6976,-0.334
6977,-0.112
6978,-0.19
6979,-0.146
6980,-0.103
6981,-0.129
6982,-0.2
6983,-0.173
6984,-0.137
6985,-0.159
6986,-0.112
6987,-0.137
6988,-0.088
6989,-0.186
6990,-0.212
6991,-0.078
6992,0.078
6993,0.054
6994,-0.188
6995,-0.312
6996,-0.2
6997,-0.078
6998,-0.244
6999,-0.188
7000,-0.249
7001,-0.281
7002,-0.029
7003,-0.166
7004,-0.391
7005,-0.234
7006,0.205
7007,-0.051
7008,-0.229
7009,-0.11
7010,-0.068
7011,-0.212
7012,-0.029
7013,0.142
7014,-0.164
7015,-0.251
7016,-0.264
7017,0.002
7018,-0.291
7019,-0.269
7020,-0.059
7021,0.151
7022,-0.01
7023,-0.149
7024,-0.19
7025,-0.132
7026,-0.095
7027,-0.22
7028,-0.029
7029,-0.22
7030,-0.078
7031,0.027
7032,0.078
7033,-0.225
7034,-0.127
7035,-0.02
7036,-0.11
7037,-0.049
7038,-0.144
7039,-0.005
7040,-0.229
7041,-0.044
7042,0.1
7043,0.071
7044,-0.276
7045,-0.015
7046,-0.044
7047,-0.156
7048,0.024
7049,0.02
7050,0.168
7051,-0.159
7052,-0.186
7053,-0.095
7054,0.073
7055,-0.215
7056,-0.027
7057,-0.022
7058,-0.393
7059,-0.139
7060,-0.176
7061,-0.071
7062,-0.249
7063,-0.315
7064,-0.239
7065,0.09
7066,-0.181
7067,-0.222
7068,0.066
7069,-0.081
7070,-0.142
7071,-0.095
7072,-0.066
7073,-0.166
7074,-0.132
7075,-0.195
7076,-0.01
7077,-0.317
7078,-0.212
7079,0.046
7080,-0.137
7081,-0.154
7082,-0.217
7083,0.0
7084,-0.21
7085,-0.183
7086,-0.305
7087,0.122
7088,-0.054
7089,-0.222
7090,-0.232
7091,-0.159
7092,-0.122
7093,-0.21
7094,-0.146
7095,-0.046
7096,0.149
7097,-0.354
7098,-0.293
7099,-0.073
7100,-0.037
7101,-0.266
7102,-0.3
7103,-0.2
7104,-0.198
7105,-0.081
7106,-0.176
7107,-0.095
7108,-0.266
7109,-0.171
7110,-0.11
7111,-0.1
7112,-0.107
7113,-0.098
7114,0.127
7115,-0.046
7116,-0.027
7117,-0.125
7118,0.061
7119,0.007
7120,0.039
7121,-0.205
7122,-0.085
7123,-0.022
7124,-0.171
7125,-0.037
7126,-0.085
7127,0.071
7128,0.02
7129,-0.037
7130,-0.132
7131,-0.188
7132,-0.127
7133,-0.051
7134,0.017
7135,-0.264
7136,-0.022
7137,-0.208
7138,-0.042
7139,-0.208
7140,-0.02
7141,-0.024
7142,-0.027
7143,-0.078
7144,-0.168
7145,-0.024
7146,0.002
7147,-0.193
7148,-0.33
7149,0.239
7150,0.01
7151,-0.178
7152,0.027
7153,0.012
7154,0.076
7155,-0.227
7156,-0.061
7157,-0.01
7158,-0.237
7159,-0.479
7160,-0.195
7161,-0.159
7162,-0.203
7163,-0.122
7164,-0.083
7165,-0.081
7166,-0.244
7167,-0.054
7168,0.037
7169,0.139
7170,-0.107
7171,-0.015
7172,-0.12
7173,0.12
7174,-0.19
7175,-0.251
7176,-0.103
7177,-0.022
7178,-0.061
7179,-0.166
7180,-0.012
7181,-0.234
7182,-0.229
7183,-0.249
7184,-0.188
7185,-0.081
7186,-0.195
7187,-0.095
7188,-0.024
7189,-0.122
7190,-0.327
7191,-0.085
7192,-0.02
7193,0.256
7194,0.095
7195,-0.156
7196,-0.166
7197,-0.156
7198,-0.161
7199,0.007
7200,-0.012
7201,-0.288
7202,-0.056
7203,-0.166
7204,-0.01
7205,-0.081
7206,-0.161
7207,-0.085
7208,-0.095
7209,-0.225
7210,-0.195
7211,0.073
7212,-0.095
7213,-0.039
7214,-0.01
7215,0.017
7216,-0.278
7217,-0.198
7218,0.093
7219,-0.066
7220,-0.217
7221,-0.293
7222,-0.11
7223,-0.115
7224,0.012
7225,-0.093
7226,-0.081
7227,-0.203
7228,-0.012
7229,-0.093
7230,0.051
7231,0.176
7232,-0.022
7233,0.054
7234,0.034
7235,-0.037
7236,-0.073
7237,0.042
7238,-0.217
7239,-0.161
7240,-0.073
7241,-0.222
7242,-0.125
7243,-0.159
7244,-0.095
7245,-0.305
7246,-0.134
7247,-0.039
7248,-0.051
7249,-0.232
7250,-0.276
7251,-0.322
7252,-0.303
7253,-0.1
7254,-0.063
7255,-0.232
7256,-0.115
7257,-0.293
7258,-0.21
7259,-0.146
7260,-0.312
7261,-0.2
7262,-0.085
7263,-0.042
7264,-0.007
7265,-0.22
7266,-0.078
7267,-0.159
7268,-0.129
7269,-0.1
7270,0.007
7271,0.034
7272,-0.183
7273,0.066
7274,0.051
7275,0.071
7276,-0.186
7277,-0.107
7278,-0.032
7279,-0.132
7280,-0.181
7281,-0.044
7282,-0.164
7283,-0.166
7284,-0.122
7285,-0.161
7286,-0.046
7287,-0.244
7288,-0.281
7289,-0.156
7290,-0.015
7291,-0.264
7292,-0.098
7293,-0.098
7294,-0.195
7295,-0.066
7296,-0.215
7297,-0.251
7298,-0.354
7299,-0.12
7300,-0.088
7301,-0.066
7302,-0.208
7303,-0.127
7304,0.02
7305,-0.107
7306,0.1
7307,-0.046
7308,-0.01
7309,-0.02
7310,0.044
7311,-0.229
7312,-0.083
7313,-0.002
7314,-0.054
7315,-0.049
7316,-0.076
7317,0.066
7318,-0.037
7319,-0.129
7320,-0.178
7321,-0.081
7322,-0.225
7323,-0.117
7324,-0.103
7325,-0.151
7326,-0.137
7327,-0.205
7328,-0.012
7329,-0.1
7330,-0.142
7331,-0.134
7332,-0.088
7333,-0.146
7334,-0.132
7335,-0.1
7336,-0.247
7337,-0.081
7338,-0.112
7339,-0.132
7340,-0.32
7341,-0.171
7342,-0.171
7343,-0.195
7344,-0.173
7345,-0.198
7346,-0.339
7347,-0.178
7348,-0.083
7349,-0.142
7350,-0.054
7351,-0.095
7352,0.024
7353,-0.149
7354,0.002
7355,0.005
7356,0.083
7357,-0.215
7358,-0.159
7359,-0.042
7360,-0.149
7361,-0.122
7362,-0.264
7363,-0.11
7364,-0.229
7365,-0.315
7366,-0.251
7367,-0.19
7368,-0.088
7369,-0.19
7370,-0.19
7371,-0.098
7372,0.034
7373,-0.283
7374,0.022
7375,-0.071
7376,-0.244
7377,-0.269
7378,-0.193
7379,-0.276
7380,-0.09
7381,-0.024
7382,-0.144
7383,0.046
7384,-0.059
7385,-0.334
7386,-0.273
7387,-0.044
7388,0.037
7389,-0.11
7390,-0.022
7391,-0.166
7392,-0.068
7393,-0.071
7394,-0.1
7395,-0.154
7396,-0.049
7397,-0.222
7398,-0.068
7399,0.063
7400,-0.039
7401,-0.073
7402,-0.107
7403,-0.225
7404,-0.188
7405,-0.063
7406,-0.085
7407,-0.078
7408,-0.198
7409,-0.154
7410,-0.039
7411,-0.222
7412,-0.122
7413,0.002
7414,-0.02
7415,-0.095
7416,-0.144
7417,-0.291
7418,-0.149
7419,0.027
7420,-0.139
7421,-0.3
7422,-0.295
7423,-0.066
7424,0.012
7425,-0.049
7426,-0.315
7427,-0.266
7428,-0.103
7429,0.059
7430,-0.09
7431,-0.095
7432,-0.237
7433,-0.122
7434,-0.103
7435,-0.098
7436,0.046
7437,-0.051
7438,-0.186
7439,-0.073
7440,0.012
7441,-0.2
7442,-0.146
7443,-0.085
7444,-0.125
7445,-0.103
7446,-0.325
7447,-0.144
7448,-0.068
7449,-0.063
7450,-0.352
7451,-0.076
7452,-0.1
7453,-0.117
7454,-0.093
7455,-0.125
7456,-0.059
7457,-0.251
7458,-0.156
7459,-0.059
7460,-0.056
7461,-0.122
7462,-0.11
7463,-0.071
7464,-0.388
7465,-0.244
7466,-0.01
7467,0.022
7468,-0.21
7469,-0.21
7470,-0.198
7471,-0.034
7472,-0.171
7473,-0.076
7474,0.046
7475,-0.103
7476,-0.066
7477,-0.093
7478,-0.039
7479,-0.061
7480,-0.154
7481,-0.176
7482,0.166
7483,-0.164
7484,-0.3
7485,-0.078
7486,-0.034
7487,-0.005
7488,-0.195
7489,-0.178
7490,-0.232
7491,-0.042
7492,-0.193
7493,-0.168
7494,0.044
7495,-0.22
7496,-0.117
7497,-0.005
7498,-0.073
7499,-0.308
7500,-0.107
7501,0.044
7502,0.095
7503,-0.322
7504,-0.225
7505,-0.137
7506,-0.029
7507,-0.11
7508,-0.242
7509,-0.132
7510,-0.151
7511,-0.002
7512,-0.176
7513,-0.125
7514,-0.078
7515,0.029
7516,-0.095
7517,-0.02
7518,-0.132
7519,-0.298
7520,-0.266
7521,-0.103
7522,-0.137
7523,-0.2
7524,-0.122
7525,-0.115
7526,-0.051
7527,-0.198
7528,-0.156
7529,-0.073
7530,-0.1
7531,-0.01
7532,-0.161
7533,-0.237
7534,-0.21
7535,-0.193
7536,-0.149
7537,-0.002
7538,-0.01
7539,-0.144
7540,-0.244
7541,-0.239
7542,-0.225
7543,0.017
7544,0.154
7545,-0.273
7546,-0.254
7547,-0.181
7548,-0.22
7549,-0.01
7550,-0.239
7551,-0.083
7552,0.093
7553,-0.007
7554,-0.2
7555,-0.046
7556,-0.115
7557,-0.225
7558,-0.01
7559,-0.005
7560,-0.107
7561,-0.259
7562,-0.066
7563,-0.112
7564,-0.139
7565,-0.212
7566,0.115
7567,-0.095
7568,-0.198
7569,-0.149
7570,-0.12
7571,-0.066
7572,-0.164
7573,-0.208
7574,0.002
7575,0.066
7576,-0.166
7577,-0.159
7578,-0.161
7579,-0.195
7580,0.007
7581,-0.198
7582,-0.217
7583,-0.215
7584,-0.137
7585,-0.342
7586,-0.002
7587,-0.024
7588,-0.222
7589,-0.054
7590,0.01
7591,0.063
7592,-0.115
7593,-0.083
7594,-0.027
7595,-0.095
7596,-0.342
7597,-0.068
7598,-0.059
7599,-0.161
7600,0.029
7601,-0.105
7602,-0.225
7603,-0.164
7604,-0.222
7605,-0.063
7606,-0.183
7607,-0.168
7608,-0.007
7609,-0.117
7610,-0.225
7611,-0.137
7612,-0.061
7613,-0.1
7614,-0.122
7615,-0.042
7616,-0.056
7617,-0.061
7618,-0.132
7619,-0.032
7620,-0.034
7621,-0.271
7622,-0.222
7623,0.02
7624,-0.024
7625,-0.129
7626,-0.144
7627,-0.115
7628,-0.015
7629,-0.22
7630,-0.334
7631,-0.01
7632,0.117
7633,-0.002
7634,-0.068
7635,0.093
7636,-0.01
7637,-0.22
7638,-0.161
7639,0.076
7640,-0.073
7641,-0.352
7642,-0.134
7643,-0.054
7644,-0.222
7645,-0.247
7646,-0.19
7647,-0.205
7648,-0.088
7649,-0.095
7650,0.037
7651,-0.134
7652,-0.059
7653,0.007
7654,-0.12
7655,-0.151
7656,0.0
7657,-0.117
7658,-0.232
7659,-0.122
7660,-0.193
7661,-0.176
7662,-0.176
7663,-0.005
7664,-0.02
7665,-0.278
7666,-0.151
7667,-0.051
7668,-0.139
7669,-0.232
7670,-0.161
7671,-0.054
7672,0.027
7673,-0.205
7674,-0.166
7675,0.247
7676,0.181
7677,-0.125
7678,0.112
7679,-0.088
7680,-0.432
7681,-0.259
7682,0.12
7683,-0.168
7684,-0.271
7685,-0.403
7686,-0.142
7687,-0.176
7688,-0.386
7689,-0.098
7690,0.186
7691,-0.388
7692,-0.193
7693,-0.132
7694,-0.227
7695,-0.225
7696,-0.115
7697,-0.066
7698,-0.088
7699,-0.132
7700,-0.032
7701,0.034
7702,-0.125
7703,-0.288
7704,-0.081
7705,-0.291
7706,-0.144
7707,-0.017
7708,-0.193
7709,-0.183
7710,0.042
7711,-0.103
7712,0.054
7713,-0.2
7714,-0.139
7715,0.051
7716,0.088
7717,-0.176
7718,0.056
7719,-0.139
7720,-0.283
7721,-0.034
7722,-0.068
7723,-0.149
7724,-0.1
7725,-0.229
7726,-0.139
7727,-0.085
7728,-0.186
7729,-0.022
7730,0.027
7731,-0.249
7732,0.017
7733,-0.063
7734,-0.1
7735,-0.039
7736,-0.024
7737,-0.088
7738,0.044
7739,-0.149
7740,-0.188
7741,-0.054
7742,0.032
7743,-0.095
7744,-0.305
7745,-0.305
7746,-0.134
7747,0.032
7748,-0.09
7749,-0.149
7750,0.017
7751,-0.254
7752,-0.007
7753,0.288
7754,-0.095
7755,-0.332
7756,0.305
7757,0.09
7758,-0.386
7759,-0.237
7760,0.286
7761,-0.398
7762,-0.256
7763,-0.093
7764,0.01
7765,-0.059
7766,-0.276
7767,0.002
7768,-0.137
7769,-0.344
7770,-0.237
7771,-0.125
7772,-0.305
7773,-0.051
7774,-0.085
7775,-0.273
7776,0.024
7777,-0.105
7778,-0.212
7779,0.005
7780,0.037
7781,-0.278
7782,-0.198
7783,-0.071
7784,-0.11
7785,-0.247
7786,-0.085
7787,-0.076
7788,-0.139
7789,-0.239
7790,-0.085
7791,-0.01
7792,-0.303
7793,0.056
7794,0.181
7795,-0.32
7796,-0.315
7797,0.212
7798,0.093
7799,-0.256
7800,-0.007
7801,0.081
7802,-0.132
7803,0.369
7804,-0.11
7805,-0.339
7806,-0.073
7807,-0.264
7808,-0.244
7809,-0.227
7810,-0.4
7811,-0.032
7812,-0.015
7813,-0.298
7814,0.105
7815,0.015
7816,-0.188
7817,0.12
7818,0.051
7819,-0.261
7820,-0.098
7821,-0.195
7822,-0.256
7823,-0.159
7824,-0.09
7825,-0.059
7826,0.068
7827,-0.266
7828,-0.344
7829,-0.02
7830,0.007
7831,0.015
7832,-0.093
7833,-0.09
7834,0.042
7835,-0.288
7836,-0.261
7837,0.029
7838,-0.242
7839,-0.449
7840,0.239
7841,-0.151
7842,-0.105
7843,0.037
7844,0.195
7845,0.1
7846,-0.156
7847,-0.452
7848,-0.31
7849,0.042
7850,-0.247
7851,-0.154
7852,-0.093
7853,-0.259
7854,-0.176
7855,-0.046
7856,-0.02
7857,0.0
7858,-0.161
7859,-0.352
7860,-0.059
7861,-0.193
7862,-0.2
7863,-0.366
7864,-0.249
7865,-0.261
7866,-0.176
7867,-0.278
7868,-0.308
7869,0.054
7870,0.061
7871,-0.129
7872,-0.356
7873,-0.061
7874,-0.188
7875,-0.044
7876,-0.188
7877,0.039
7878,-0.203
7879,-0.173
7880,0.063
7881,0.154
7882,-0.066
7883,-0.068
7884,0.183
7885,0.063
7886,-0.481
7887,-0.378
7888,-0.039
7889,-0.005
7890,-0.105
7891,-0.085
7892,-0.039
7893,-0.073
7894,-0.149
7895,-0.093
7896,-0.178
7897,-0.039
7898,-0.103
7899,-0.024
7900,0.02
7901,-0.234
7902,-0.215
7903,-0.151
7904,-0.2
7905,-0.222
7906,-0.139
7907,-0.117
7908,-0.232
7909,-0.278
7910,-0.215
7911,-0.103
7912,-0.039
7913,-0.142
7914,-0.139
7915,0.02
7916,-0.229
7917,-0.127
7918,-0.098
7919,0.015
7920,-0.193
7921,-0.078
7922,0.051
7923,-0.098
7924,-0.205
7925,-0.027
7926,0.059
7927,-0.017
7928,-0.117
7929,-0.063
7930,-0.1
7931,-0.11
7932,-0.081
7933,-0.129
7934,-0.166
7935,-0.032
7936,-0.151
7937,-0.261
7938,-0.037
7939,-0.095
7940,-0.178
7941,-0.164
7942,-0.122
7943,-0.205
7944,-0.2
7945,0.068
7946,-0.149
7947,-0.312
7948,-0.164
7949,-0.129
7950,0.007
7951,-0.122
7952,-0.051
7953,0.024
7954,-0.151
7955,-0.005
7956,0.129
7957,-0.186
7958,-0.203
7959,-0.027
7960,-0.095
7961,-0.183
7962,-0.068
7963,-0.059
7964,-0.142
7965,-0.186
7966,-0.176
7967,-0.12
7968,-0.11
7969,-0.217
7970,-0.122
7971,-0.117
7972,-0.242
7973,-0.154
7974,0.112
7975,-0.002
7976,-0.054
7977,-0.149
7978,-0.137
7979,-0.068
7980,-0.085
7981,-0.1
7982,-0.132
7983,-0.088
7984,-0.159
7985,-0.112
7986,-0.286
7987,-0.205
7988,-0.2
7989,-0.161
7990,-0.115
7991,-0.266
7992,-0.339
7993,-0.063
7994,-0.046
7995,-0.054
7996,0.007
7997,0.037
7998,-0.029
7999,-0.024
8000,0.095
8001,0.073
8002,-0.103
8003,-0.112
8004,-0.042
8005,-0.127
8006,-0.229
8007,-0.193
8008,-0.046
8009,-0.151
8010,-0.188
8011,-0.073
8012,-0.073
8013,-0.215
8014,-0.032
8015,-0.137
8016,-0.278
8017,0.166
8018,0.005
8019,-0.132
8020,-0.164
8021,0.022
8022,-0.125
8023,-0.107
8024,-0.349
8025,0.005
8026,-0.017
8027,-0.259
8028,-0.134
8029,-0.017
8030,-0.522
8031,-0.09
8032,-0.098
8033,-0.183
8034,-0.173
8035,-0.364
8036,-0.229
8037,-0.063
8038,-0.237
8039,-0.161
8040,-0.078
8041,-0.222
8042,-0.1
8043,0.076
8044,-0.054
8045,-0.071
8046,-0.217
8047,-0.105
8048,0.112
8049,-0.117
8050,-0.317
8051,0.12
8052,-0.222
8053,-0.237
8054,-0.085
8055,-0.449
8056,0.095
8057,0.044
8058,-0.281
8059,-0.059
8060,0.193
8061,-0.381
8062,-0.032
8063,0.015
8064,-0.415
8065,-0.247
8066,0.01
8067,-0.237
8068,-0.127
8069,-0.059
8070,-0.227
8071,0.334
8072,-0.183
8073,-0.374
8074,0.073
8075,-0.239
8076,-0.127
8077,0.073
8078,0.056
8079,0.01
8080,0.093
8081,-0.273
8082,0.085
8083,-0.149
8084,-0.273
8085,-0.098
8086,0.129
8087,-0.076
8088,-0.09
8089,-0.178
8090,-0.144
8091,0.073
8092,-0.369
8093,-0.076
8094,0.037
8095,-0.273
8096,-0.291
8097,0.12
8098,-0.049
8099,-0.215
8100,-0.146
8101,-0.168
8102,-0.178
8103,-0.315
8104,-0.032
8105,-0.044
8106,-0.205
8107,-0.239
8108,-0.051
8109,-0.173
8110,-0.105
8111,0.007
8112,-0.161
8113,-0.02
8114,0.007
8115,-0.146
8116,-0.288
8117,-0.088
8118,0.015
8119,-0.076
8120,-0.068
8121,-0.132
8122,0.056
8123,-0.193
8124,-0.051
8125,0.054
8126,-0.156
8127,-0.281
8128,-0.137
8129,-0.002
8130,-0.176
8131,-0.227
8132,-0.222
8133,-0.144
8134,-0.056
8135,-0.12
8136,-0.254
8137,0.042
8138,-0.098
8139,-0.2
8140,0.085
8141,-0.122
8142,-0.22
8143,-0.183
8144,-0.037
8145,-0.215
8146,-0.112
8147,-0.122
8148,-0.159
8149,-0.02
8150,-0.11
8151,-0.186
8152,-0.212
8153,-0.215
8154,-0.21
8155,-0.029
8156,-0.247
8157,-0.076
8158,-0.098
8159,-0.181
8160,-0.054
8161,-0.044
8162,-0.107
8163,-0.002
8164,0.146
8165,-0.056
8166,-0.278
8167,-0.244
8168,-0.022
8169,-0.002
8170,-0.205
8171,-0.022
8172,-0.071
8173,-0.195
8174,-0.3
8175,0.049
8176,-0.022
8177,-0.151
8178,-0.244
8179,-0.193
8180,-0.105
8181,-0.073
8182,-0.09
8183,-0.022
8184,-0.083
8185,-0.085
8186,-0.032
8187,-0.129
8188,0.022
8189,-0.071
8190,-0.261
8191,-0.278
8192,-0.212
8193,-0.039
8194,-0.186
8195,-0.027
8196,-0.178
8197,-0.059
8198,-0.166
8199,-0.029
8200,-0.159
8201,-0.232
8202,-0.032
8203,-0.046
8204,0.02
8205,-0.005
8206,-0.054
8207,-0.264
8208,0.068
8209,-0.259
8210,0.144
8211,0.225
8212,0.049
8213,-0.19
8214,-0.386
8215,-0.181
8216,-0.098
8217,-0.09
8218,-0.188
8219,-0.012
8220,-0.061
8221,-0.205
8222,-0.273
8223,-0.017
8224,0.078
8225,-0.146
8226,-0.027
8227,-0.029
8228,-0.256
8229,-0.215
8230,0.01
8231,-0.029
8232,-0.1
8233,0.076
8234,-0.317
8235,-0.073
8236,-0.151
8237,-0.046
8238,-0.166
8239,-0.073
8240,-0.278
8241,-0.037
8242,-0.068
8243,-0.203
8244,0.046
8245,-0.154
8246,-0.09
8247,-0.134
8248,0.11
8249,-0.11
8250,-0.105
8251,-0.117
8252,-0.125
8253,-0.356
8254,-0.393
8255,0.017
8256,-0.071
8257,-0.188
8258,-0.239
8259,-0.083
8260,-0.386
8261,-0.193
8262,-0.21
8263,0.049
8264,0.051
8265,0.146
8266,0.125
8267,-0.01
8268,-0.007
8269,-0.222
8270,-0.173
8271,-0.115
8272,-0.142
8273,-0.183
8274,-0.276
8275,-0.171
8276,-0.183
8277,-0.073
8278,-0.181
8279,0.242
8280,-0.178
8281,-0.12
8282,-0.154
8283,-0.161
8284,-0.261
8285,-0.073
8286,0.229
8287,-0.085
8288,-0.098
8289,-0.024
8290,-0.063
8291,-0.208
8292,-0.178
8293,-0.083
8294,-0.115
8295,-0.176
8296,-0.186
8297,-0.217
8298,-0.183
8299,0.005
8300,-0.085
8301,-0.125
8302,-0.156
8303,-0.281
8304,-0.31
8305,-0.066
8306,-0.061
8307,-0.115
8308,-0.056
8309,-0.278
8310,-0.071
8311,-0.042
8312,-0.2
8313,-0.42
8314,-0.144
8315,-0.051
8316,-0.254
8317,-0.269
8318,-0.088
8319,-0.188
8320,-0.208
8321,-0.088
8322,-0.144
8323,-0.081
8324,0.005
8325,-0.063
8326,-0.088
8327,-0.269
8328,-0.01
8329,0.017
8330,0.093
8331,-0.173
8332,-0.12
8333,-0.249
8334,-0.11
8335,-0.227
8336,-0.322
8337,-0.115
8338,-0.325
8339,-0.415
8340,-0.127
8341,0.027
8342,-0.034
8343,-0.098
8344,-0.176
8345,-0.273
8346,-0.049
8347,-0.042
8348,0.081
8349,-0.139
8350,-0.09
8351,-0.232
8352,-0.137
8353,-0.212
8354,-0.061
8355,-0.007
8356,-0.081
8357,-0.286
8358,-0.21
8359,-0.081
8360,-0.173
8361,-0.078
8362,-0.166
8363,0.071
8364,-0.076
8365,-0.073
8366,0.061
8367,-0.012
8368,-0.044
8369,-0.173
8370,0.0
8371,-0.105
8372,-0.022
8373,-0.156
8374,-0.1
8375,-0.139
8376,0.002
8377,-0.105
8378,-0.107
8379,-0.171
8380,-0.188
8381,0.012
8382,-0.134
8383,-0.107
8384,-0.242
8385,-0.049
8386,-0.107
8387,-0.144
8388,-0.151
8389,-0.081
8390,-0.078
8391,-0.137
8392,-0.144
8393,-0.312
8394,-0.234
8395,-0.3
8396,-0.195
8397,-0.237
8398,-0.083
8399,-0.247
8400,-0.2
8401,0.02
8402,-0.168
8403,-0.049
8404,-0.049
8405,-0.02
8406,-0.271
8407,-0.193
8408,-0.229
8409,-0.022
8410,0.085
8411,-0.073
8412,-0.042
8413,-0.21
8414,-0.112
8415,-0.068
8416,0.027
8417,-0.127
8418,-0.061
8419,-0.112
8420,-0.19
8421,-0.205
8422,-0.176
8423,-0.117
8424,-0.044
8425,0.029
8426,-0.117
8427,0.022
8428,-0.186
8429,-0.188
8430,0.105
8431,-0.007
8432,-0.208
8433,-0.237
8434,0.049
8435,-0.276
8436,-0.168
8437,-0.212
8438,-0.088
8439,-0.139
8440,-0.129
8441,-0.186
8442,-0.2
8443,0.046
8444,-0.12
8445,-0.007
8446,-0.19
8447,0.007
8448,0.103
8449,-0.02
8450,-0.22
8451,-0.139
8452,-0.11
8453,-0.056
8454,-0.059
8455,-0.234
8456,0.049
8457,-0.261
8458,-0.212
8459,-0.222
8460,-0.11
8461,-0.161
8462,-0.129
8463,-0.205
8464,-0.271
8465,-0.154
8466,-0.249
8467,0.068
8468,-0.042
8469,-0.264
8470,-0.251
8471,0.005
8472,-0.051
8473,-0.254
8474,-0.344
8475,-0.261
8476,-0.139
8477,-0.229
8478,-0.002
8479,-0.203
8480,-0.254
8481,-0.195
8482,-0.037
8483,-0.256
8484,-0.347
8485,-0.098
8486,-0.232
8487,0.051
8488,-0.042
8489,-0.059
8490,-0.198
8491,0.088
8492,-0.056
8493,0.02
8494,0.042
8495,0.02
8496,-0.059
8497,-0.249
8498,-0.161
8499,-0.068
8500,0.02
8501,-0.21
8502,-0.112
8503,-0.2
8504,-0.134
8505,-0.112
8506,-0.066
8507,-0.11
8508,-0.403
8509,0.251
8510,0.103
8511,0.12
8512,-0.183
8513,-0.332
8514,-0.205
8515,0.017
8516,-0.217
8517,-0.232
8518,-0.066
8519,-0.105
8520,0.107
8521,-0.181
8522,-0.295
8523,-0.256
8524,0.098
8525,-0.054
8526,-0.107
8527,-0.044
8528,-0.159
8529,-0.081
8530,-0.11
8531,0.244
8532,-0.039
8533,-0.098
8534,-0.078
8535,0.066
8536,-0.139
8537,-0.081
8538,-0.044
8539,-0.227
8540,-0.161
8541,-0.369
8542,-0.022
8543,-0.02
8544,-0.01
8545,-0.352
8546,-0.142
8547,-0.083
8548,-0.205
8549,-0.19
8550,-0.171
8551,-0.073
8552,-0.105
8553,-0.071
8554,-0.139
8555,-0.117
8556,-0.127
8557,-0.032
8558,-0.164
8559,-0.212
8560,-0.095
8561,-0.254
8562,-0.071
8563,-0.115
8564,0.034
8565,-0.1
8566,-0.059
8567,-0.234
8568,-0.117
8569,-0.071
8570,-0.12
8571,-0.015
8572,-0.088
8573,0.042
8574,-0.178
8575,-0.137
8576,-0.01
8577,-0.127
8578,-0.298
8579,-0.059
8580,0.015
8581,-0.168
8582,-0.178
8583,-0.234
8584,-0.117
8585,-0.171
8586,-0.095
8587,-0.078
8588,-0.076
8589,-0.156
8590,-0.061
8591,-0.022
8592,-0.168
8593,-0.115
8594,-0.247
8595,-0.071
8596,-0.107
8597,-0.134
8598,-0.198
8599,-0.183
8600,-0.164
8601,-0.046
8602,-0.044
8603,-0.073
8604,0.063
8605,-0.183
8606,-0.073
8607,0.005
8608,0.017
8609,-0.249
8610,-0.149
8611,0.068
8612,-0.012
8613,-0.176
8614,-0.266
8615,-0.078
8616,-0.273
8617,-0.269
8618,-0.081
8619,-0.012
8620,-0.093
8621,-0.166
8622,-0.168
8623,-0.215
8624,-0.168
8625,-0.144
8626,-0.125
8627,-0.244
8628,-0.103
8629,0.081
8630,-0.054
8631,-0.19
8632,-0.173
8633,0.073
8634,0.005
8635,-0.188
8636,-0.168
8637,0.007
8638,-0.195
8639,-0.115
8640,-0.171
8641,-0.081
8642,-0.037
8643,0.056
8644,0.098
8645,0.012
8646,-0.012
8647,-0.129
8648,-0.149
8649,-0.085
8650,0.046
8651,-0.063
8652,0.098
8653,-0.02
8654,-0.125
8655,-0.278
8656,-0.254
8657,-0.098
8658,-0.098
8659,-0.222
8660,-0.298
8661,-0.054
8662,-0.005
8663,-0.005
8664,-0.249
8665,-0.261
8666,0.024
8667,0.12
8668,-0.132
8669,-0.198
8670,-0.164
8671,-0.232
8672,-0.061
8673,-0.208
8674,-0.1
8675,-0.076
8676,-0.09
8677,-0.032
8678,-0.203
8679,-0.142
8680,-0.034
8681,-0.029
8682,-0.115
8683,0.027
8684,0.088
8685,-0.085
8686,0.012
8687,0.039
8688,-0.081
8689,-0.195
8690,-0.049
8691,-0.247
8692,-0.247
8693,-0.134
8694,-0.054
8695,-0.024
8696,-0.068
8697,-0.164
8698,-0.229
8699,-0.166
8700,-0.149
8701,-0.151
8702,-0.168
8703,-0.142
8704,-0.103
8705,-0.078
8706,-0.1
8707,-0.022
8708,-0.024
8709,-0.044
8710,-0.171
8711,-0.095
8712,-0.044
8713,-0.166
8714,-0.159
8715,-0.01
8716,-0.156
8717,-0.374
8718,-0.183
8719,-0.046
8720,-0.154
8721,-0.286
8722,-0.088
8723,-0.178
8724,-0.193
8725,-0.139
8726,-0.115
8727,-0.19
8728,-0.156
8729,0.051
8730,0.159
8731,-0.022
8732,-0.002
8733,0.0
8734,-0.071
8735,-0.259
8736,-0.112
8737,0.017
8738,-0.171
8739,-0.325
8740,-0.156
8741,-0.161
8742,-0.254
8743,-0.083
8744,-0.237
8745,-0.288
8746,-0.259
8747,-0.032
8748,0.015
8749,-0.005
8750,-0.071
8751,-0.122
8752,-0.051
8753,-0.056
8754,-0.071
8755,-0.054
8756,-0.063
8757,-0.098
8758,-0.127
8759,-0.027
8760,-0.203
8761,-0.159
8762,-0.051
8763,-0.208
8764,-0.176
8765,0.032
8766,-0.256
8767,-0.149
8768,-0.034
8769,-0.247
8770,-0.12
8771,0.122
8772,-0.083
8773,0.061
8774,0.007
8775,-0.042
8776,-0.098
8777,-0.02
8778,-0.012
8779,-0.081
8780,-0.085
8781,-0.056
8782,-0.176
8783,-0.269
8784,-0.12
8785,-0.056
8786,-0.027
8787,-0.027
8788,-0.149
8789,-0.122
8790,-0.21
8791,0.015
8792,-0.151
8793,-0.125
8794,-0.051
8795,-0.173
8796,-0.227
8797,-0.132
8798,0.034
8799,-0.049
8800,0.085
8801,-0.227
8802,-0.354
8803,-0.325
8804,-0.083
8805,-0.122
8806,0.012
8807,-0.176
8808,-0.244
8809,-0.237
8810,-0.212
8811,-0.21
8812,-0.024
8813,-0.042
8814,-0.129
8815,-0.183
8816,-0.173
8817,-0.308
8818,-0.085
8819,0.0
8820,-0.195
8821,-0.271
8822,-0.024
8823,-0.1
8824,-0.137
8825,-0.1
8826,-0.002
8827,-0.156
8828,-0.244
8829,-0.095
8830,-0.01
8831,-0.115
8832,-0.039
8833,0.107
8834,-0.112
8835,-0.078
8836,-0.044
8837,-0.256
8838,-0.088
8839,-0.112
8840,-0.22
8841,-0.315
8842,0.005
8843,-0.227
8844,-0.132
8845,-0.095
8846,-0.249
8847,-0.137
8848,-0.173
8849,-0.359
8850,0.015
8851,-0.154
8852,-0.061
8853,0.122
8854,-0.078
8855,-0.181
8856,0.054
8857,-0.154
8858,-0.342
8859,0.015
8860,-0.02
8861,-0.146
8862,-0.254
8863,0.037
8864,-0.056
8865,-0.188
8866,-0.269
8867,-0.005
8868,-0.105
8869,-0.212
8870,0.059
8871,0.066
8872,-0.01
8873,-0.071
8874,-0.112
8875,-0.154
8876,-0.088
8877,-0.081
8878,0.042
8879,-0.029
8880,-0.295
8881,-0.149
8882,-0.215
8883,-0.254
8884,-0.183
8885,-0.149
8886,-0.422
8887,-0.22
8888,-0.19
8889,0.095
8890,-0.232
8891,-0.283
8892,-0.032
8893,0.098
8894,-0.134
8895,-0.142
8896,-0.144
8897,0.044
8898,-0.022
8899,-0.122
8900,-0.166
8901,-0.212
8902,-0.029
8903,-0.095
8904,-0.181
8905,-0.278
8906,-0.208
8907,-0.066
8908,-0.222
8909,-0.039
8910,-0.208
8911,-0.103
8912,-0.078
8913,0.01
8914,-0.015
8915,-0.071
8916,-0.078
8917,-0.154
8918,-0.237
8919,-0.139
8920,-0.071
8921,-0.217
8922,-0.266
8923,-0.286
8924,-0.266
8925,-0.227
8926,-0.278
8927,-0.129
8928,-0.034
8929,-0.227
8930,-0.325
8931,-0.122
8932,-0.061
8933,-0.1
8934,-0.005
8935,0.146
8936,-0.11
8937,-0.276
8938,-0.076
8939,0.056
8940,-0.11
8941,-0.107
8942,-0.161
8943,-0.095
8944,-0.095
8945,-0.161
8946,-0.144
8947,-0.1
8948,-0.281
8949,-0.239
8950,-0.166
8951,-0.208
8952,0.007
8953,-0.232
8954,-0.276
8955,0.061
8956,0.049
8957,-0.1
8958,-0.144
8959,-0.1
8960,-0.127
8961,-0.227
8962,-0.176
8963,-0.063
8964,-0.249
8965,-0.212
8966,-0.005
8967,0.095
8968,-0.298
8969,-0.12
8970,-0.042
8971,-0.066
8972,-0.154
8973,-0.266
8974,-0.007
8975,0.21
8976,-0.244
8977,-0.176
8978,0.186
8979,-0.039
8980,-0.11
8981,0.034
8982,-0.11
8983,-0.234
8984,-0.234
8985,-0.015
8986,-0.032
8987,-0.42
8988,-0.288
8989,0.229
8990,-0.183
8991,-0.266
8992,-0.034
8993,0.037
8994,-0.11
8995,-0.083
8996,-0.127
8997,-0.098
8998,-0.071
8999,-0.242
9000,0.083
9001,-0.059
9002,-0.066
9003,0.002
9004,-0.134
9005,-0.322
9006,-0.049
9007,-0.071
9008,-0.222
9009,-0.142
9010,-0.085
9011,-0.083
9012,-0.159
9013,0.029
9014,-0.046
9015,-0.139
9016,-0.222
9017,-0.002
9018,-0.054
9019,-0.229
9020,-0.015
9021,0.059
9022,-0.125
9023,-0.337
9024,-0.078
9025,-0.012
9026,-0.093
9027,-0.198
9028,-0.208
9029,-0.208
9030,-0.378
9031,-0.156
9032,-0.022
9033,-0.1
9034,-0.293
9035,-0.061
9036,0.098
9037,0.042
9038,-0.217
9039,-0.142
9040,0.105
9041,0.046
9042,-0.215
9043,-0.178
9044,0.151
9045,-0.117
9046,-0.3
9047,-0.186
9048,-0.168
9049,-0.205
9050,-0.256
9051,-0.122
9052,-0.076
9053,-0.071
9054,-0.164
9055,0.112
9056,-0.137
9057,-0.51
9058,-0.225
9059,0.107
9060,0.076
9061,-0.042
9062,-0.129
9063,-0.144
9064,-0.002
9065,-0.3
9066,-0.12
9067,-0.112
9068,-0.2
9069,-0.042
9070,-0.217
9071,-0.242
9072,-0.19
9073,-0.173
9074,-0.283
9075,-0.103
9076,-0.232
9077,-0.19
9078,0.042
9079,0.044
9080,-0.137
9081,-0.071
9082,-0.059
9083,-0.261
9084,-0.015
9085,-0.188
9086,0.01
9087,-0.076
9088,-0.044
9089,0.046
9090,-0.159
9091,-0.232
9092,-0.21
9093,-0.093
9094,-0.078
9095,0.005
9096,-0.159
9097,-0.012
9098,-0.12
9099,-0.049
9100,-0.044
9101,-0.066
9102,-0.12
9103,-0.037
9104,-0.107
9105,-0.078
9106,0.024
9107,-0.208
9108,-0.127
9109,-0.032
9110,-0.156
9111,-0.117
9112,-0.134
9113,-0.061
9114,-0.093
9115,-0.203
9116,-0.181
9117,0.032
9118,-0.208
9119,-0.105
9120,0.054
9121,-0.105
9122,-0.288
9123,-0.229
9124,-0.054
9125,-0.212
9126,-0.144
9127,-0.127
9128,-0.168
9129,-0.217
9130,0.063
9131,-0.012
9132,-0.103
9133,-0.178
9134,-0.173
9135,-0.034
9136,-0.059
9137,-0.098
9138,-0.061
9139,-0.034
9140,-0.107
9141,-0.039
9142,0.015
9143,-0.042
9144,0.115
9145,-0.037
9146,-0.237
9147,-0.327
9148,-0.093
9149,-0.088
9150,-0.1
9151,-0.334
9152,-0.029
9153,0.095
9154,-0.142
9155,-0.137
9156,-0.088
9157,-0.227
9158,-0.261
9159,0.01
9160,-0.151
9161,-0.107
9162,-0.356
9163,-0.291
9164,-0.259
9165,-0.183
9166,-0.293
9167,-0.247
9168,-0.12
9169,-0.234
9170,-0.205
9171,-0.076
9172,0.098
9173,-0.044
9174,0.051
9175,0.037
9176,-0.002
9177,-0.034
9178,-0.093
9179,0.171
9180,-0.017
9181,-0.081
9182,-0.229
9183,0.166
9184,-0.037
9185,-0.146
9186,-0.056
9187,-0.251
9188,-0.166
9189,-0.298
9190,-0.127
9191,-0.112
9192,0.042
9193,-0.33
9194,-0.056
9195,-0.229
9196,-0.095
9197,-0.042
9198,-0.1
9199,-0.054
9200,-0.073
9201,-0.083
9202,-0.024
9203,0.054
9204,-0.139
9205,0.024
9206,-0.088
9207,-0.129
9208,-0.129
9209,-0.215
9210,-0.159
9211,-0.19
9212,-0.225
9213,-0.029
9214,-0.022
9215,-0.105
9216,-0.19
9217,-0.044
9218,0.085
9219,-0.081
9220,-0.142
9221,-0.054
9222,-0.11
9223,-0.105
9224,-0.188
9225,-0.142
9226,-0.21
9227,-0.227
9228,-0.127
9229,0.181
9230,-0.127
9231,-0.293
9232,-0.376
9233,-0.127
9234,-0.002
9235,-0.1
9236,-0.186
9237,-0.095
9238,-0.01
9239,-0.203
9240,-0.085
9241,-0.066
9242,-0.222
9243,-0.188
9244,0.032
9245,-0.125
9246,-0.256
9247,-0.227
9248,-0.171
9249,0.032
9250,-0.156
9251,-0.305
9252,-0.186
9253,0.161
9254,-0.068
9255,-0.076
9256,0.127
9257,-0.132
9258,-0.056
9259,-0.078
9260,-0.012
9261,-0.034
9262,-0.239
9263,-0.146
9264,0.051
9265,0.061
9266,-0.247
9267,-0.166
9268,-0.203
9269,-0.1
9270,-0.173
9271,-0.129
9272,0.024
9273,-0.002
9274,-0.305
9275,-0.129
9276,-0.015
9277,-0.129
9278,-0.105
9279,-0.044
9280,0.051
9281,-0.093
9282,-0.12
9283,-0.176
9284,0.095
9285,-0.117
9286,-0.334
9287,-0.254
9288,-0.215
9289,-0.352
9290,-0.234
9291,-0.081
9292,-0.237
9293,-0.208
9294,-0.093
9295,-0.056
9296,0.107
9297,0.078
9298,-0.259
9299,-0.618
9300,-0.112
9301,0.229
9302,-0.051
9303,0.034
9304,-0.002
9305,-0.234
9306,-0.276
9307,-0.012
9308,-0.115
9309,-0.042
9310,-0.146
9311,-0.32
9312,-0.088
9313,-0.215
9314,-0.176
9315,-0.059
9316,-0.215
9317,-0.198
9318,-0.229
9319,-0.291
9320,-0.144
9321,-0.144
9322,-0.215
9323,-0.11
9324,-0.076
9325,0.068
9326,-0.181
9327,-0.369
9328,-0.154
9329,-0.024
9330,-0.227
9331,-0.151
9332,-0.19
9333,-0.244
9334,-0.107
9335,-0.088
9336,-0.129
9337,0.042
9338,-0.095
9339,-0.183
9340,-0.017
9341,-0.044
9342,-0.078
9343,-0.015
9344,0.127
9345,0.024
9346,-0.173
9347,-0.112
9348,-0.01
9349,0.061
9350,-0.159
9351,-0.027
9352,-0.042
9353,-0.156
9354,-0.249
9355,-0.127
9356,-0.188
9357,-0.161
9358,-0.063
9359,0.098
9360,-0.071
9361,-0.261
9362,-0.227
9363,-0.054
9364,-0.305
9365,-0.249
9366,-0.195
9367,-0.2
9368,0.076
9369,-0.078
9370,-0.1
9371,0.059
9372,0.076
9373,-0.061
9374,-0.144
9375,-0.171
9376,-0.061
9377,0.144
9378,0.056
9379,0.125
9380,-0.034
9381,-0.2
9382,-0.032
9383,-0.056
9384,-0.088
9385,-0.161
9386,-0.032
9387,-0.183
9388,-0.015
9389,-0.01
9390,-0.024
9391,-0.103
9392,-0.09
9393,-0.09
9394,-0.283
9395,-0.178
9396,-0.012
9397,-0.066
9398,-0.151
9399,0.012
9400,0.005
9401,0.142
9402,-0.071
9403,-0.137
9404,0.002
9405,-0.022
9406,-0.103
9407,-0.188
9408,-0.146
9409,-0.164
9410,-0.088
9411,-0.103
9412,-0.222
9413,-0.01
9414,0.076
9415,-0.037
9416,-0.186
9417,-0.232
9418,-0.188
9419,-0.103
9420,-0.193
9421,0.01
9422,-0.088
9423,-0.217
9424,-0.142
9425,-0.083
9426,-0.198
9427,-0.088
9428,0.012
9429,-0.046
9430,-0.09
9431,-0.256
9432,-0.237
9433,-0.137
9434,-0.122
9435,-0.171
9436,-0.024
9437,-0.144
9438,-0.127
9439,-0.22
9440,-0.139
9441,-0.027
9442,-0.037
9443,0.002
9444,-0.115
9445,-0.078
9446,-0.044
9447,-0.137
9448,-0.125
9449,-0.178
9450,-0.198
9451,-0.266
9452,-0.146
9453,-0.188
9454,-0.12
9455,0.037
9456,0.024
9457,-0.051
9458,-0.027
9459,-0.01
9460,-0.022
9461,-0.156
9462,-0.063
9463,0.107
9464,-0.09
9465,-0.312
9466,-0.2
9467,-0.059
9468,-0.066
9469,-0.071
9470,-0.044
9471,-0.024
9472,-0.061
9473,-0.071
9474,-0.029
9475,-0.273
9476,-0.061
9477,-0.093
9478,-0.071
9479,-0.024
9480,0.002
9481,0.037
9482,-0.12
9483,-0.142
9484,-0.132
9485,-0.083
9486,-0.112
9487,-0.015
9488,-0.161
9489,-0.095
9490,-0.173
9491,-0.222
9492,-0.195
9493,-0.066
9494,-0.322
9495,-0.303
9496,-0.242
9497,-0.137
9498,-0.139
9499,0.068
9500,0.0
9501,-0.171
9502,-0.024
9503,-0.002
9504,0.002
9505,0.015
9506,-0.176
9507,-0.125
9508,-0.054
9509,-0.105
9510,-0.156
9511,-0.098
9512,-0.208
9513,-0.234
9514,-0.232
9515,-0.217
9516,0.024
9517,-0.049
9518,-0.132
9519,-0.164
9520,-0.142
9521,-0.017
9522,-0.037
9523,0.09
9524,-0.176
9525,-0.195
9526,-0.178
9527,-0.1
9528,-0.178
9529,-0.098
9530,-0.295
9531,-0.183
9532,-0.09
9533,-0.156
9534,-0.361
9535,-0.239
9536,-0.059
9537,-0.107
9538,-0.195
9539,-0.237
9540,-0.007
9541,0.044
9542,-0.2
9543,-0.061
9544,-0.083
9545,0.02
9546,-0.066
9547,-0.288
9548,-0.139
9549,-0.117
9550,-0.046
9551,0.059
9552,0.015
9553,-0.117
9554,-0.205
9555,-0.352
9556,-0.342
9557,-0.156
9558,-0.049
9559,-0.12
9560,-0.093
9561,-0.12
9562,-0.168
9563,0.02
9564,-0.034
9565,-0.061
9566,-0.12
9567,-0.046
9568,-0.051
9569,-0.12
9570,-0.271
9571,-0.291
9572,-0.139
9573,0.054
9574,-0.088
9575,-0.295
9576,-0.11
9577,-0.21
9578,-0.078
9579,-0.154
9580,-0.09
9581,-0.132
9582,-0.156
9583,0.037
9584,0.015
9585,-0.046
9586,-0.171
9587,-0.071
9588,-0.024
9589,-0.115
9590,-0.178
9591,-0.11
9592,-0.139
9593,0.042
9594,0.046
9595,-0.146
9596,-0.183
9597,-0.034
9598,-0.107
9599,-0.217
9600,-0.31
9601,-0.098
9602,-0.046
9603,-0.205
9604,-0.105
9605,0.1
9606,-0.156
9607,-0.193
9608,0.21
9609,0.061
9610,-0.322
9611,-0.212
9612,-0.073
9613,0.01
9614,-0.352
9615,-0.342
9616,0.037
9617,-0.144
9618,-0.156
9619,0.154
9620,0.107
9621,-0.02
9622,0.173
9623,-0.122
9624,-0.173
9625,-0.015
9626,-0.115
9627,-0.122
9628,-0.195
9629,-0.261
9630,-0.364
9631,0.083
9632,0.073
9633,-0.088
9634,-0.205
9635,0.024
9636,-0.151
9637,-0.056
9638,-0.002
9639,0.029
9640,-0.034
9641,0.056
9642,-0.149
9643,-0.164
9644,-0.02
9645,0.007
9646,-0.034
9647,-0.139
9648,-0.151
9649,-0.276
9650,-0.129
9651,-0.056
9652,-0.059
9653,-0.081
9654,-0.112
9655,-0.239
9656,-0.203
9657,-0.093
9658,-0.11
9659,-0.054
9660,-0.1
9661,-0.237
9662,-0.212
9663,-0.046
9664,-0.129
9665,-0.083
9666,0.015
9667,-0.195
9668,-0.396
9669,-0.271
9670,0.09
9671,-0.186
9672,-0.278
9673,-0.176
9674,-0.186
9675,-0.3
9676,-0.19
9677,0.042
9678,-0.081
9679,-0.208
9680,-0.129
9681,0.093
9682,-0.098
9683,-0.205
9684,-0.049
9685,-0.107
9686,-0.291
9687,-0.276
9688,-0.059
9689,-0.178
9690,-0.261
9691,-0.21
9692,-0.017
9693,-0.061
9694,-0.183
9695,-0.19
9696,0.088
9697,-0.11
9698,-0.305
9699,-0.063
9700,-0.022
9701,-0.134
9702,-0.063
9703,-0.022
9704,0.012
9705,-0.127
9706,-0.073
9707,-0.002
9708,0.012
9709,-0.107
9710,-0.039
9711,-0.139
9712,-0.198
9713,-0.078
9714,-0.198
9715,-0.305
9716,-0.168
9717,0.012
9718,-0.159
9719,-0.051
9720,-0.188
9721,-0.237
9722,-0.12
9723,-0.022
9724,-0.164
9725,-0.002
9726,-0.024
9727,-0.046
9728,0.073
9729,-0.146
9730,0.09
9731,-0.054
9732,-0.269
9733,-0.122
9734,-0.134
9735,-0.244
9736,-0.09
9737,-0.103
9738,-0.249
9739,-0.107
9740,0.071
9741,-0.249
9742,-0.115
9743,-0.056
9744,-0.168
9745,-0.005
9746,-0.203
9747,-0.227
9748,-0.01
9749,-0.01
9750,-0.215
9751,-0.264
9752,-0.076
9753,0.051
9754,-0.239
9755,-0.339
9756,-0.051
9757,-0.024
9758,-0.283
9759,-0.022
9760,-0.227
9761,-0.166
9762,-0.352
9763,-0.071
9764,0.017
9765,-0.09
9766,-0.374
9767,-0.347
9768,-0.164
9769,-0.132
9770,-0.095
9771,-0.215
9772,0.049
9773,-0.149
9774,-0.227
9775,-0.073
9776,-0.046
9777,-0.107
9778,-0.032
9779,-0.125
9780,-0.239
9781,0.027
9782,-0.098
9783,-0.059
9784,-0.161
9785,-0.117
9786,-0.081
9787,0.007
9788,-0.078
9789,-0.149
9790,-0.076
9791,-0.276
9792,0.0
9793,-0.125
9794,-0.181
9795,-0.281
9796,-0.056
9797,-0.208
9798,-0.19
9799,-0.186
9800,-0.12
9801,-0.09
9802,-0.117
9803,-0.151
9804,-0.156
9805,-0.205
9806,-0.127
9807,-0.059
9808,-0.3
9809,-0.259
9810,-0.073
9811,-0.015
9812,-0.098
9813,-0.186
9814,-0.161
9815,-0.168
9816,-0.11
9817,-0.012
9818,-0.129
9819,-0.222
9820,-0.222
9821,0.146
9822,0.029
9823,-0.149
9824,-0.137
9825,0.063
9826,-0.139
9827,-0.076
9828,-0.103
9829,-0.166
9830,0.049
9831,0.1
9832,0.02
9833,-0.261
9834,-0.176
9835,-0.012
9836,0.093
9837,-0.168
9838,-0.317
9839,-0.088
9840,-0.154
9841,-0.198
9842,-0.198
9843,-0.066
9844,-0.178
9845,-0.005
9846,-0.081
9847,0.046
9848,0.042
9849,-0.015
9850,-0.09
9851,-0.186
9852,-0.076
9853,-0.149
9854,-0.164
9855,-0.234
9856,-0.073
9857,-0.078
9858,0.005
9859,-0.02
9860,-0.103
9861,-0.046
9862,-0.149
9863,-0.12
9864,-0.127
9865,-0.066
9866,-0.156
9867,0.212
9868,-0.127
9869,-0.139
9870,-0.034
9871,-0.232
9872,-0.085
9873,-0.022
9874,0.024
9875,-0.146
9876,-0.1
9877,-0.315
9878,-0.146
9879,-0.076
9880,-0.093
9881,-0.137
9882,-0.042
9883,-0.061
9884,-0.244
9885,-0.156
9886,-0.332
9887,-0.11
9888,-0.122
9889,-0.151
9890,-0.149
9891,-0.2
9892,-0.154
9893,-0.229
9894,-0.061
9895,-0.115
9896,-0.137
9897,-0.266
9898,-0.071
9899,-0.137
9900,-0.164
9901,-0.024
9902,-0.054
9903,-0.059
9904,-0.044
9905,-0.029
9906,-0.044
9907,0.002
9908,-0.056
9909,0.186
9910,0.012
9911,-0.081
9912,-0.244
9913,-0.183
9914,-0.129
9915,-0.229
9916,-0.227
9917,-0.142
9918,-0.122
9919,-0.208
9920,-0.024
9921,-0.027
9922,0.039
9923,-0.076
9924,-0.01
9925,-0.032
9926,-0.137
9927,-0.142
9928,-0.203
9929,-0.09
9930,0.002
9931,0.007
9932,-0.032
9933,-0.034
9934,-0.027
9935,-0.195
9936,-0.049
9937,-0.093
9938,-0.037
9939,-0.115
9940,-0.212
9941,-0.181
9942,-0.181
9943,-0.146
9944,-0.168
9945,-0.073
9946,-0.042
9947,0.005
9948,-0.225
9949,-0.027
9950,-0.164
9951,-0.005
9952,-0.227
9953,-0.103
9954,-0.066
9955,0.054
9956,-0.129
9957,-0.171
9958,0.037
9959,-0.024
9960,0.012
9961,-0.188
9962,0.015
9963,-0.156
9964,-0.076
9965,0.017
9966,-0.139
9967,-0.034
9968,-0.054
9969,-0.027
9970,-0.154
9971,0.0
9972,-0.046
9973,0.015
9974,-0.115
9975,-0.146
9976,-0.11
9977,-0.125
9978,-0.181
9979,-0.251
9980,-0.01
9981,-0.166
9982,-0.085
9983,-0.081
9984,0.105
9985,-0.083
9986,-0.09
9987,-0.061
9988,-0.181
9989,-0.142
9990,-0.117
9991,0.105
9992,-0.137
9993,-0.127
9994,-0.232
9995,-0.063
9996,-0.2
9997,-0.127
9998,-0.02
9999,-0.171
10000,-0.146
10001,-0.125
10002,0.061
10003,-0.173
10004,0.122
10005,-0.117
10006,-0.151
10007,-0.071
10008,0.005
10009,-0.107
10010,-0.312
10011,-0.103
10012,0.029
10013,-0.027
10014,-0.166
10015,-0.154
10016,-0.144
10017,-0.11
10018,-0.181
10019,-0.037
10020,0.012
10021,-0.276
10022,-0.232
10023,-0.159
10024,-0.056
10025,-0.166
10026,-0.022
10027,-0.127
10028,-0.049
10029,-0.139
10030,-0.073
10031,-0.088
10032,-0.186
10033,-0.051
10034,-0.059
10035,-0.107
10036,-0.31
10037,-0.259
10038,-0.151
10039,-0.061
10040,-0.063
10041,-0.11
10042,-0.002
10043,-0.002
10044,0.005
10045,-0.288
10046,0.081
10047,-0.056
10048,0.063
10049,-0.076
10050,-0.186
10051,-0.259
10052,-0.081
10053,0.125
10054,-0.122
10055,-0.112
10056,-0.266
10057,-0.112
10058,-0.288
10059,-0.127
10060,0.0
10061,0.005
10062,-0.317
10063,-0.098
10064,0.081
10065,-0.366
10066,-0.154
10067,-0.056
10068,-0.032
10069,-0.146
10070,-0.093
10071,-0.186
10072,-0.188
10073,-0.239
10074,-0.271
10075,0.007
10076,-0.134
10077,-0.183
10078,-0.129
10079,-0.195
10080,-0.208
10081,0.139
10082,-0.134
10083,-0.164
10084,-0.107
10085,-0.278
10086,-0.068
10087,-0.151
10088,-0.078
10089,-0.234
10090,0.034
10091,-0.161
10092,-0.139
10093,-0.125
10094,-0.234
10095,-0.188
10096,-0.132
10097,-0.095
10098,-0.22
10099,-0.11
10100,-0.281
10101,-0.02
10102,-0.046
10103,-0.029
10104,-0.117
10105,-0.049
10106,-0.093
10107,-0.251
10108,-0.249
10109,-0.046
10110,0.002
10111,-0.183
10112,-0.059
10113,-0.117
10114,-0.127
10115,-0.151
10116,-0.093
10117,-0.4
10118,-0.132
10119,-0.066
10120,-0.205
10121,-0.132
10122,-0.244
10123,-0.107
10124,-0.083
10125,-0.095
10126,-0.027
10127,-0.039
10128,-0.022
10129,-0.056
10130,0.137
10131,-0.103
10132,-0.278
10133,-0.134
10134,-0.01
10135,-0.186
10136,-0.137
10137,-0.139
10138,-0.259
10139,-0.051
10140,-0.151
10141,-0.027
10142,-0.095
10143,-0.042
10144,0.056
10145,0.046
10146,-0.337
10147,-0.139
10148,0.037
10149,-0.088
10150,0.005
10151,-0.164
10152,-0.137
10153,0.029
10154,0.068
10155,-0.005
10156,-0.015
10157,-0.115
10158,-0.251
10159,-0.046
10160,-0.081
10161,-0.073
10162,-0.166
10163,-0.122
10164,-0.078
10165,-0.103
10166,-0.266
10167,-0.12
10168,-0.225
10169,-0.308
10170,-0.178
10171,-0.173
10172,-0.095
10173,-0.254
10174,-0.269
10175,-0.232
10176,-0.066
10177,-0.342
10178,-0.115
10179,-0.112
10180,-0.21
10181,-0.117
10182,-0.105
10183,-0.081
10184,-0.149
10185,0.073
10186,-0.056
10187,0.042
10188,-0.127
10189,-0.168
10190,-0.142
10191,-0.012
10192,-0.061
10193,-0.115
10194,-0.071
10195,-0.183
10196,-0.186
10197,-0.188
10198,-0.095
10199,-0.264
10200,-0.19
10201,-0.156
10202,-0.117
10203,-0.125
10204,-0.159
10205,-0.024
10206,-0.11
10207,-0.098
10208,-0.1
10209,0.007
10210,-0.1
10211,-0.168
10212,-0.188
10213,-0.093
10214,-0.044
10215,-0.125
10216,-0.176
10217,-0.227
10218,-0.125
10219,-0.283
10220,-0.159
10221,-0.298
10222,-0.356
10223,-0.188
10224,-0.225
10225,-0.117
10226,-0.154
10227,-0.054
10228,-0.01
10229,0.154
10230,-0.098
10231,-0.022
10232,-0.203
10233,-0.195
10234,-0.073
10235,-0.154
10236,-0.193
10237,-0.083
10238,-0.01
10239,-0.156
10240,-0.068
10241,-0.208
10242,-0.195
10243,0.005
10244,-0.151
10245,-0.193
10246,-0.178
10247,-0.115
10248,-0.173
10249,0.002
10250,-0.117
10251,-0.159
10252,-0.161
10253,-0.09
10254,-0.244
10255,-0.149
10256,-0.142
10257,-0.085
10258,-0.146
10259,-0.237
10260,-0.132
10261,-0.129
10262,-0.002
10263,-0.156
10264,-0.127
10265,-0.139
10266,-0.044
10267,-0.071
10268,-0.229
10269,0.0
10270,-0.083
10271,-0.056
10272,0.046
10273,-0.085
10274,-0.142
10275,-0.049
10276,-0.032
10277,-0.046
10278,-0.059
10279,-0.029
10280,-0.122
10281,-0.129
10282,0.071
10283,-0.164
10284,-0.278
10285,-0.139
10286,-0.095
10287,-0.183
10288,-0.146
10289,-0.19
10290,0.054
10291,0.2
10292,-0.291
10293,-0.159
10294,-0.09
10295,-0.161
10296,-0.144
10297,-0.198
10298,-0.234
10299,-0.134
10300,-0.159
10301,-0.295
10302,-0.022
10303,-0.315
10304,-0.188
10305,-0.259
10306,-0.161
10307,-0.151
10308,0.012
10309,-0.083
10310,-0.046
10311,0.007
10312,-0.132
10313,0.073
10314,-0.095
10315,0.02
10316,-0.234
10317,0.0
10318,-0.022
10319,-0.264
10320,-0.107
10321,0.054
10322,0.039
10323,-0.19
10324,-0.151
10325,-0.2
10326,-0.083
10327,-0.164
10328,-0.037
10329,0.005
10330,-0.134
10331,-0.125
10332,-0.195
10333,-0.044
10334,-0.159
10335,-0.002
10336,-0.293
10337,-0.042
10338,-0.164
10339,-0.159
10340,-0.105
10341,-0.117
10342,-0.229
10343,-0.161
10344,-0.19
10345,-0.149
10346,-0.044
10347,-0.139
10348,-0.117
10349,-0.122
10350,-0.11
10351,0.085
10352,0.012
10353,-0.044
10354,-0.208
10355,-0.103
10356,-0.083
10357,0.042
10358,-0.234
10359,-0.205
10360,-0.081
10361,-0.112
10362,-0.283
10363,-0.024
10364,0.056
10365,-0.234
10366,-0.239
10367,-0.161
10368,-0.093
10369,-0.251
10370,-0.085
10371,0.037
10372,-0.205
10373,-0.239
10374,-0.156
10375,-0.012
10376,-0.11
10377,-0.159
10378,-0.388
10379,-0.317
10380,-0.278
10381,-0.156
10382,-0.242
10383,-0.12
10384,0.007
10385,-0.151
10386,-0.068
10387,-0.022
10388,0.015
10389,-0.088
10390,-0.09
10391,-0.044
10392,0.022
10393,-0.037
10394,-0.02
10395,-0.09
10396,-0.159
10397,-0.188
10398,-0.193
10399,-0.09
10400,-0.056
10401,-0.081
10402,-0.276
10403,-0.056
10404,-0.149
10405,-0.317
10406,-0.198
10407,0.029
10408,-0.061
10409,-0.151
10410,-0.01
10411,-0.168
10412,0.085
10413,-0.2
10414,-0.017
10415,-0.059
10416,-0.166
10417,0.073
10418,-0.142
10419,-0.283
10420,-0.195
10421,-0.098
10422,-0.305
10423,0.066
10424,-0.12
10425,-0.425
10426,-0.208
10427,-0.112
10428,-0.002
10429,0.066
10430,-0.056
10431,-0.193
10432,-0.127
10433,-0.081
10434,0.02
10435,-0.054
10436,-0.2
10437,-0.105
10438,0.032
10439,0.046
10440,-0.176
10441,-0.081
10442,-0.093
10443,-0.029
10444,-0.208
10445,-0.247
10446,-0.188
10447,-0.073
10448,-0.044
10449,-0.1
10450,-0.093
10451,-0.327
10452,0.068
10453,-0.078
10454,-0.168
10455,-0.21
10456,-0.181
10457,-0.168
10458,-0.049
10459,0.002
10460,-0.176
10461,-0.312
10462,-0.327
10463,-0.012
10464,-0.037
10465,-0.33
10466,-0.183
10467,0.093
10468,0.02
10469,-0.342
10470,-0.137
10471,-0.078
10472,0.005
10473,-0.19
10474,-0.039
10475,-0.178
10476,-0.076
10477,-0.081
10478,0.076
10479,-0.051
10480,-0.247
10481,-0.144
10482,-0.276
10483,-0.095
10484,-0.369
10485,0.095
10486,0.066
10487,0.005
10488,-0.125
10489,0.125
10490,0.015
10491,0.132
10492,-0.151
10493,-0.369
10494,-0.059
10495,-0.234
10496,-0.095
10497,-0.134
10498,-0.322
10499,-0.19
10500,-0.042
10501,-0.388
10502,-0.232
10503,-0.176
10504,-0.281
10505,0.195
10506,-0.078
10507,-0.227
10508,-0.078
10509,-0.042
10510,-0.222
10511,0.276
10512,-0.066
10513,-0.056
10514,-0.015
10515,-0.098
10516,-0.195
10517,-0.085
10518,-0.217
10519,-0.159
10520,-0.156
10521,-0.259
10522,-0.193
10523,0.002
10524,-0.261
10525,0.063
10526,-0.068
10527,-0.242
10528,-0.393
10529,-0.068
10530,-0.156
10531,-0.027
10532,-0.271
10533,-0.156
10534,0.11
10535,-0.1
10536,-0.137
10537,0.11
10538,-0.186
10539,0.11
10540,-0.137
10541,-0.254
10542,-0.176
10543,-0.159
10544,-0.203
10545,-0.044
10546,-0.232
10547,-0.256
10548,-0.073
10549,-0.068
10550,-0.247
10551,-0.19
10552,0.154
10553,0.232
10554,0.107
10555,-0.271
10556,-0.256
10557,-0.046
10558,-0.02
10559,-0.085
10560,-0.122
10561,-0.11
10562,-0.081
10563,-0.09
10564,-0.107
10565,-0.078
10566,-0.09
10567,0.017
10568,-0.144
10569,-0.293
10570,-0.269
10571,-0.056
10572,-0.107
10573,-0.166
10574,0.015
10575,-0.039
10576,-0.09
10577,-0.002
10578,-0.171
10579,-0.203
10580,-0.068
10581,-0.2
10582,-0.251
10583,-0.076
10584,-0.115
10585,-0.066
10586,-0.173
10587,-0.137
10588,-0.073
10589,-0.042
10590,-0.063
10591,-0.063
10592,0.015
10593,-0.146
10594,-0.12
10595,-0.039
10596,-0.022
10597,-0.139
10598,-0.229
10599,-0.237
10600,-0.125
10601,-0.186
10602,-0.22
10603,-0.19
10604,-0.254
10605,-0.173
10606,-0.261
10607,-0.103
10608,-0.029
10609,-0.076
10610,-0.093
10611,-0.01
10612,-0.139
10613,-0.132
10614,-0.161
10615,-0.129
10616,-0.107
10617,-0.256
10618,-0.168
10619,-0.173
10620,-0.068
10621,-0.085
10622,-0.161
10623,-0.11
10624,-0.073
10625,-0.029
10626,-0.288
10627,-0.122
10628,0.042
10629,-0.176
10630,-0.115
10631,0.103
10632,0.005
10633,-0.193
10634,-0.095
10635,0.125
10636,0.015
10637,-0.33
10638,-0.154
10639,0.037
10640,-0.205
10641,-0.212
10642,0.02
10643,-0.105
10644,-0.054
10645,-0.312
10646,-0.051
10647,-0.176
10648,-0.33
10649,0.046
10650,0.051
10651,-0.305
10652,-0.046
10653,0.132
10654,-0.166
10655,-0.327
10656,-0.183
10657,-0.066
10658,-0.015
10659,-0.088
10660,-0.151
10661,0.142
10662,-0.127
10663,-0.034
10664,-0.044
10665,-0.332
10666,-0.151
10667,-0.044
10668,-0.168
10669,-0.205
10670,-0.215
10671,0.154
10672,-0.029
10673,-0.364
10674,0.1
10675,0.212
10676,-0.215
10677,-0.078
10678,-0.046
10679,-0.22
10680,-0.107
10681,-0.325
10682,-0.31
10683,-0.205
10684,-0.303
10685,-0.083
10686,-0.01
10687,-0.264
10688,-0.171
10689,-0.024
10690,-0.083
10691,-0.029
10692,-0.144
10693,-0.354
10694,-0.11
10695,-0.183
10696,-0.154
10697,-0.12
10698,-0.212
10699,-0.156
10700,-0.112
10701,-0.159
10702,-0.151
10703,-0.117
10704,-0.164
10705,-0.083
10706,-0.159
10707,-0.139
10708,-0.034
10709,-0.1
10710,-0.146
10711,-0.054
10712,-0.159
10713,-0.098
10714,-0.088
10715,-0.281
10716,-0.212
10717,-0.21
10718,-0.093
10719,0.107
10720,-0.129
10721,-0.129
10722,-0.139
10723,-0.142
10724,-0.161
10725,-0.049
10726,-0.049
10727,-0.129
10728,-0.125
10729,-0.317
10730,-0.105
10731,-0.144
10732,-0.161
10733,0.146
10734,0.1
10735,-0.256
10736,-0.244
10737,-0.176
10738,-0.01
10739,-0.085
10740,-0.251
10741,-0.251
10742,-0.115
10743,-0.186
10744,-0.151
10745,-0.129
10746,-0.217
10747,0.066
10748,-0.002
10749,-0.132
10750,-0.164
10751,0.017
10752,0.007
10753,-0.132
10754,0.122
10755,0.0
10756,-0.222
10757,-0.237
10758,-0.129
10759,-0.208
10760,-0.11
10761,0.039
10762,-0.083
10763,-0.146
10764,-0.413
10765,0.002
10766,0.229
10767,-0.056
10768,-0.242
10769,-0.09
10770,-0.156
10771,-0.1
10772,0.071
10773,-0.159
10774,-0.046
10775,-0.027
10776,-0.115
10777,-0.137
10778,-0.061
10779,-0.21
10780,-0.232
10781,-0.222
10782,-0.208
10783,-0.144
10784,-0.161
10785,-0.278
10786,-0.281
10787,-0.244
10788,-0.1
10789,-0.088
10790,-0.076
10791,-0.125
10792,-0.046
10793,0.183
10794,-0.146
10795,-0.334
10796,-0.071
10797,-0.1
10798,-0.042
10799,-0.137
10800,-0.225
10801,-0.203
10802,0.117
10803,-0.229
10804,-0.164
10805,-0.256
10806,-0.232
10807,-0.352
10808,-0.034
10809,-0.083
10810,-0.256
10811,-0.178
10812,-0.129
10813,-0.081
10814,-0.227
10815,-0.19
10816,-0.195
10817,-0.115
10818,-0.137
10819,-0.122
10820,-0.029
10821,-0.198
10822,-0.19
10823,-0.164
10824,-0.112
10825,-0.139
10826,-0.205
10827,-0.054
10828,0.027
10829,-0.256
10830,-0.117
10831,-0.144
10832,-0.049
10833,-0.068
10834,0.083
10835,0.125
10836,-0.063
10837,-0.093
10838,-0.056
10839,0.032
10840,-0.139
10841,-0.188
10842,0.127
10843,0.156
10844,-0.132
10845,-0.088
10846,-0.083
10847,-0.125
10848,-0.044
10849,-0.244
10850,-0.342
10851,-0.093
10852,-0.039
10853,-0.02
10854,-0.227
10855,-0.034
10856,-0.1
10857,-0.071
10858,-0.11
10859,-0.076
10860,-0.137
10861,-0.344
10862,-0.503
10863,-0.078
10864,-0.408
10865,-0.276
10866,0.022
10867,-0.01
10868,-0.247
10869,-0.396
10870,-0.073
10871,-0.063
10872,-0.115
10873,-0.332
10874,-0.051
10875,-0.286
10876,-0.332
10877,0.012
10878,-0.046
10879,-0.073
10880,-0.227
10881,-0.059
10882,-0.063
10883,-0.049
10884,-0.212
10885,-0.083
10886,-0.166
10887,-0.22
10888,-0.154
10889,-0.164
10890,-0.125
10891,-0.142
10892,-0.151
10893,-0.139
10894,0.005
10895,-0.127
10896,0.027
10897,-0.044
10898,-0.11
10899,-0.103
10900,-0.198
10901,-0.164
10902,0.005
10903,-0.044
10904,-0.54
10905,-0.068
10906,-0.09
10907,-0.181
10908,-0.168
10909,-0.217
10910,-0.259
10911,-0.203
10912,-0.002
10913,-0.046
10914,0.042
10915,-0.112
10916,-0.078
10917,-0.002
10918,-0.173
10919,-0.049
10920,-0.015
10921,-0.085
10922,-0.215
10923,-0.122
10924,-0.166
10925,-0.037
10926,-0.21
10927,-0.251
10928,-0.1
10929,0.012
10930,-0.193
10931,-0.222
10932,-0.173
10933,-0.134
10934,-0.12
10935,-0.227
10936,-0.142
10937,-0.061
10938,-0.166
10939,-0.11
10940,0.107
10941,-0.071
10942,-0.286
10943,-0.034
10944,-0.315
10945,-0.186
10946,-0.154
10947,-0.078
10948,-0.388
10949,-0.186
10950,-0.122
10951,-0.2
10952,-0.02
10953,-0.098
10954,-0.061
10955,-0.054
10956,0.029
10957,-0.112
10958,0.071
10959,-0.134
10960,-0.164
10961,-0.078
10962,-0.027
10963,-0.09
10964,-0.012
10965,-0.12
10966,-0.286
10967,-0.139
10968,-0.088
10969,-0.022
10970,-0.107
10971,-0.088
10972,0.005
10973,-0.239
10974,-0.166
10975,-0.061
10976,-0.095
10977,-0.43
10978,-0.115
10979,-0.095
10980,-0.247
10981,-0.227
10982,0.024
10983,0.005
10984,-0.193
10985,-0.239
10986,-0.195
10987,-0.095
10988,-0.354
10989,-0.21
10990,-0.107
10991,-0.31
10992,-0.273
10993,0.176
10994,0.012
10995,-0.344
10996,-0.215
10997,-0.085
10998,0.005
10999,-0.142
11000,-0.12
11001,-0.017
11002,0.081
11003,-0.198
11004,0.012
11005,-0.029
11006,-0.161
11007,-0.212
11008,-0.164
11009,0.095
11010,-0.002
11011,-0.259
11012,-0.117
11013,-0.051
11014,-0.125
11015,0.034
11016,0.024
11017,-0.195
11018,-0.125
11019,-0.173
11020,-0.039
11021,-0.178
11022,-0.007
11023,-0.188
11024,-0.022
11025,-0.024
11026,-0.288
11027,-0.161
11028,-0.056
11029,-0.078
11030,-0.227
11031,-0.012
11032,-0.283
11033,-0.151
11034,-0.256
11035,0.017
11036,0.046
11037,-0.042
11038,-0.1
11039,-0.046
11040,-0.1
11041,-0.054
11042,0.056
11043,-0.225
11044,-0.015
11045,-0.063
11046,-0.2
11047,-0.134
11048,-0.215
11049,-0.286
11050,-0.088
11051,-0.078
11052,-0.161
11053,-0.137
11054,-0.327
11055,0.01
11056,-0.142
11057,-0.273
11058,0.056
11059,-0.134
11060,-0.459
11061,0.063
11062,0.281
11063,-0.449
11064,-0.188
11065,-0.156
11066,-0.061
11067,-0.142
11068,-0.12
11069,-0.403
11070,-0.146
11071,-0.037
11072,-0.244
11073,0.073
11074,-0.249
11075,-0.061
11076,-0.093
11077,-0.034
11078,-0.012
11079,-0.146
11080,-0.198
11081,0.071
11082,-0.21
11083,-0.271
11084,0.12
11085,-0.181
11086,-0.156
11087,-0.264
11088,-0.088
11089,-0.146
11090,-0.21
11091,-0.144
11092,0.071
11093,-0.027
11094,-0.208
11095,-0.098
11096,-0.186
11097,-0.312
11098,-0.205
11099,0.085
11100,-0.122
11101,0.034
11102,-0.054
11103,-0.3
11104,-0.173
11105,-0.063
11106,0.056
11107,-0.186
11108,-0.076
11109,0.093
11110,-0.095
11111,-0.249
11112,0.09
11113,-0.01
11114,-0.449
11115,-0.198
11116,-0.02
11117,0.0
11118,-0.22
11119,-0.117
11120,-0.1
11121,-0.054
11122,-0.254
11123,-0.117
11124,0.115
11125,-0.195
11126,-0.1
11127,-0.083
11128,-0.1
11129,-0.437
11130,-0.261
11131,-0.271
11132,-0.088
11133,-0.247
11134,-0.198
11135,0.032
11136,-0.068
11137,-0.066
11138,-0.164
11139,0.056
11140,-0.212
11141,-0.212
11142,-0.081
11143,-0.095
11144,-0.264
11145,-0.256
11146,0.046
11147,-0.095
11148,-0.117
11149,-0.291
11150,-0.088
11151,-0.149
11152,-0.034
11153,-0.232
11154,-0.037
11155,0.042
11156,-0.039
11157,-0.081
11158,0.022
11159,0.027
11160,-0.293
11161,0.081
11162,-0.056
11163,-0.244
11164,-0.247
11165,0.068
11166,-0.042
11167,-0.212
11168,-0.164
11169,-0.112
11170,-0.012
11171,-0.298
11172,-0.237
11173,-0.178
11174,-0.164
11175,-0.344
11176,-0.061
11177,0.024
11178,-0.232
11179,-0.09
11180,-0.098
11181,-0.168
11182,-0.095
11183,0.12
11184,-0.093
11185,0.005
11186,-0.227
11187,-0.183
11188,-0.159
11189,-0.161
11190,-0.085
11191,-0.11
11192,-0.112
11193,-0.217
11194,0.015
11195,-0.342
11196,-0.073
11197,-0.12
11198,-0.122
11199,-0.073
11200,-0.088
11201,0.042
11202,-0.061
11203,-0.049
11204,-0.215
11205,-0.127
11206,-0.095
11207,0.073
11208,-0.085
11209,-0.203
11210,-0.188
11211,-0.215
11212,-0.122
11213,-0.203
11214,-0.098
11215,-0.342
11216,-0.1
11217,-0.107
11218,-0.112
11219,-0.112
11220,-0.198
11221,-0.247
11222,-0.146
11223,-0.024
11224,-0.22
11225,0.022
11226,-0.156
11227,-0.056
11228,-0.164
11229,-0.173
11230,0.01
11231,-0.078
11232,-0.247
11233,-0.251
11234,-0.085
11235,-0.281
11236,-0.193
11237,-0.112
11238,0.095
11239,-0.105
11240,-0.142
11241,-0.142
11242,0.017
11243,0.01
11244,-0.173
11245,0.093
11246,0.134
11247,0.02
11248,-0.132
11249,-0.146
11250,-0.051
11251,-0.095
11252,-0.327
11253,-0.242
11254,-0.137
11255,-0.122
11256,0.054
11257,-0.144
11258,-0.076
11259,-0.142
11260,-0.146
11261,-0.166
11262,-0.078
11263,-0.188
11264,-0.166
11265,-0.042
11266,-0.093
11267,-0.012
11268,-0.098
11269,-0.134
11270,-0.181
11271,-0.056
11272,-0.029
11273,0.073
11274,-0.359
11275,-0.09
11276,0.195
11277,0.039
11278,0.098
11279,-0.103
11280,-0.078
11281,-0.098
11282,-0.044
11283,-0.1
11284,-0.068
11285,-0.049
11286,-0.176
11287,-0.171
11288,-0.11
11289,0.051
11290,-0.203
11291,-0.269
11292,-0.19
11293,0.051
11294,-0.02
11295,-0.359
11296,-0.081
11297,-0.032
11298,0.059
11299,-0.081
11300,-0.034
11301,-0.269
11302,-0.11
11303,-0.229
11304,0.015
11305,0.02
11306,-0.112
11307,-0.122
11308,-0.166
11309,-0.117
11310,-0.247
11311,-0.032
11312,-0.173
11313,-0.188
11314,-0.049
11315,-0.088
11316,-0.027
11317,-0.127
11318,-0.039
11319,-0.088
11320,-0.081
11321,-0.356
11322,-0.083
11323,0.146
11324,0.017
11325,-0.154
11326,-0.085
11327,0.129
11328,0.015
11329,-0.186
11330,-0.281
11331,-0.027
11332,-0.095
11333,-0.129
11334,-0.195
11335,-0.11
11336,-0.186
11337,-0.142
11338,-0.188
11339,-0.205
11340,-0.164
11341,-0.322
11342,-0.107
11343,-0.076
11344,0.0
11345,-0.154
11346,-0.149
11347,-0.149
11348,-0.076
11349,-0.032
11350,-0.061
11351,-0.137
11352,-0.312
11353,-0.012
11354,-0.095
11355,-0.193
11356,-0.222
11357,-0.054
11358,-0.081
11359,0.02
11360,0.034
11361,-0.134
11362,-0.046
11363,0.0
11364,-0.002
11365,-0.146
11366,0.034
11367,-0.078
11368,-0.071
11369,-0.166
11370,-0.024
11371,-0.044
11372,-0.073
11373,-0.049
11374,-0.137
11375,-0.186
11376,-0.139
11377,0.095
11378,-0.198
11379,-0.186
11380,-0.117
11381,-0.063
11382,-0.142
11383,-0.115
11384,-0.034
11385,-0.156
11386,-0.161
11387,-0.251
11388,-0.193
11389,-0.117
11390,-0.059
11391,-0.027
11392,0.007
11393,-0.188
11394,-0.146
11395,-0.005
11396,-0.166
11397,0.012
11398,-0.122
11399,-0.098
11400,-0.134
11401,0.042
11402,-0.044
11403,-0.071
11404,-0.039
11405,-0.149
11406,-0.032
11407,-0.12
11408,-0.134
11409,-0.19
11410,0.039
11411,-0.054
11412,-0.046
11413,-0.107
11414,-0.117
11415,-0.09
11416,-0.242
11417,-0.061
11418,-0.244
11419,-0.039
11420,-0.315
11421,-0.183
11422,-0.049
11423,-0.11
11424,-0.12
11425,-0.046
11426,-0.063
11427,-0.146
11428,-0.259
11429,-0.417
11430,-0.298
11431,-0.139
11432,-0.017
11433,-0.208
11434,-0.181
11435,-0.22
11436,-0.161
11437,-0.083
11438,-0.4
11439,-0.12
11440,0.046
11441,-0.107
11442,-0.117
11443,-0.02
11444,-0.054
11445,0.039
11446,0.183
11447,0.024
11448,0.002
11449,-0.303
11450,-0.02
11451,-0.188
11452,-0.134
11453,-0.146
11454,0.066
11455,-0.168
11456,-0.164
11457,-0.173
11458,-0.188
11459,-0.132
11460,-0.139
11461,0.02
11462,-0.249
11463,-0.229
11464,-0.288
11465,-0.002
11466,-0.161
11467,-0.022
11468,-0.117
11469,-0.217
11470,-0.22
11471,-0.222
11472,-0.325
11473,-0.193
11474,-0.127
11475,-0.237
11476,-0.117
11477,-0.254
11478,-0.271
11479,0.039
11480,-0.032
11481,0.112
11482,-0.068
11483,0.005
11484,-0.154
11485,0.029
11486,-0.078
11487,-0.137
11488,-0.142
11489,-0.168
11490,-0.247
11491,-0.12
11492,-0.176
11493,-0.151
11494,-0.095
11495,-0.276
11496,-0.144
11497,-0.391
11498,-0.254
11499,-0.105
11500,-0.198
11501,-0.332
11502,-0.325
11503,-0.134
11504,0.002
11505,-0.005
11506,-0.159
11507,0.166
11508,0.151
11509,-0.205
11510,-0.21
11511,-0.083
11512,-0.02
11513,-0.208
11514,-0.037
11515,-0.205
11516,-0.1
11517,-0.244
11518,-0.354
11519,-0.249
11520,-0.308
11521,-0.325
11522,-0.068
11523,0.032
11524,-0.115
11525,0.024
11526,-0.015
11527,0.066
11528,-0.144
11529,-0.105
11530,-0.044
11531,-0.059
11532,-0.039
11533,-0.073
11534,0.09
11535,-0.129
11536,-0.164
11537,-0.1
11538,-0.125
11539,-0.249
11540,-0.276
11541,-0.21
11542,-0.137
11543,-0.234
11544,-0.339
11545,-0.078
11546,-0.02
11547,0.039
11548,-0.208
11549,-0.166
11550,-0.181
11551,-0.085
11552,-0.244
11553,-0.137
11554,0.168
11555,-0.085
11556,-0.063
11557,-0.083
11558,-0.125
11559,-0.215
11560,0.02
11561,-0.01
11562,-0.122
11563,-0.059
11564,-0.283
11565,-0.205
11566,-0.122
11567,0.063
11568,-0.166
11569,-0.151
11570,-0.066
11571,0.164
11572,-0.117
11573,-0.195
11574,0.01
11575,-0.044
11576,-0.295
11577,-0.029
11578,0.056
11579,-0.098
11580,-0.139
11581,-0.312
11582,-0.022
11583,0.005
11584,-0.269
11585,-0.12
11586,-0.193
11587,-0.059
11588,-0.149
11589,-0.288
11590,-0.154
11591,0.088
11592,-0.22
11593,-0.122
11594,-0.042
11595,-0.356
11596,0.005
11597,-0.127
11598,-0.239
11599,-0.193
11600,-0.054
11601,-0.383
11602,-0.076
11603,-0.059
11604,-0.039
11605,0.076
11606,-0.054
11607,-0.049
11608,0.107
11609,0.12
11610,-0.068
11611,0.178
11612,-0.125
11613,-0.134
11614,-0.146
11615,-0.254
11616,-0.317
11617,-0.125
11618,-0.134
11619,-0.171
11620,-0.146
11621,-0.254
11622,-0.176
11623,-0.173
11624,-0.159
11625,0.0
11626,-0.105
11627,-0.122
11628,-0.11
11629,-0.012
11630,-0.132
11631,-0.056
11632,-0.2
11633,-0.083
11634,-0.081
11635,-0.142
11636,-0.2
11637,-0.142
11638,-0.103
11639,-0.122
11640,-0.142
11641,-0.32
11642,-0.151
11643,-0.154
11644,-0.125
11645,-0.208
11646,-0.037
11647,-0.046
11648,-0.186
11649,-0.083
11650,-0.022
11651,-0.11
11652,-0.176
11653,-0.037
11654,-0.032
11655,-0.171
11656,-0.183
11657,-0.181
11658,-0.186
11659,-0.266
11660,-0.042
11661,0.039
11662,-0.117
11663,-0.078
11664,0.022
11665,-0.171
11666,-0.078
11667,-0.237
11668,-0.227
11669,-0.298
11670,-0.027
11671,-0.027
11672,-0.134
11673,-0.071
11674,-0.161
11675,-0.122
11676,-0.393
11677,-0.186
11678,0.005
11679,-0.176
11680,-0.344
11681,0.066
11682,-0.088
11683,-0.278
11684,-0.076
11685,-0.024
11686,0.0
11687,0.056
11688,-0.142
11689,-0.21
11690,-0.107
11691,-0.095
11692,-0.024
11693,0.105
11694,-0.178
11695,-0.005
11696,-0.081
11697,-0.015
11698,-0.183
11699,-0.076
11700,-0.09
11701,-0.112
11702,-0.159
11703,-0.098
11704,0.029
11705,-0.344
11706,-0.02
11707,0.112
11708,-0.085
11709,-0.493
11710,-0.098
11711,-0.073
11712,0.02
11713,-0.168
11714,-0.103
11715,-0.01
11716,-0.325
11717,-0.278
11718,0.032
11719,-0.054
11720,-0.276
11721,-0.21
11722,-0.115
11723,-0.149
11724,-0.117
11725,-0.107
11726,-0.012
11727,-0.066
11728,-0.002
11729,-0.12
11730,-0.073
11731,-0.251
11732,-0.127
11733,-0.093
11734,0.078
11735,-0.137
11736,-0.186
11737,-0.178
11738,-0.073
11739,-0.02
11740,-0.237
11741,-0.227
11742,-0.171
11743,-0.044
11744,-0.012
11745,-0.112
11746,-0.09
11747,-0.029
11748,0.012
11749,-0.117
11750,-0.095
11751,-0.239
11752,-0.208
11753,-0.173
11754,-0.129
11755,-0.017
11756,-0.168
11757,-0.205
11758,-0.09
11759,0.078
11760,-0.198
11761,-0.203
11762,-0.193
11763,-0.051
11764,-0.181
11765,-0.11
11766,-0.156
11767,-0.112
11768,-0.042
11769,-0.068
11770,0.103
11771,-0.188
11772,-0.134
11773,-0.039
11774,0.186
11775,-0.083
11776,-0.129
11777,0.071
11778,-0.127
11779,-0.269
11780,-0.181
11781,0.054
11782,-0.12
11783,-0.107
11784,-0.303
11785,-0.059
11786,-0.122
11787,-0.242
11788,-0.156
11789,-0.078
11790,-0.11
11791,-0.347
11792,-0.042
11793,-0.037
11794,-0.042
11795,-0.239
11796,-0.061
11797,-0.144
11798,-0.33
11799,-0.19
11800,-0.193
11801,-0.081
11802,-0.337
11803,-0.215
11804,-0.044
11805,-0.039
11806,-0.271
11807,-0.186
11808,0.005
11809,-0.063
11810,-0.22
11811,-0.059
11812,0.017
11813,-0.144
11814,0.022
11815,-0.146
11816,-0.029
11817,-0.181
11818,0.085
11819,0.037
11820,0.054
11821,0.02
11822,-0.105
11823,-0.198
11824,-0.261
11825,-0.12
11826,-0.242
11827,-0.166
11828,-0.19
11829,0.046
11830,-0.078
11831,-0.176
11832,-0.222
11833,-0.12
11834,-0.02
11835,-0.054
11836,-0.01
11837,-0.166
11838,-0.173
11839,-0.037
11840,-0.129
11841,-0.278
11842,-0.225
11843,-0.115
11844,-0.237
11845,-0.027
11846,-0.151
11847,-0.19
11848,-0.205
11849,0.017
11850,-0.129
11851,-0.149
11852,-0.159
11853,-0.156
11854,-0.012
11855,-0.071
11856,0.066
11857,-0.151
11858,-0.1
11859,-0.142
11860,-0.195
11861,-0.093
11862,-0.139
11863,-0.173
11864,-0.229
11865,-0.027
11866,-0.234
11867,-0.134
11868,-0.178
11869,-0.146
11870,-0.144
11871,-0.188
11872,-0.063
11873,-0.203
11874,0.002
11875,-0.059
11876,-0.293
11877,-0.376
11878,-0.017
11879,-0.054
11880,-0.073
11881,-0.037
11882,-0.078
11883,-0.137
11884,-0.198
11885,-0.061
11886,-0.239
11887,0.364
11888,-0.757
11889,-1.121
11890,-0.261
11891,0.217
11892,-0.09
11893,-0.161
11894,-0.127
11895,-0.266
11896,-0.564
11897,-0.256
11898,0.273
11899,0.046
11900,-0.212
11901,-0.166
11902,-0.103
11903,-0.181
11904,-0.366
11905,0.063
11906,0.122
11907,0.032
11908,-0.024
11909,0.151
11910,-0.103
11911,-0.271
11912,-0.193
11913,-0.129
11914,-0.188
11915,-0.225
11916,-0.125
11917,-0.254
11918,-0.127
11919,-0.129
11920,0.01
11921,-0.256
11922,-0.046
11923,-0.188
11924,-0.117
11925,-0.164
11926,-0.251
11927,-0.083
11928,-0.083
11929,-0.078
11930,-0.159
11931,0.037
11932,-0.027
11933,0.046
11934,-0.134
11935,-0.042
11936,-0.071
11937,-0.112
11938,0.022
11939,-0.103
11940,-0.168
11941,-0.222
11942,-0.071
11943,-0.166
11944,-0.154
11945,-0.168
11946,-0.166
11947,-0.098
11948,-0.098
11949,-0.208
11950,-0.217
11951,-0.217
11952,-0.208
11953,-0.073
11954,-0.015
11955,-0.005
11956,-0.071
11957,-0.171
11958,-0.054
11959,-0.132
11960,-0.273
11961,-0.227
11962,-0.083
11963,-0.117
11964,-0.137
11965,-0.315
11966,-0.229
11967,-0.117
11968,-0.115
11969,-0.19
11970,-0.046
11971,-0.159
11972,-0.159
11973,0.039
11974,0.015
11975,0.022
11976,-0.042
11977,-0.168
11978,0.083
11979,-0.042
11980,-0.188
11981,-0.037
11982,-0.017
11983,-0.137
11984,-0.178
11985,-0.208
11986,-0.078
11987,-0.229
11988,-0.242
11989,-0.156
11990,-0.088
11991,-0.278
11992,-0.283
11993,-0.2
11994,-0.181
11995,-0.081
11996,-0.42
11997,-0.139
11998,0.005
11999,-0.217
12000,-0.254
12001,-0.061
12002,-0.195
12003,-0.393
12004,-0.242
12005,0.027
12006,-0.066
12007,-0.132
12008,0.071
12009,0.054
12010,0.017
12011,-0.017
12012,0.051
12013,-0.076
12014,-0.195
12015,-0.01
12016,0.007
12017,0.024
12018,-0.171
12019,-0.208
12020,-0.068
12021,0.168
12022,-0.107
12023,-0.315
12024,-0.105
12025,-0.01
12026,0.044
12027,-0.195
12028,-0.063
12029,-0.154
12030,-0.217
12031,-0.254
12032,0.051
12033,-0.078
12034,-0.129
12035,-0.164
12036,0.046
12037,-0.095
12038,-0.344
12039,-0.376
12040,-0.071
12041,-0.076
12042,-0.264
12043,-0.244
12044,-0.264
12045,-0.217
12046,-0.073
12047,0.122
12048,-0.002
12049,-0.078
12050,-0.046
12051,0.225
12052,0.012
12053,-0.134
12054,0.215
12055,0.188
12056,-0.063
12057,-0.02
12058,-0.146
12059,-0.029
12060,-0.029
12061,-0.205
12062,-0.271
12063,-0.029
12064,-0.247
12065,-0.278
12066,-0.212
12067,-0.139
12068,-0.054
12069,-0.078
12070,-0.22
12071,-0.281
12072,-0.244
12073,-0.203
12074,0.076
12075,-0.007
12076,-0.161
12077,-0.215
12078,-0.149
12079,-0.01
12080,-0.122
12081,-0.229
12082,-0.217
12083,0.032
12084,-0.3
12085,-0.159
12086,-0.051
12087,-0.093
12088,-0.059
12089,-0.02
12090,-0.193
12091,-0.144
12092,-0.022
12093,-0.19
12094,0.066
12095,-0.09
12096,-0.261
12097,-0.112
12098,-0.085
12099,-0.051
12100,-0.081
12101,-0.269
12102,-0.283
12103,-0.129
12104,-0.303
12105,-0.32
12106,-0.266
12107,-0.254
12108,-0.208
12109,-0.176
12110,-0.176
12111,-0.017
12112,-0.112
12113,-0.205
12114,0.183
12115,0.232
12116,-0.151
12117,-0.115
12118,0.146
12119,-0.334
12120,-0.234
12121,0.059
12122,-0.19
12123,-0.259
12124,-0.293
12125,-0.144
12126,-0.007
12127,-0.186
12128,-0.393
12129,-0.134
12130,-0.154
12131,-0.115
12132,-0.02
12133,-0.237
12134,-0.085
12135,0.024
12136,-0.02
12137,-0.295
12138,-0.105
12139,-0.098
12140,-0.122
12141,-0.237
12142,-0.276
12143,-0.076
12144,-0.247
12145,-0.137
12146,-0.137
12147,-0.212
12148,-0.198
12149,-0.056
12150,-0.015
12151,-0.056
12152,-0.083
12153,-0.359
12154,-0.117
12155,-0.156
12156,-0.051
12157,-0.09
12158,0.066
12159,-0.088
12160,-0.051
12161,-0.068
12162,-0.083
12163,-0.188
12164,-0.19
12165,-0.034
12166,-0.151
12167,-0.103
12168,-0.117
12169,-0.061
12170,-0.151
12171,-0.198
12172,-0.039
12173,-0.054
12174,-0.12
12175,-0.095
12176,-0.093
12177,-0.168
12178,-0.098
12179,-0.229
12180,-0.027
12181,-0.2
12182,-0.181
12183,-0.056
12184,-0.093
12185,-0.239
12186,-0.156
12187,-0.076
12188,-0.217
12189,-0.078
12190,-0.007
12191,-0.166
12192,-0.044
12193,-0.122
12194,-0.105
12195,0.02
12196,-0.081
12197,-0.229
12198,-0.168
12199,-0.173
12200,-0.134
12201,-0.181
12202,-0.317
12203,-0.242
12204,-0.02
12205,-0.071
12206,-0.154
12207,-0.129
12208,-0.139
12209,-0.166
12210,-0.298
12211,-0.298
12212,-0.081
12213,-0.134
12214,-0.12
12215,-0.181
12216,-0.073
12217,-0.239
12218,0.024
12219,0.063
12220,-0.129
12221,-0.247
12222,-0.144
12223,-0.208
12224,-0.291
12225,-0.164
12226,-0.068
12227,-0.103
12228,-0.295
12229,-0.271
12230,-0.31
12231,-0.239
12232,-0.105
12233,-0.095
12234,-0.181
12235,-0.237
12236,-0.115
12237,-0.02
12238,-0.11
12239,-0.037
12240,0.044
12241,-0.007
12242,-0.188
12243,-0.22
12244,0.007
12245,-0.085
12246,-0.295
12247,-0.056
12248,-0.129
12249,-0.208
12250,-0.312
12251,0.022
12252,-0.181
12253,-0.188
12254,-0.117
12255,-0.166
12256,-0.11
12257,-0.183
12258,0.076
12259,0.027
12260,-0.156
12261,-0.083
12262,0.037
12263,-0.105
12264,-0.205
12265,-0.19
12266,-0.293
12267,-0.115
12268,-0.276
12269,-0.269
12270,-0.012
12271,-0.127
12272,-0.208
12273,-0.059
12274,-0.078
12275,-0.081
12276,-0.083
12277,-0.122
12278,-0.056
12279,-0.164
12280,-0.305
12281,-0.054
12282,-0.017
12283,-0.286
12284,-0.156
12285,-0.103
12286,-0.203
12287,-0.164
12288,-0.276
12289,-0.088
12290,-0.061
12291,-0.125
12292,0.002
12293,0.11
12294,-0.159
12295,-0.244
12296,0.085
12297,-0.105
12298,-0.156
12299,-0.159
12300,-0.007
12301,-0.066
12302,-0.359
12303,-0.276
12304,-0.005
12305,-0.176
12306,-0.308
12307,-0.09
12308,-0.103
12309,-0.144
12310,-0.259
12311,-0.029
12312,-0.054
12313,-0.081
12314,-0.178
12315,-0.017
12316,-0.034
12317,-0.166
12318,-0.088
12319,-0.112
12320,-0.134
12321,-0.083
12322,-0.105
12323,-0.31
12324,-0.154
12325,-0.168
12326,-0.051
12327,-0.134
12328,-0.139
12329,-0.168
12330,-0.247
12331,-0.166
12332,-0.176
12333,-0.146
12334,-0.066
12335,0.029
12336,-0.09
12337,-0.066
12338,0.098
12339,-0.1
12340,-0.156
12341,-0.059
12342,-0.012
12343,-0.032
12344,-0.125
12345,-0.159
12346,-0.166
12347,-0.122
12348,-0.11
12349,-0.159
12350,-0.188
12351,-0.22
12352,-0.156
12353,-0.085
12354,-0.176
12355,-0.083
12356,-0.178
12357,-0.183
12358,-0.107
12359,-0.01
12360,-0.11
12361,-0.125
12362,-0.049
12363,0.076
12364,-0.095
12365,-0.208
12366,0.051
12367,-0.183
12368,-0.195
12369,-0.264
12370,-0.085
12371,-0.186
12372,-0.146
12373,-0.081
12374,-0.107
12375,-0.181
12376,-0.256
12377,-0.098
12378,0.051
12379,-0.056
12380,-0.286
12381,0.046
12382,0.007
12383,-0.142
12384,-0.098
12385,0.049
12386,0.081
12387,-0.149
12388,-0.125
12389,-0.19
12390,-0.183
12391,-0.144
12392,-0.015
12393,-0.01
12394,-0.144
12395,-0.217
12396,-0.212
12397,-0.22
12398,-0.061
12399,-0.117
12400,-0.298
12401,-0.283
12402,-0.037
12403,-0.054
12404,-0.139
12405,-0.283
12406,-0.02
12407,-0.039
12408,-0.063
12409,-0.039
12410,0.107
12411,-0.134
12412,-0.227
12413,-0.132
12414,-0.093
12415,-0.149
12416,-0.142
12417,-0.093
12418,-0.085
12419,-0.034
12420,-0.105
12421,-0.2
12422,-0.122
12423,-0.076
12424,0.039
12425,0.005
12426,0.024
12427,-0.039
12428,-0.066
12429,-0.12
12430,-0.176
12431,-0.11
12432,-0.215
12433,-0.259
12434,0.183
12435,0.159
12436,-0.159
12437,-0.1
12438,0.002
12439,0.027
12440,-0.117
12441,-0.344
12442,-0.227
12443,0.034
12444,-0.21
12445,-0.322
12446,-0.11
12447,-0.254
12448,-0.312
12449,-0.144
12450,-0.049
12451,-0.264
12452,-0.312
12453,-0.085
12454,-0.073
12455,-0.112
12456,-0.225
12457,0.02
12458,-0.015
12459,-0.142
12460,0.076
12461,-0.112
12462,-0.176
12463,0.166
12464,-0.085
12465,-0.203
12466,-0.2
12467,-0.269
12468,-0.2
12469,-0.11
12470,-0.095
12471,0.027
12472,-0.193
12473,-0.295
12474,-0.146
12475,-0.093
12476,-0.063
12477,-0.027
12478,-0.103
12479,-0.037
12480,-0.139
12481,-0.256
12482,-0.217
12483,0.029
12484,-0.276
12485,-0.151
12486,-0.249
12487,-0.376
12488,-0.029
12489,-0.073
12490,-0.186
12491,-0.105
12492,-0.11
12493,-0.049
12494,-0.044
12495,-0.3
12496,-0.134
12497,0.005
12498,-0.178
12499,-0.22
12500,-0.02
12501,-0.237
12502,-0.137
12503,-0.061
12504,-0.217
12505,-0.273
12506,-0.2
12507,-0.029
12508,-0.024
12509,-0.125
12510,-0.037
12511,0.027
12512,-0.244
12513,-0.129
12514,-0.015
12515,-0.164
12516,0.073
12517,0.134
12518,-0.088
12519,-0.352
12520,-0.049
12521,0.137
12522,-0.198
12523,-0.181
12524,-0.146
12525,-0.278
12526,-0.457
12527,-0.371
12528,-0.112
12529,-0.042
12530,-0.129
12531,-0.093
12532,-0.032
12533,-0.208
12534,-0.393
12535,0.1
12536,0.068
12537,-0.278
12538,-0.046
12539,0.12
12540,-0.195
12541,-0.305
12542,-0.032
12543,0.002
12544,-0.117
12545,-0.234
12546,-0.225
12547,-0.117
12548,-0.046
12549,-0.188
12550,-0.085
12551,0.046
12552,-0.029
12553,-0.254
12554,-0.278
12555,-0.093
12556,-0.081
12557,0.11
12558,-0.217
12559,-0.151
12560,0.02
12561,-0.161
12562,-0.188
12563,-0.007
12564,0.0
12565,-0.168
12566,-0.308
12567,-0.154
12568,-0.042
12569,-0.315
12570,-0.254
12571,-0.093
12572,-0.056
12573,-0.1
12574,-0.291
12575,-0.159
12576,-0.164
12577,0.049
12578,-0.095
12579,-0.173
12580,-0.034
12581,0.017
12582,0.002
12583,0.046
12584,-0.237
12585,-0.007
12586,-0.098
12587,-0.215
12588,-0.166
12589,-0.176
12590,-0.176
12591,-0.396
12592,-0.391
12593,-0.029
12594,-0.178
12595,-0.083
12596,-0.01
12597,-0.081
12598,-0.303
12599,-0.09
12600,-0.149
12601,0.071
12602,0.044
12603,-0.076
12604,-0.061
12605,-0.225
12606,-0.569
12607,-0.073
12608,0.107
12609,-0.168
12610,-0.239
12611,-0.281
12612,-0.159
12613,-0.161
12614,-0.178
12615,-0.002
12616,-0.105
12617,-0.125
12618,-0.037
12619,0.117
12620,-0.154
12621,-0.085
12622,0.046
12623,0.054
12624,-0.02
12625,0.085
12626,0.01
12627,-0.117
12628,0.059
12629,-0.085
12630,-0.186
12631,-0.212
12632,-0.298
12633,-0.112
12634,-0.073
12635,-0.122
12636,-0.249
12637,-0.286
12638,-0.203
12639,-0.039
12640,-0.159
12641,-0.137
12642,-0.024
12643,-0.01
12644,-0.327
12645,-0.11
12646,0.01
12647,-0.085
12648,-0.134
12649,-0.334
12650,-0.166
12651,0.178
12652,-0.049
12653,-0.415
12654,-0.312
12655,-0.076
12656,-0.151
12657,-0.251
12658,-0.068
12659,0.112
12660,-0.156
12661,-0.232
12662,0.032
12663,0.144
12664,-0.137
12665,0.068
12666,-0.002
12667,-0.076
12668,-0.232
12669,-0.11
12670,0.007
12671,-0.007
12672,-0.073
12673,-0.229
12674,-0.171
12675,-0.229
12676,0.015
12677,-0.107
12678,-0.083
12679,-0.159
12680,-0.281
12681,-0.244
12682,-0.005
12683,0.127
12684,-0.037
12685,-0.149
12686,-0.171
12687,-0.061
12688,-0.254
12689,-0.2
12690,-0.09
12691,0.01
12692,-0.012
12693,-0.168
12694,-0.112
12695,-0.132
12696,-0.142
12697,-0.156
12698,-0.032
12699,-0.142
12700,-0.012
12701,0.042
12702,0.034
12703,0.02
12704,0.078
12705,-0.022
12706,-0.134
12707,-0.142
12708,-0.061
12709,0.002
12710,0.02
12711,-0.127
12712,-0.144
12713,-0.247
12714,-0.171
12715,-0.186
12716,-0.122
12717,-0.195
12718,-0.125
12719,-0.107
12720,-0.208
12721,0.017
12722,0.051
12723,0.081
12724,-0.02
12725,-0.054
12726,-0.288
12727,-0.198
12728,-0.12
12729,-0.129
12730,-0.105
12731,-0.039
12732,-0.083
12733,-0.278
12734,-0.024
12735,-0.085
12736,-0.212
12737,-0.129
12738,-0.012
12739,0.022
12740,-0.139
12741,-0.139
12742,-0.027
12743,-0.098
12744,-0.159
12745,-0.002
12746,-0.076
12747,-0.146
12748,-0.247
12749,-0.034
12750,-0.051
12751,-0.269
12752,-0.227
12753,0.034
12754,-0.225
12755,-0.295
12756,0.083
12757,0.156
12758,-0.039
12759,-0.344
12760,-0.061
12761,0.005
12762,-0.029
12763,-0.078
12764,0.076
12765,0.029
12766,-0.132
12767,-0.085
12768,-0.112
12769,-0.071
12770,-0.19
12771,-0.144
12772,-0.078
12773,-0.059
12774,-0.171
12775,-0.261
12776,-0.056
12777,-0.083
12778,-0.215
12779,-0.2
12780,-0.112
12781,-0.166
12782,-0.122
12783,-0.015
12784,0.007
12785,0.007
12786,-0.056
12787,-0.078
12788,-0.093
12789,-0.071
12790,-0.037
12791,-0.137
12792,-0.105
12793,-0.229
12794,-0.129
12795,0.007
12796,-0.002
12797,-0.127
12798,-0.212
12799,-0.105
12800,-0.044
12801,-0.117
12802,-0.115
12803,-0.151
12804,-0.105
12805,-0.081
12806,-0.129
12807,-0.244
12808,-0.027
12809,0.024
12810,-0.1
12811,-0.171
12812,-0.21
12813,-0.098
12814,0.051
12815,-0.093
12816,-0.107
12817,-0.19
12818,-0.127
12819,0.068
12820,-0.2
12821,-0.19
12822,-0.022
12823,-0.046
12824,-0.22
12825,-0.078
12826,-0.063
12827,-0.032
12828,-0.103
12829,-0.154
12830,0.076
12831,-0.103
12832,-0.103
12833,-0.112
12834,-0.142
12835,0.005
12836,0.093
12837,-0.21
12838,-0.042
12839,0.02
12840,-0.007
12841,-0.251
12842,-0.083
12843,-0.024
12844,-0.198
12845,-0.129
12846,-0.339
12847,-0.361
12848,-0.283
12849,-0.127
12850,-0.291
12851,-0.178
12852,-0.198
12853,-0.156
12854,-0.283
12855,-0.063
12856,-0.095
12857,-0.012
12858,-0.129
12859,-0.183
12860,-0.098
12861,-0.049
12862,0.085
12863,-0.01
12864,-0.029
12865,-0.029
12866,0.225
12867,-0.098
12868,-0.222
12869,-0.21
12870,-0.078
12871,-0.12
12872,-0.042
12873,0.027
12874,-0.061
12875,-0.166
12876,-0.322
12877,-0.249
12878,-0.032
12879,-0.205
12880,-0.227
12881,-0.134
12882,-0.034
12883,-0.029
12884,-0.024
12885,-0.339
12886,-0.261
12887,-0.244
12888,-0.007
12889,-0.173
12890,-0.352
12891,-0.208
12892,-0.022
12893,-0.239
12894,-0.413
12895,-0.1
12896,-0.012
12897,-0.002
12898,-0.356
12899,-0.129
12900,-0.11
12901,-0.078
12902,-0.046
12903,0.044
12904,0.034
12905,-0.061
12906,0.164
12907,0.039
12908,-0.061
12909,-0.183
12910,0.017
12911,-0.073
12912,-0.305
12913,-0.254
12914,-0.176
12915,-0.146
12916,-0.232
12917,-0.068
12918,-0.4
12919,-0.203
12920,-0.208
12921,-0.127
12922,-0.02
12923,-0.222
12924,-0.259
12925,-0.164
12926,-0.146
12927,-0.354
12928,-0.154
12929,-0.188
12930,-0.168
12931,-0.261
12932,-0.364
12933,-0.205
12934,-0.176
12935,-0.127
12936,-0.225
12937,-0.125
12938,-0.2
12939,0.176
12940,0.117
12941,-0.059
12942,0.063
12943,-0.085
12944,-0.115
12945,0.012
12946,-0.107
12947,-0.256
12948,-0.159
12949,-0.212
12950,-0.117
12951,-0.103
12952,-0.112
12953,-0.247
12954,-0.398
12955,-0.32
12956,-0.095
12957,-0.029
12958,-0.234
12959,-0.073
12960,-0.034
12961,-0.105
12962,-0.205
12963,-0.156
12964,-0.088
12965,-0.166
12966,-0.349
12967,-0.259
12968,-0.173
12969,-0.259
12970,-0.078
12971,0.1
12972,-0.098
12973,-0.278
12974,-0.242
12975,-0.166
12976,-0.254
12977,-0.198
12978,-0.071
12979,-0.054
12980,-0.12
12981,-0.247
12982,0.125
12983,0.154
12984,-0.051
12985,0.049
12986,0.076
12987,-0.249
12988,-0.044
12989,-0.342
12990,-0.208
12991,-0.01
12992,-0.134
12993,-0.391
12994,-0.281
12995,-0.059
12996,-0.012
12997,-0.266
12998,-0.217
12999,-0.078
13000,-0.115
13001,-0.164
13002,-0.085
13003,0.068
13004,-0.051
13005,-0.061
13006,-0.066
13007,-0.078
13008,-0.176
13009,-0.33
13010,-0.007
13011,0.068
13012,-0.234
13013,-0.198
13014,-0.073
13015,-0.193
13016,-0.066
13017,-0.217
13018,-0.195
13019,-0.217
13020,-0.242
13021,-0.002
13022,0.081
13023,-0.073
13024,-0.229
13025,0.029
13026,-0.161
13027,0.012
13028,-0.017
13029,-0.352
13030,-0.146
13031,-0.076
13032,-0.242
13033,-0.293
13034,-0.232
13035,-0.132
13036,-0.068
13037,-0.1
13038,-0.078
13039,-0.039
13040,-0.554
13041,-0.166
13042,-0.007
13043,-0.139
13044,-0.103
13045,-0.015
13046,-0.205
13047,-0.015
13048,-0.22
13049,-0.142
13050,-0.09
13051,-0.073
13052,-0.063
13053,-0.051
13054,-0.242
13055,-0.107
13056,-0.159
13057,-0.059
13058,0.266
13059,-0.098
13060,-0.195
13061,0.046
13062,-0.127
13063,-0.117
13064,0.115
13065,0.032
13066,-0.112
13067,-0.02
13068,-0.215
13069,-0.242
13070,-0.269
13071,-0.22
13072,-0.098
13073,-0.176
13074,-0.391
13075,-0.181
13076,0.007
13077,-0.278
13078,-0.117
13079,-0.115
13080,-0.176
13081,-0.183
13082,0.037
13083,-0.027
13084,-0.127
13085,-0.1
13086,-0.002
13087,0.063
13088,-0.12
13089,-0.161
13090,-0.002
13091,-0.09
13092,-0.176
13093,-0.176
13094,-0.203
13095,-0.251
13096,-0.029
13097,-0.007
13098,0.007
13099,-0.142
13100,-0.127
13101,-0.164
13102,-0.112
13103,-0.127
13104,-0.134
13105,-0.249
13106,-0.049
13107,-0.044
13108,-0.176
13109,-0.168
13110,-0.139
13111,0.015
13112,-0.078
13113,-0.027
13114,-0.127
13115,-0.142
13116,-0.198
13117,-0.183
13118,-0.159
13119,-0.166
13120,0.112
13121,-0.066
13122,-0.051
13123,-0.034
13124,-0.117
13125,-0.186
13126,-0.107
13127,-0.049
13128,-0.085
13129,-0.144
13130,-0.217
13131,0.073
13132,-0.051
13133,-0.281
13134,-0.117
13135,-0.073
13136,-0.256
13137,-0.242
13138,-0.081
13139,0.024
13140,0.164
13141,-0.015
13142,-0.125
13143,-0.151
13144,0.076
13145,-0.103
13146,-0.203
13147,-0.173
13148,0.095
13149,0.09
13150,-0.122
13151,-0.134
13152,-0.332
13153,-0.127
13154,-0.071
13155,-0.193
13156,-0.352
13157,-0.195
13158,-0.127
13159,-0.024
13160,0.073
13161,-0.095
13162,-0.066
13163,-0.056
13164,-0.081
13165,-0.056
13166,-0.09
13167,-0.229
13168,-0.078
13169,-0.103
13170,-0.259
13171,-0.266
13172,-0.059
13173,0.017
13174,-0.029
13175,-0.01
13176,-0.278
13177,-0.188
13178,-0.11
13179,-0.188
13180,-0.161
13181,-0.093
13182,-0.022
13183,-0.247
13184,0.19
13185,-0.076
13186,-0.237
13187,0.076
13188,0.171
13189,-0.293
13190,-0.044
13191,-0.173
13192,-0.242
13193,-0.132
13194,-0.112
13195,-0.039
13196,-0.161
13197,-0.132
13198,0.002
13199,-0.19
13200,-0.339
13201,-0.159
13202,-0.044
13203,-0.286
13204,0.085
13205,0.044
13206,-0.059
13207,-0.281
13208,-0.034
13209,-0.254
13210,-0.264
13211,-0.166
13212,-0.032
13213,-0.037
13214,-0.154
13215,-0.19
13216,-0.247
13217,-0.044
13218,-0.244
13219,-0.208
13220,0.081
13221,-0.151
13222,-0.273
13223,-0.291
13224,0.312
13225,-0.02
13226,0.027
13227,-0.015
13228,-0.122
13229,-0.017
13230,-0.037
13231,-0.205
13232,0.017
13233,-0.217
13234,-0.015
13235,-0.137
13236,-0.3
13237,-0.205
13238,-0.222
13239,-0.354
13240,0.105
13241,0.098
13242,-0.537
13243,-0.164
13244,0.186
13245,-0.161
13246,-0.139
13247,-0.198
13248,-0.107
13249,-0.059
13250,-0.029
13251,-0.142
13252,-0.137
13253,-0.181
13254,-0.176
13255,-0.093
13256,-0.085
13257,-0.12
13258,0.007
13259,-0.295
13260,-0.19
13261,-0.193
13262,0.103
13263,-0.107
13264,-0.264
13265,-0.2
13266,0.059
13267,-0.222
13268,0.183
13269,0.1
13270,0.012
13271,0.007
13272,-0.005
13273,-0.222
13274,-0.149
13275,-0.186
13276,-0.242
13277,0.081
13278,-0.283
13279,-0.212
13280,-0.002
13281,-0.308
13282,-0.232
13283,0.042
13284,-0.215
13285,-0.098
13286,-0.115
13287,-0.31
13288,0.149
13289,-0.122
13290,-0.322
13291,0.083
13292,-0.088
13293,-0.278
13294,-0.066
13295,-0.146
13296,-0.156
13297,-0.068
13298,-0.3
13299,-0.098
13300,-0.103
13301,-0.146
13302,-0.11
13303,0.164
13304,-0.237
13305,-0.227
13306,-0.066
13307,0.005
13308,-0.088
13309,-0.159
13310,-0.034
13311,0.081
13312,-0.151
13313,-0.283
13314,0.02
13315,-0.022
13316,-0.127
13317,-0.054
13318,-0.081
13319,-0.134
13320,-0.029
13321,-0.125
13322,-0.251
13323,-0.181
13324,-0.022
13325,0.083
13326,0.044
13327,-0.161
13328,-0.244
13329,-0.095
13330,-0.129
13331,-0.144
13332,-0.134
13333,-0.112
13334,-0.085
13335,-0.183
13336,-0.254
13337,-0.071
13338,-0.142
13339,-0.244
13340,-0.137
13341,-0.042
13342,-0.195
13343,-0.334
13344,-0.078
13345,0.049
13346,-0.151
13347,-0.193
13348,0.002
13349,-0.034
13350,-0.21
13351,-0.425
13352,0.012
13353,-0.168
13354,-0.11
13355,-0.034
13356,-0.266
13357,-0.381
13358,0.042
13359,0.066
13360,-0.032
13361,-0.054
13362,-0.117
13363,-0.076
13364,0.015
13365,-0.142
13366,-0.085
13367,-0.093
13368,0.007
13369,-0.1
13370,-0.195
13371,-0.168
13372,-0.159
13373,-0.3
13374,-0.181
13375,-0.229
13376,-0.461
13377,-0.269
13378,-0.103
13379,-0.33
13380,-0.308
13381,-0.132
13382,-0.156
13383,-0.227
13384,-0.164
13385,-0.32
13386,-0.056
13387,0.051
13388,0.046
13389,0.076
13390,-0.061
13391,-0.125
13392,-0.073
13393,-0.178
13394,-0.215
13395,-0.095
13396,-0.059
13397,-0.061
13398,-0.127
13399,-0.1
13400,-0.024
13401,0.044
13402,0.002
13403,0.01
13404,-0.02
13405,-0.149
13406,-0.12
13407,-0.103
13408,-0.073
13409,-0.066
13410,0.142
13411,-0.217
13412,-0.259
13413,-0.203
13414,-0.139
13415,-0.02
13416,-0.332
13417,-0.269
13418,0.005
13419,-0.19
13420,-0.247
13421,-0.144
13422,-0.19
13423,0.002
13424,0.007
13425,-0.122
13426,-0.081
13427,-0.181
13428,-0.117
13429,0.11
13430,0.027
13431,-0.315
13432,-0.002
13433,-0.002
13434,-0.288
13435,-0.027
13436,0.1
13437,-0.034
13438,-0.21
13439,-0.095
13440,0.032
13441,0.081
13442,-0.303
13443,-0.085
13444,0.051
13445,-0.178
13446,-0.22
13447,-0.117
13448,-0.215
13449,-0.127
13450,0.005
13451,-0.076
13452,-0.107
13453,-0.203
13454,-0.149
13455,0.007
13456,-0.081
13457,-0.21
13458,-0.103
13459,-0.1
13460,-0.251
13461,-0.029
13462,-0.076
13463,-0.039
13464,-0.068
13465,-0.078
13466,-0.09
13467,-0.129
13468,-0.083
13469,0.076
13470,0.042
13471,-0.129
13472,0.122
13473,-0.029
13474,-0.088
13475,-0.151
13476,-0.132
13477,-0.063
13478,-0.107
13479,-0.227
13480,-0.139
13481,-0.1
13482,-0.227
13483,-0.042
13484,-0.098
13485,-0.027
13486,-0.2
13487,-0.298
13488,-0.129
13489,-0.164
13490,-0.161
13491,-0.151
13492,0.125
13493,-0.095
13494,-0.388
13495,-0.22
13496,0.022
13497,-0.237
13498,-0.234
13499,-0.063
13500,-0.183
13501,-0.188
13502,-0.342
13503,0.085
13504,0.061
13505,-0.127
13506,0.002
13507,0.139
13508,-0.242
13509,-0.09
13510,0.12
13511,0.085
13512,-0.122
13513,-0.264
13514,-0.073
13515,-0.046
13516,-0.103
13517,-0.325
13518,-0.239
13519,-0.166
13520,-0.2
13521,-0.278
13522,-0.154
13523,0.044
13524,-0.063
13525,-0.222
13526,-0.303
13527,-0.125
13528,-0.085
13529,-0.061
13530,-0.105
13531,-0.061
13532,-0.039
13533,-0.164
13534,-0.032
13535,-0.181
13536,-0.061
13537,-0.054
13538,-0.374
13539,-0.11
13540,0.017
13541,-0.264
13542,0.12
13543,-0.103
13544,-0.32
13545,-0.022
13546,-0.037
13547,-0.168
13548,0.073
13549,-0.239
13550,-0.073
13551,0.073
13552,-0.168
13553,-0.278
13554,0.066
13555,-0.076
13556,-0.217
13557,0.034
13558,-0.081
13559,-0.31
13560,-0.154
13561,-0.205
13562,-0.278
13563,-0.002
13564,-0.166
13565,-0.325
13566,-0.1
13567,-0.039
13568,-0.2
13569,-0.076
13570,-0.261
13571,-0.098
13572,0.032
13573,-0.244
13574,-0.154
13575,-0.242
13576,-0.134
13577,-0.02
13578,-0.176
13579,-0.225
13580,-0.061
13581,-0.161
13582,0.005
13583,-0.156
13584,-0.283
13585,0.007
13586,0.127
13587,-0.088
13588,-0.186
13589,-0.137
13590,-0.122
13591,0.022
13592,0.042
13593,-0.159
13594,-0.142
13595,-0.303
13596,-0.015
13597,-0.103
13598,-0.127
13599,-0.178
13600,-0.085
13601,-0.059
13602,-0.093
13603,-0.225
13604,-0.203
13605,-0.073
13606,-0.376
13607,-0.234
13608,0.093
13609,-0.032
13610,-0.11
13611,-0.146
13612,-0.198
13613,-0.334
13614,-0.41
13615,-0.203
13616,-0.1
13617,-0.098
13618,-0.068
13619,-0.334
13620,-0.432
13621,-0.193
13622,-0.085
13623,-0.166
13624,-0.076
13625,-0.293
13626,-0.171
13627,0.032
13628,-0.002
13629,-0.056
13630,-0.112
13631,-0.051
13632,-0.122
13633,-0.112
13634,-0.232
13635,-0.034
13636,0.044
13637,-0.115
13638,-0.125
13639,-0.015
13640,-0.139
13641,-0.242
13642,-0.085
13643,-0.066
13644,-0.112
13645,-0.217
13646,-0.022
13647,-0.178
13648,-0.049
13649,-0.105
13650,0.068
13651,-0.002
13652,0.173
13653,-0.037
13654,-0.137
13655,-0.225
13656,-0.239
13657,-0.237
13658,-0.088
13659,-0.195
13660,-0.364
13661,-0.154
13662,-0.186
13663,-0.151
13664,-0.044
13665,-0.186
13666,-0.186
13667,0.054
13668,-0.095
13669,-0.237
13670,-0.068
13671,-0.061
13672,0.039
13673,0.061
13674,-0.171
13675,-0.081
13676,-0.173
13677,-0.156
13678,0.073
13679,-0.076
13680,-0.078
13681,0.068
13682,-0.161
13683,-0.203
13684,0.107
13685,-0.251
13686,-0.222
13687,-0.056
13688,-0.146
13689,-0.073
13690,-0.164
13691,-0.254
13692,0.027
13693,-0.112
13694,-0.247
13695,-0.073
13696,-0.181
13697,-0.046
13698,0.088
13699,-0.137
13700,-0.259
13701,-0.071
13702,-0.195
13703,-0.227
13704,-0.264
13705,-0.19
13706,0.2
13707,0.01
13708,-0.4
13709,-0.127
13710,0.015
13711,-0.215
13712,-0.112
13713,0.066
13714,-0.232
13715,0.039
13716,0.081
13717,-0.049
13718,-0.068
13719,0.051
13720,-0.264
13721,-0.308
13722,-0.034
13723,0.027
13724,-0.149
13725,-0.439
13726,-0.078
13727,-0.005
13728,-0.222
13729,-0.049
13730,0.115
13731,-0.164
13732,-0.166
13733,-0.049
13734,-0.125
13735,-0.176
13736,-0.227
13737,-0.073
13738,0.024
13739,-0.142
13740,-0.193
13741,0.005
13742,-0.061
13743,-0.181
13744,-0.11
13745,-0.234
13746,-0.046
13747,-0.022
13748,0.029
13749,-0.024
13750,-0.007
13751,0.015
13752,0.288
13753,0.132
13754,-0.278
13755,-0.205
13756,-0.11
13757,-0.081
13758,-0.103
13759,-0.146
13760,-0.256
13761,-0.066
13762,0.002
13763,-0.107
13764,-0.19
13765,-0.232
13766,-0.239
13767,-0.088
13768,0.046
13769,-0.056
13770,-0.049
13771,-0.244
13772,-0.068
13773,-0.154
13774,-0.11
13775,-0.195
13776,-0.227
13777,-0.261
13778,-0.122
13779,-0.21
13780,-0.107
13781,-0.054
13782,-0.117
13783,-0.09
13784,-0.239
13785,-0.085
13786,0.0
13787,-0.12
13788,-0.137
13789,-0.098
13790,-0.071
13791,-0.176
13792,-0.007
13793,0.039
13794,-0.142
13795,-0.183
13796,0.122
13797,0.007
13798,-0.278
13799,-0.264
13800,-0.208
13801,-0.173
13802,-0.366
13803,-0.212
13804,-0.146
13805,0.01
13806,-0.227
13807,-0.195
13808,-0.098
13809,-0.129
13810,-0.059
13811,-0.034
13812,0.107
13813,-0.227
13814,0.002
13815,-0.151
13816,-0.212
13817,-0.273
13818,-0.161
13819,-0.02
13820,-0.105
13821,-0.215
13822,-0.195
13823,0.042
13824,-0.181
13825,-0.251
13826,-0.078
13827,-0.105
13828,-0.154
13829,-0.054
13830,0.01
13831,-0.073
13832,-0.176
13833,-0.315
13834,0.01
13835,-0.066
13836,-0.115
13837,0.056
13838,0.046
13839,-0.144
13840,-0.044
13841,-0.032
13842,-0.078
13843,-0.178
13844,-0.249
13845,-0.017
13846,-0.059
13847,-0.212
13848,-0.269
13849,-0.093
13850,-0.083
13851,-0.1
13852,-0.142
13853,-0.171
13854,-0.024
13855,-0.171
13856,-0.063
13857,-0.117
13858,-0.112
13859,-0.151
13860,-0.159
13861,-0.144
13862,-0.205
13863,-0.105
13864,-0.151
13865,-0.195
13866,-0.168
13867,-0.098
13868,-0.374
13869,-0.183
13870,-0.071
13871,-0.103
13872,-0.21
13873,-0.11
13874,0.017
13875,0.127
13876,0.061
13877,-0.205
13878,-0.239
13879,-0.178
13880,-0.176
13881,-0.12
13882,-0.049
13883,-0.234
13884,-0.168
13885,-0.127
13886,-0.205
13887,-0.037
13888,0.037
13889,-0.186
13890,-0.105
13891,-0.117
13892,-0.139
13893,-0.083
13894,-0.044
13895,-0.073
13896,-0.049
13897,-0.146
13898,-0.186
13899,-0.1
13900,-0.095
13901,-0.332
13902,-0.259
13903,-0.151
13904,0.024
13905,-0.244
13906,-0.183
13907,-0.166
13908,-0.156
13909,-0.247
13910,-0.115
13911,-0.042
13912,0.1
13913,0.054
13914,-0.1
13915,-0.071
13916,-0.032
13917,-0.176
13918,-0.083
13919,-0.229
13920,-0.095
13921,-0.066
13922,-0.095
13923,-0.154
13924,-0.093
13925,-0.2
13926,-0.251
13927,-0.12
13928,-0.195
13929,-0.095
13930,-0.095
13931,-0.146
13932,-0.117
13933,-0.049
13934,-0.278
13935,-0.181
13936,0.056
13937,-0.266
13938,-0.173
13939,0.002
13940,-0.039
13941,-0.195
13942,-0.273
13943,-0.049
13944,0.007
13945,-0.247
13946,-0.344
13947,-0.027
13948,-0.122
13949,-0.186
13950,-0.09
13951,-0.149
13952,-0.146
13953,-0.042
13954,-0.142
13955,0.002
13956,-0.117
13957,-0.261
13958,-0.139
13959,0.01
13960,0.002
13961,-0.137
13962,-0.046
13963,-0.066
13964,-0.22
13965,-0.366
13966,-0.615
13967,-0.208
13968,-0.125
13969,-0.11
13970,-0.002
13971,-0.315
13972,-0.264
13973,-0.178
13974,-0.1
13975,-0.125
13976,-0.098
13977,-0.095
13978,-0.134
13979,-0.066
13980,-0.376
13981,-0.229
13982,-0.21
13983,-0.037
13984,0.002
13985,-0.286
13986,-0.217
13987,-0.095
13988,-0.129
13989,-0.051
13990,-0.083
13991,-0.115
13992,-0.098
13993,-0.054
13994,0.034
13995,-0.083
13996,-0.278
13997,-0.2
13998,0.166
13999,0.024
14000,-0.073
14001,-0.083
14002,-0.222
14003,0.012
14004,-0.11
14005,-0.176
14006,-0.032
14007,-0.168
14008,-0.095
14009,-0.076
14010,-0.154
14011,-0.256
14012,-0.178
14013,-0.251
14014,-0.144
14015,-0.093
14016,-0.271
14017,-0.078
14018,0.081
14019,-0.198
14020,-0.242
14021,-0.1
14022,0.0
14023,-0.266
14024,-0.415
14025,-0.12
14026,0.066
14027,0.005
14028,-0.066
14029,-0.037
14030,-0.205
14031,-0.334
14032,-0.105
14033,-0.007
14034,0.054
14035,0.044
14036,-0.049
14037,-0.21
14038,0.027
14039,-0.1
14040,-0.125
14041,-0.012
14042,-0.137
14043,-0.288
14044,-0.095
14045,-0.093
14046,0.01
14047,-0.181
14048,-0.298
14049,-0.103
14050,-0.186
14051,-0.115
14052,-0.171
14053,-0.085
14054,-0.225
14055,0.103
14056,-0.21
14057,-0.261
14058,0.054
14059,-0.063
14060,-0.332
14061,-0.095
14062,-0.132
14063,-0.132
14064,-0.022
14065,-0.01
14066,-0.012
14067,-0.137
14068,-0.239
14069,-0.071
14070,-0.093
14071,-0.229
14072,-0.095
14073,-0.056
14074,-0.129
14075,-0.105
14076,-0.127
14077,-0.2
14078,-0.11
14079,-0.073
14080,0.029
14081,-0.078
14082,-0.181
14083,-0.149
14084,0.0
14085,-0.049
14086,-0.176
14087,-0.134
14088,-0.161
14089,-0.151
14090,-0.164
14091,-0.232
14092,-0.156
14093,-0.027
14094,-0.027
14095,-0.076
14096,-0.215
14097,-0.217
14098,-0.049
14099,-0.029
14100,-0.068
14101,-0.012
14102,0.029
14103,-0.027
14104,-0.225
14105,-0.188
14106,-0.115
14107,-0.281
14108,0.142
14109,0.203
14110,-0.188
14111,-0.442
14112,0.088
14113,0.063
14114,-0.352
14115,-0.505
14116,-0.051
14117,0.056
14118,-0.149
14119,-0.266
14120,0.022
14121,-0.029
14122,-0.215
14123,-0.051
14124,0.129
14125,0.017
14126,-0.22
14127,-0.215
14128,-0.176
14129,-0.029
14130,-0.159
14131,-0.059
14132,-0.146
14133,-0.049
14134,-0.066
14135,0.044
14136,-0.056
14137,-0.137
14138,-0.105
14139,-0.164
14140,-0.081
14141,0.071
14142,-0.034
14143,-0.137
14144,0.027
14145,-0.049
14146,-0.032
14147,-0.042
14148,-0.059
14149,-0.176
14150,-0.352
14151,-0.171
14152,-0.017
14153,-0.156
14154,-0.337
14155,-0.122
14156,-0.098
14157,-0.161
14158,-0.02
14159,-0.034
14160,-0.203
14161,-0.068
14162,0.012
14163,-0.061
14164,-0.044
14165,-0.063
14166,-0.105
14167,-0.071
14168,-0.168
14169,0.005
14170,-0.049
14171,-0.134
14172,-0.1
14173,0.059
14174,-0.198
14175,-0.12
14176,-0.127
14177,-0.151
14178,-0.066
14179,-0.164
14180,-0.095
14181,-0.103
14182,-0.217
14183,-0.232
14184,-0.105
14185,-0.212
14186,-0.105
14187,-0.149
14188,-0.215
14189,-0.178
14190,-0.093
14191,-0.146
14192,-0.156
14193,-0.132
14194,-0.132
14195,0.0
14196,-0.066
14197,-0.071
14198,-0.264
14199,-0.215
14200,-0.088
14201,0.007
14202,-0.039
14203,-0.19
14204,-0.088
14205,0.022
14206,-0.068
14207,-0.112
14208,0.039
14209,0.151
14210,-0.049
14211,-0.239
14212,-0.171
14213,0.022
14214,-0.129
14215,0.007
14216,-0.007
14217,-0.193
14218,-0.276
14219,-0.166
14220,0.015
14221,-0.132
14222,-0.186
14223,-0.105
14224,-0.017
14225,-0.186
14226,-0.144
14227,-0.12
14228,-0.1
14229,-0.22
14230,-0.1
14231,-0.093
14232,-0.078
14233,-0.171
14234,-0.166
14235,-0.02
14236,-0.178
14237,-0.291
14238,-0.183
14239,-0.085
14240,0.012
14241,0.083
14242,0.002
14243,-0.054
14244,-0.056
14245,-0.142
14246,-0.139
14247,-0.142
14248,-0.073
14249,-0.115
14250,-0.146
14251,-0.183
14252,0.049
14253,-0.015
14254,-0.166
14255,-0.193
14256,-0.095
14257,0.01
14258,0.037
14259,-0.139
14260,-0.151
14261,-0.122
14262,-0.098
14263,-0.103
14264,-0.059
14265,0.088
14266,-0.039
14267,0.066
14268,0.068
14269,-0.042
14270,-0.083
14271,-0.083
14272,-0.254
14273,-0.225
14274,-0.127
14275,-0.166
14276,-0.034
14277,0.049
14278,-0.149
14279,-0.105
14280,0.161
14281,0.01
14282,-0.193
14283,0.063
14284,0.037
14285,-0.173
14286,-0.266
14287,-0.249
14288,-0.168
14289,-0.374
14290,-0.127
14291,-0.176
14292,-0.195
14293,-0.208
14294,-0.203
14295,-0.159
14296,-0.139
14297,-0.054
14298,-0.051
14299,-0.024
14300,-0.151
14301,-0.139
14302,-0.071
14303,-0.229
14304,0.007
14305,-0.044
14306,-0.166
14307,-0.078
14308,-0.037
14309,-0.22
14310,-0.205
14311,-0.083
14312,-0.361
14313,-0.273
14314,-0.266
14315,-0.081
14316,-0.161
14317,-0.281
14318,-0.186
14319,0.015
14320,0.085
14321,-0.029
14322,-0.352
14323,-0.125
14324,-0.039
14325,-0.188
14326,-0.022
14327,-0.037
14328,-0.002
14329,0.01
14330,-0.027
14331,0.02
14332,-0.129
14333,-0.081
14334,-0.21
14335,-0.178
14336,-0.227
14337,-0.171
14338,-0.107
14339,0.044
14340,-0.125
14341,-0.173
14342,-0.129
14343,-0.11
14344,-0.11
14345,-0.107
14346,-0.256
14347,-0.063
14348,-0.071
14349,-0.1
14350,-0.063
14351,-0.085
14352,-0.261
14353,-0.142
14354,-0.168
14355,-0.144
14356,-0.225
14357,-0.193
14358,0.066
14359,-0.017
14360,-0.01
14361,-0.071
14362,-0.032
14363,-0.2
14364,-0.264
14365,-0.208
14366,-0.1
14367,-0.198
14368,-0.149
14369,-0.115
14370,-0.164
14371,-0.156
14372,0.059
14373,-0.234
14374,-0.4
14375,-0.088
14376,-0.02
14377,-0.229
14378,-0.225
14379,-0.083
14380,-0.015
14381,-0.115
14382,0.005
14383,-0.037
14384,-0.107
14385,-0.056
14386,-0.139
14387,-0.283
14388,-0.391
14389,-0.11
14390,-0.083
14391,-0.229
14392,-0.298
14393,-0.183
14394,-0.129
14395,-0.161
14396,-0.203
14397,-0.056
14398,-0.144
14399,-0.178
14400,-0.127
14401,-0.11
14402,0.044
14403,-0.088
14404,-0.164
14405,0.115
14406,-0.076
14407,-0.259
14408,-0.078
14409,-0.02
14410,-0.127
14411,-0.132
14412,-0.168
14413,-0.173
14414,-0.107
14415,-0.144
14416,-0.239
14417,-0.173
14418,-0.061
14419,-0.105
14420,-0.034
14421,-0.234
14422,-0.1
14423,0.132
14424,-0.073
14425,-0.134
14426,-0.098
14427,-0.144
14428,-0.024
14429,-0.132
14430,-0.327
14431,-0.247
14432,-0.063
14433,-0.01
14434,-0.076
14435,-0.256
14436,-0.198
14437,0.051
14438,-0.154
14439,-0.122
14440,0.044
14441,-0.081
14442,-0.063
14443,-0.02
14444,-0.098
14445,-0.034
14446,-0.076
14447,-0.02
14448,-0.01
14449,-0.356
14450,-0.286
14451,-0.127
14452,-0.054
14453,-0.42
14454,-0.273
14455,-0.132
14456,0.09
14457,-0.127
14458,-0.161
14459,-0.007
14460,0.085
14461,-0.005
14462,-0.144
14463,-0.137
14464,-0.015
14465,-0.059
14466,-0.205
14467,-0.02
14468,-0.095
14469,-0.256
14470,-0.21
14471,-0.078
14472,-0.249
14473,-0.208
14474,-0.1
14475,0.068
14476,-0.044
14477,-0.305
14478,-0.066
14479,0.039
14480,-0.061
14481,-0.308
14482,-0.222
14483,0.01
14484,0.09
14485,0.144
14486,0.107
14487,-0.02
14488,-0.232
14489,-0.027
14490,0.144
14491,-0.012
14492,-0.31
14493,-0.21
14494,-0.227
14495,-0.217
14496,-0.251
14497,-0.215
14498,-0.081
14499,-0.154
14500,-0.288
14501,-0.227
14502,-0.303
14503,-0.31
14504,0.066
14505,0.071
14506,-0.105
14507,-0.161
14508,-0.156
14509,-0.012
14510,-0.061
14511,-0.098
14512,-0.249
14513,-0.234
14514,-0.181
14515,-0.105
14516,-0.146
14517,-0.117
14518,-0.056
14519,0.029
14520,-0.151
14521,-0.188
14522,-0.11
14523,-0.076
14524,-0.354
14525,-0.217
14526,-0.103
14527,-0.061
14528,-0.12
14529,0.015
14530,-0.112
14531,0.0
14532,0.063
14533,0.256
14534,0.029
14535,-0.11
14536,-0.273
14537,-0.1
14538,-0.198
14539,-0.171
14540,-0.322
14541,-0.188
14542,0.034
14543,-0.21
14544,-0.115
14545,-0.115
14546,-0.002
14547,0.078
14548,-0.037
14549,0.046
14550,-0.034
14551,-0.259
14552,-0.095
14553,0.083
14554,-0.31
14555,-0.352
14556,-0.178
14557,0.078
14558,-0.039
14559,-0.212
14560,-0.156
14561,0.054
14562,-0.02
14563,-0.115
14564,-0.037
14565,-0.063
14566,-0.088
14567,-0.176
14568,-0.171
14569,-0.21
14570,-0.051
14571,-0.078
14572,-0.134
14573,-0.129
14574,-0.203
14575,0.022
14576,-0.149
14577,-0.276
14578,-0.261
14579,-0.271
14580,-0.103
14581,-0.122
14582,-0.159
14583,-0.051
14584,-0.002
14585,-0.142
14586,-0.139
14587,-0.012
14588,-0.159
14589,-0.103
14590,-0.127
14591,-0.132
14592,-0.005
14593,-0.051
14594,-0.168
14595,-0.181
14596,-0.342
14597,-0.142
14598,-0.015
14599,0.027
14600,-0.085
14601,-0.095
14602,-0.283
14603,-0.142
14604,0.002
14605,0.051
14606,-0.046
14607,0.012
14608,0.093
14609,0.007
14610,-0.054
14611,-0.034
14612,-0.046
14613,-0.139
14614,-0.098
14615,0.01
14616,-0.161
14617,-0.244
14618,-0.249
14619,-0.173
14620,-0.186
14621,-0.229
14622,-0.12
14623,-0.161
14624,-0.171
14625,-0.247
14626,-0.127
14627,-0.11
14628,-0.176
14629,-0.081
14630,0.024
14631,0.012
14632,0.0
14633,-0.068
14634,-0.156
14635,-0.144
14636,-0.149
14637,-0.132
14638,-0.247
14639,-0.21
14640,-0.264
14641,-0.146
14642,-0.061
14643,-0.232
14644,-0.144
14645,-0.078
14646,-0.105
14647,-0.178
14648,-0.088
14649,-0.164
14650,-0.166
14651,-0.02
14652,0.159
14653,-0.181
14654,-0.303
14655,0.002
14656,-0.029
14657,-0.164
14658,-0.168
14659,-0.098
14660,-0.259
14661,-0.303
14662,-0.066
14663,-0.151
14664,-0.295
14665,0.044
14666,-0.085
14667,-0.305
14668,-0.237
14669,0.291
14670,-0.11
14671,-0.427
14672,-0.339
14673,0.154
14674,0.054
14675,-0.176
14676,-0.061
14677,0.078
14678,-0.215
14679,-0.4
14680,-0.085
14681,-0.112
14682,-0.178
14683,-0.183
14684,0.037
14685,-0.037
14686,-0.059
14687,-0.061
14688,-0.103
14689,-0.146
14690,-0.029
14691,-0.034
14692,-0.149
14693,-0.186
14694,-0.164
14695,-0.127
14696,-0.12
14697,-0.149
14698,-0.159
14699,-0.073
14700,-0.051
14701,-0.193
14702,-0.156
14703,-0.098
14704,-0.125
14705,-0.103
14706,-0.144
14707,-0.159
14708,-0.186
14709,0.007
14710,-0.09
14711,-0.083
14712,-0.105
14713,0.181
14714,-0.071
14715,-0.2
14716,0.076
14717,0.044
14718,-0.203
14719,-0.071
14720,0.156
14721,-0.19
14722,-0.176
14723,-0.024
14724,-0.056
14725,0.022
14726,-0.132
14727,-0.002
14728,-0.022
14729,-0.325
14730,-0.427
14731,-0.129
14732,0.171
14733,-0.154
14734,-0.161
14735,0.042
14736,-0.037
14737,-0.186
14738,-0.166
14739,-0.105
14740,-0.234
14741,-0.225
14742,-0.232
14743,-0.012
14744,-0.166
14745,-0.261
14746,-0.015
14747,0.071
14748,-0.137
14749,-0.176
14750,-0.19
14751,-0.063
14752,-0.129
14753,-0.278
14754,-0.188
14755,-0.093
14756,-0.085
14757,-0.12
14758,-0.09
14759,-0.11
14760,-0.105
14761,-0.134
14762,-0.051
14763,-0.037
14764,-0.017
14765,-0.173
14766,0.071
14767,-0.015
14768,-0.103
14769,-0.149
14770,0.017
14771,-0.085
14772,-0.056
14773,-0.134
14774,-0.105
14775,-0.171
14776,-0.366
14777,-0.254
14778,-0.076
14779,0.005
14780,-0.229
14781,-0.164
14782,-0.217
14783,-0.129
14784,-0.21
14785,-0.044
14786,-0.049
14787,-0.093
14788,-0.161
14789,0.015
14790,-0.066
14791,-0.034
14792,0.093
14793,-0.178
14794,-0.12
14795,-0.166
14796,-0.181
14797,-0.232
14798,0.02
14799,-0.1
14800,-0.259
14801,-0.183
14802,0.005
14803,0.007
14804,-0.254
14805,-0.171
14806,0.059
14807,-0.144
14808,-0.056
14809,0.151
14810,-0.022
14811,-0.198
14812,-0.105
14813,0.005
14814,0.122
14815,-0.112
14816,-0.085
14817,-0.044
14818,-0.112
14819,-0.291
14820,-0.046
14821,-0.134
14822,-0.188
14823,-0.044
14824,-0.144
14825,-0.095
14826,-0.125
14827,-0.132
14828,-0.168
14829,0.076
14830,-0.244
14831,-0.178
14832,-0.088
14833,-0.02
14834,-0.105
14835,-0.149
14836,-0.139
14837,-0.171
14838,-0.208
14839,-0.222
14840,-0.198
14841,-0.178
14842,-0.21
14843,-0.283
14844,-0.144
14845,-0.198
14846,-0.205
14847,-0.044
14848,-0.037
14849,-0.076
14850,-0.183
14851,0.027
14852,-0.039
14853,-0.149
14854,-0.139
14855,-0.049
14856,-0.073
14857,0.0
14858,-0.1
14859,-0.144
14860,-0.081
14861,-0.027
14862,-0.156
14863,-0.049
14864,-0.103
14865,-0.088
14866,-0.129
14867,0.081
14868,-0.066
14869,-0.159
14870,-0.186
14871,0.105
14872,-0.039
14873,-0.386
14874,-0.12
14875,0.161
14876,-0.095
14877,-0.32
14878,-0.378
14879,-0.112
14880,-0.2
14881,-0.237
14882,0.0
14883,-0.051
14884,-0.09
14885,-0.034
14886,-0.193
14887,-0.088
14888,-0.071
14889,-0.103
14890,-0.234
14891,-0.056
14892,-0.09
14893,-0.122
14894,-0.186
14895,-0.01
14896,-0.022
14897,-0.217
14898,-0.054
14899,-0.073
14900,-0.151
14901,-0.283
14902,-0.208
14903,-0.144
14904,0.139
14905,-0.032
14906,-0.142
14907,-0.051
14908,-0.183
14909,-0.117
14910,-0.032
14911,-0.076
14912,-0.071
14913,-0.11
14914,-0.159
14915,0.049
14916,-0.186
14917,-0.234
14918,-0.176
14919,-0.186
14920,-0.007
14921,-0.125
14922,-0.154
14923,-0.276
14924,-0.181
14925,-0.173
14926,-0.188
14927,-0.103
14928,-0.012
14929,0.01
14930,-0.161
14931,0.002
14932,0.073
14933,0.017
14934,-0.125
14935,-0.09
14936,-0.11
14937,-0.085
14938,-0.19
14939,-0.256
14940,-0.295
14941,-0.156
14942,-0.151
14943,-0.415
14944,-0.261
14945,-0.015
14946,-0.393
14947,0.208
14948,0.154
14949,-0.081
14950,0.173
14951,-0.107
14952,-0.244
14953,-0.173
14954,-0.242
14955,-0.105
14956,0.154
14957,-0.005
14958,-0.415
14959,-0.1
14960,-0.134
14961,-0.073
14962,-0.164
14963,-0.11
14964,-0.085
14965,-0.139
14966,-0.234
14967,-0.105
14968,-0.002
14969,-0.088
14970,-0.164
14971,0.029
14972,-0.105
14973,-0.2
14974,-0.088
14975,0.081
14976,-0.007
14977,-0.061
14978,-0.2
14979,-0.12
14980,-0.168
14981,-0.215
14982,-0.083
14983,-0.071
14984,-0.068
14985,-0.276
14986,-0.164
14987,-0.085
14988,-0.168
14989,-0.081
14990,-0.029
14991,-0.117
14992,-0.247
14993,0.039
14994,0.125
14995,-0.073
14996,-0.212
14997,-0.168
14998,-0.11
14999,-0.061
15000,-0.293
15001,-0.212
15002,-0.02
15003,-0.122
15004,0.015
15005,-0.178
15006,-0.095
15007,-0.137
15008,-0.203
15009,-0.11
15010,0.11
15011,-0.044
15012,-0.195
15013,0.007
15014,0.144
15015,0.042
15016,-0.183
15017,-0.139
15018,-0.193
15019,-0.156
15020,-0.193
15021,-0.015
15022,-0.19
15023,-0.193
15024,-0.11
15025,-0.264
15026,-0.098
15027,-0.09
15028,-0.115
15029,-0.081
15030,-0.132
15031,-0.156
15032,-0.029
15033,-0.073
15034,-0.176
15035,0.017
15036,-0.239
15037,-0.186
15038,-0.198
15039,-0.151
15040,-0.305
15041,-0.039
15042,-0.059
15043,-0.125
15044,-0.071
15045,-0.22
15046,-0.176
15047,-0.049
15048,0.044
15049,-0.1
15050,0.024
15051,-0.068
15052,-0.127
15053,0.017
15054,-0.168
15055,-0.129
15056,-0.095
15057,-0.02
15058,-0.09
15059,-0.095
15060,-0.178
15061,0.032
15062,-0.247
15063,-0.281
15064,-0.215
15065,-0.083
15066,-0.105
15067,-0.151
15068,-0.107
15069,-0.227
15070,-0.115
15071,-0.139
15072,-0.059
15073,-0.09
15074,-0.259
15075,-0.291
15076,0.046
15077,-0.01
15078,-0.247
15079,-0.176
15080,-0.061
15081,-0.078
15082,-0.178
15083,-0.125
15084,-0.156
15085,-0.203
15086,-0.251
15087,-0.244
15088,-0.042
15089,-0.166
15090,-0.186
15091,-0.215
15092,-0.022
15093,-0.002
15094,-0.132
15095,0.0
15096,0.005
15097,-0.112
15098,-0.322
15099,-0.027
15100,-0.046
15101,0.0
15102,-0.085
15103,-0.039
15104,-0.293
15105,-0.068
15106,-0.076
15107,-0.02
15108,-0.061
15109,-0.42
15110,-0.071
15111,0.081
15112,-0.022
15113,-0.249
15114,0.007
15115,-0.154
15116,-0.151
15117,-0.122
15118,-0.127
15119,-0.193
15120,-0.344
15121,-0.095
15122,-0.239
15123,-0.122
15124,-0.127
15125,-0.032
15126,-0.273
15127,-0.107
15128,-0.171
15129,-0.017
15130,-0.073
15131,-0.151
15132,-0.078
15133,-0.02
15134,0.073
15135,-0.105
15136,0.066
15137,-0.046
15138,-0.12
15139,-0.105
15140,-0.259
15141,-0.105
15142,-0.222
15143,-0.164
15144,-0.127
15145,-0.068
15146,-0.249
15147,-0.081
15148,-0.225
15149,-0.215
15150,-0.103
15151,-0.034
15152,-0.142
15153,-0.291
15154,-0.232
15155,-0.049
15156,0.076
15157,-0.1
15158,0.034
15159,0.049
15160,-0.039
15161,-0.171
15162,-0.164
15163,-0.115
15164,-0.129
15165,-0.142
15166,-0.159
15167,-0.159
15168,-0.339
15169,-0.107
15170,-0.129
15171,-0.168
15172,0.024
15173,-0.088
15174,0.027
15175,0.002
15176,0.227
15177,-0.034
15178,0.002
15179,-0.137
15180,-0.115
15181,-0.083
15182,-0.117
15183,-0.093
15184,-0.215
15185,-0.142
15186,-0.149
15187,-0.068
15188,-0.083
15189,-0.171
15190,-0.134
15191,0.01
15192,-0.115
15193,-0.344
15194,-0.09
15195,-0.032
15196,0.071
15197,-0.239
15198,-0.183
15199,-0.249
15200,-0.149
15201,-0.237
15202,-0.125
15203,0.002
15204,-0.088
15205,-0.09
15206,-0.137
15207,0.017
15208,-0.151
15209,-0.11
15210,0.005
15211,0.103
15212,-0.171
15213,-0.078
15214,0.044
15215,-0.01
15216,0.02
15217,-0.229
15218,-0.044
15219,0.017
15220,-0.059
15221,-0.146
15222,-0.044
15223,-0.115
15224,-0.039
15225,-0.115
15226,-0.32
15227,-0.098
15228,-0.164
15229,-0.105
15230,-0.159
15231,0.195
15232,-0.063
15233,-0.173
15234,-0.034
15235,-0.122
15236,-0.149
15237,-0.12
15238,-0.071
15239,-0.293
15240,-0.308
15241,-0.227
15242,-0.056
15243,-0.098
15244,-0.027
15245,-0.142
15246,-0.251
15247,-0.017
15248,-0.046
15249,-0.21
15250,-0.142
15251,0.027
15252,-0.247
15253,-0.178
15254,-0.107
15255,-0.142
15256,-0.105
15257,-0.19
15258,-0.132
15259,-0.056
15260,-0.066
15261,-0.151
15262,0.059
15263,-0.195
15264,-0.115
15265,-0.059
15266,-0.034
15267,-0.308
15268,-0.117
15269,0.01
15270,-0.088
15271,0.068
15272,-0.088
15273,0.012
15274,-0.015
15275,-0.098
15276,-0.083
15277,-0.151
15278,-0.188
15279,-0.183
15280,-0.007
15281,-0.132
15282,-0.237
15283,-0.198
15284,0.151
15285,-0.276
15286,-0.215
15287,-0.078
15288,-0.078
15289,-0.22
15290,-0.271
15291,0.081
15292,0.078
15293,-0.085
15294,-0.208
15295,0.015
15296,-0.229
15297,-0.034
15298,0.042
15299,-0.161
15300,-0.291
15301,-0.217
15302,-0.149
15303,-0.383
15304,-0.105
15305,-0.076
15306,0.037
15307,-0.2
15308,-0.276
15309,-0.12
15310,-0.022
15311,0.059
15312,-0.012
15313,-0.024
15314,-0.09
15315,-0.02
15316,-0.171
15317,-0.151
15318,-0.186
15319,-0.144
15320,-0.154
15321,-0.193
15322,-0.156
15323,-0.295
15324,-0.137
15325,-0.254
15326,-0.259
15327,-0.308
15328,-0.056
15329,-0.2
15330,-0.085
15331,-0.081
15332,-0.151
15333,-0.066
15334,-0.137
15335,-0.137
15336,-0.171
15337,0.022
15338,-0.051
15339,-0.149
15340,-0.234
15341,-0.388
15342,-0.159
15343,-0.056
15344,-0.005
15345,-0.259
15346,-0.115
15347,-0.212
15348,0.002
15349,-0.227
15350,-0.19
15351,-0.132
15352,-0.156
15353,-0.137
15354,-0.09
15355,0.034
15356,-0.186
15357,-0.178
15358,-0.046
15359,0.088
15360,-0.244
15361,-0.205
15362,-0.098
15363,-0.195
15364,-0.212
15365,-0.33
15366,-0.105
15367,-0.237
15368,-0.015
15369,-0.078
15370,0.032
15371,-0.139
15372,-0.017
15373,0.117
15374,0.071
15375,-0.149
15376,-0.19
15377,0.027
15378,-0.078
15379,-0.034
15380,-0.115
15381,-0.056
15382,-0.029
15383,-0.12
15384,-0.195
15385,-0.078
15386,-0.193
15387,-0.249
15388,-0.037
15389,-0.198
15390,-0.232
15391,-0.193
15392,0.027
15393,-0.212
15394,-0.198
15395,-0.195
15396,-0.054
15397,-0.054
15398,-0.046
15399,-0.034
15400,-0.068
15401,-0.027
15402,-0.024
15403,-0.071
15404,-0.229
15405,0.012
15406,-0.029
15407,-0.076
15408,-0.203
15409,-0.066
15410,-0.098
15411,-0.322
15412,-0.002
15413,-0.02
15414,-0.095
15415,-0.127
15416,-0.078
15417,-0.247
15418,-0.168
15419,-0.112
15420,-0.1
15421,-0.042
15422,-0.129
15423,-0.088
15424,-0.273
15425,-0.046
15426,0.034
15427,-0.151
15428,-0.186
15429,-0.125
15430,-0.215
15431,-0.095
15432,0.073
15433,-0.12
15434,-0.002
15435,-0.156
15436,-0.022
15437,0.027
15438,0.037
15439,-0.317
15440,-0.286
15441,-0.161
15442,-0.173
15443,-0.085
15444,-0.088
15445,0.007
15446,-0.093
15447,-0.081
15448,0.002
15449,-0.176
15450,-0.251
15451,-0.068
15452,-0.032
15453,-0.068
15454,0.054
15455,-0.09
15456,-0.166
15457,-0.1
15458,-0.049
15459,-0.046
15460,-0.12
15461,-0.105
15462,-0.186
15463,-0.242
15464,-0.222
15465,0.112
15466,0.039
15467,-0.173
15468,-0.085
15469,0.083
15470,-0.134
15471,-0.212
15472,-0.049
15473,-0.015
15474,-0.066
15475,-0.234
15476,-0.217
15477,-0.366
15478,-0.068
15479,-0.251
15480,0.002
15481,-0.024
15482,-0.088
15483,-0.107
15484,-0.039
15485,-0.183
15486,-0.269
15487,-0.046
15488,0.09
15489,0.098
15490,-0.029
15491,-0.117
15492,-0.098
15493,0.127
15494,0.015
15495,-0.283
15496,-0.054
15497,0.112
15498,-0.015
15499,-0.134
15500,-0.103
15501,-0.198
15502,-0.11
15503,-0.176
15504,-0.312
15505,-0.2
15506,-0.225
15507,-0.022
15508,-0.098
15509,-0.042
15510,-0.142
15511,-0.146
15512,0.044
15513,0.007
15514,-0.242
15515,-0.09
15516,-0.159
15517,-0.22
15518,0.007
15519,-0.115
15520,0.015
15521,-0.132
15522,-0.237
15523,-0.312
15524,0.049
15525,0.0
15526,-0.122
15527,0.073
15528,0.068
15529,-0.359
15530,-0.312
15531,0.007
15532,-0.186
15533,-0.195
15534,-0.234
15535,-0.127
15536,0.012
15537,-0.054
15538,0.044
15539,-0.049
15540,-0.076
15541,-0.251
15542,-0.027
15543,0.005
15544,-0.012
15545,-0.283
15546,-0.288
15547,-0.188
15548,-0.024
15549,-0.129
15550,-0.01
15551,-0.139
15552,-0.288
15553,-0.198
15554,-0.159
15555,-0.222
15556,-0.103
15557,0.02
15558,-0.037
15559,-0.093
15560,-0.112
15561,-0.2
15562,0.0
15563,0.034
15564,0.01
15565,-0.156
15566,-0.068
15567,-0.107
15568,-0.173
15569,-0.283
15570,-0.142
15571,-0.017
15572,-0.154
15573,-0.029
15574,-0.051
15575,-0.146
15576,-0.195
15577,-0.22
15578,-0.156
15579,-0.222
15580,-0.063
15581,-0.056
15582,0.051
15583,-0.293
15584,-0.247
15585,-0.078
15586,-0.088
15587,-0.176
15588,-0.188
15589,-0.078
15590,0.039
15591,-0.049
15592,-0.208
15593,-0.029
15594,-0.173
15595,-0.139
15596,-0.115
15597,0.066
15598,-0.281
15599,-0.083
15600,-0.188
15601,-0.215
15602,-0.112
15603,-0.044
15604,0.02
15605,-0.051
15606,-0.178
15607,-0.095
15608,-0.112
15609,-0.352
15610,-0.115
15611,0.071
15612,-0.02
15613,-0.034
15614,-0.217
15615,0.012
15616,0.078
15617,-0.078
15618,-0.139
15619,-0.046
15620,-0.059
15621,-0.115
15622,-0.063
15623,-0.073
15624,-0.154
15625,-0.234
15626,-0.134
15627,0.0
15628,-0.061
15629,-0.171
15630,-0.002
15631,-0.046
15632,-0.171
15633,-0.21
15634,-0.024
15635,-0.054
15636,-0.144
15637,-0.081
15638,-0.098
15639,-0.139
15640,-0.217
15641,0.076
15642,0.024
15643,-0.098
15644,-0.222
15645,-0.225
15646,-0.127
15647,-0.039
15648,-0.095
15649,-0.198
15650,0.198
15651,0.017
15652,-0.066
15653,-0.049
15654,-0.137
15655,0.037
15656,-0.083
15657,-0.098
15658,0.127
15659,-0.005
15660,-0.33
15661,-0.112
15662,0.01
15663,-0.115
15664,-0.032
15665,-0.139
15666,-0.308
15667,-0.273
15668,-0.178
15669,-0.156
15670,-0.054
15671,-0.215
15672,-0.093
15673,-0.208
15674,-0.186
15675,-0.198
15676,-0.034
15677,0.012
15678,-0.156
15679,-0.088
15680,-0.029
15681,-0.017
15682,-0.239
15683,-0.193
15684,-0.107
15685,-0.093
15686,-0.239
15687,-0.398
15688,-0.159
15689,-0.083
15690,-0.2
15691,-0.208
15692,-0.002
15693,-0.142
15694,-0.063
15695,-0.117
15696,0.071
15697,-0.029
15698,-0.176
15699,0.068
15700,0.19
15701,-0.068
15702,-0.188
15703,-0.308
15704,-0.19
15705,0.02
15706,-0.134
15707,-0.322
15708,-0.208
15709,-0.168
15710,-0.281
15711,-0.19
15712,-0.046
15713,-0.33
15714,-0.037
15715,-0.054
15716,-0.046
15717,-0.225
15718,0.1
15719,0.002
15720,-0.039
15721,-0.237
15722,-0.151
15723,0.042
15724,-0.129
15725,-0.173
15726,-0.149
15727,-0.095
15728,-0.129
15729,-0.105
15730,-0.151
15731,-0.144
15732,-0.142
15733,-0.173
15734,0.027
15735,-0.149
15736,-0.217
15737,-0.039
15738,-0.139
15739,-0.2
15740,-0.098
15741,-0.103
15742,-0.066
15743,-0.208
15744,-0.061
15745,0.017
15746,-0.078
15747,-0.117
15748,-0.117
15749,-0.164
15750,-0.042
15751,-0.168
15752,-0.171
15753,-0.256
15754,-0.417
15755,0.0
15756,0.032
15757,-0.051
15758,-0.193
15759,0.039
15760,-0.115
15761,-0.032
15762,-0.061
15763,-0.144
15764,-0.188
15765,-0.159
15766,-0.173
15767,-0.156
15768,-0.242
15769,-0.195
15770,-0.139
15771,-0.188
15772,-0.139
15773,-0.049
15774,-0.078
15775,-0.078
15776,-0.234
15777,-0.295
15778,0.01
15779,-0.039
15780,-0.178
15781,-0.022
15782,-0.129
15783,-0.059
15784,-0.022
15785,-0.015
15786,-0.1
15787,-0.085
15788,-0.208
15789,-0.088
15790,-0.146
15791,-0.046
15792,-0.059
15793,-0.129
15794,-0.017
15795,-0.12
15796,0.029
15797,-0.103
15798,-0.261
15799,-0.012
15800,-0.081
15801,-0.183
15802,-0.183
15803,-0.374
15804,-0.242
15805,-0.22
15806,-0.293
15807,-0.227
15808,-0.217
15809,-0.3
15810,0.007
15811,0.032
15812,-0.396
15813,-0.159
15814,0.042
15815,-0.215
15816,-0.107
15817,-0.261
15818,-0.059
15819,0.012
15820,-0.005
15821,-0.078
15822,-0.054
15823,-0.225
15824,-0.112
15825,0.095
15826,-0.247
15827,-0.33
15828,-0.129
15829,-0.159
15830,-0.212
15831,-0.149
15832,-0.071
15833,-0.146
15834,-0.146
15835,-0.042
15836,0.015
15837,-0.242
15838,-0.098
15839,0.024
15840,-0.081
15841,-0.081
15842,-0.122
15843,-0.195
15844,-0.1
15845,-0.061
15846,-0.325
15847,-0.061
15848,-0.117
15849,-0.193
15850,-0.278
15851,-0.181
15852,-0.117
15853,0.005
15854,-0.181
15855,-0.166
15856,0.022
15857,-0.11
15858,-0.051
15859,-0.024
15860,-0.1
15861,-0.156
15862,0.002
15863,0.012
15864,0.093
15865,-0.208
15866,-0.02
15867,0.054
15868,-0.098
15869,0.042
15870,-0.056
15871,-0.015
15872,-0.01
15873,0.081
15874,-0.227
15875,-0.139
15876,-0.137
15877,0.044
15878,0.078
15879,-0.21
15880,-0.217
15881,-0.103
15882,-0.222
15883,-0.33
15884,0.051
15885,-0.391
15886,0.063
15887,-0.044
15888,-0.212
15889,-0.154
15890,-0.066
15891,-0.117
15892,-0.015
15893,-0.261
15894,0.007
15895,-0.024
15896,-0.034
15897,-0.068
15898,-0.061
15899,-0.261
15900,-0.007
15901,-0.156
15902,-0.132
15903,-0.208
15904,0.088
15905,-0.266
15906,-0.061
15907,-0.095
15908,-0.117
15909,-0.176
15910,-0.085
15911,-0.002
15912,-0.107
15913,-0.237
15914,0.105
15915,0.061
15916,-0.271
15917,0.042
15918,0.063
15919,-0.168
15920,-0.183
15921,-0.054
15922,-0.125
15923,-0.193
15924,-0.09
15925,-0.081
15926,-0.01
15927,-0.237
15928,-0.308
15929,-0.142
15930,-0.127
15931,-0.173
15932,-0.078
15933,-0.11
15934,-0.017
15935,-0.046
15936,-0.232
15937,0.215
15938,0.054
15939,-0.286
15940,-0.11
15941,0.044
15942,-0.076
15943,0.046
15944,-0.125
15945,-0.251
15946,-0.19
15947,-0.244
15948,-0.093
15949,-0.132
15950,-0.254
15951,-0.205
15952,0.151
15953,-0.159
15954,-0.183
15955,-0.059
15956,-0.005
15957,0.022
15958,0.256
15959,-0.237
15960,-0.244
15961,0.046
15962,-0.01
15963,-0.171
15964,-0.176
15965,-0.154
15966,-0.249
15967,-0.034
15968,-0.269
15969,-0.2
15970,-0.159
15971,-0.366
15972,0.081
15973,0.056
15974,-0.388
15975,-0.049
15976,0.046
15977,-0.437
15978,0.215
15979,-0.017
15980,-0.203
15981,0.085
15982,-0.012
15983,-0.164
15984,0.237
15985,-0.061
15986,-0.129
15987,0.061
15988,-0.208
15989,-0.117
15990,0.129
15991,-0.227
15992,-0.168
15993,-0.039
15994,-0.273
15995,0.022
15996,0.017
15997,-0.469
15998,0.142
15999,0.229
16000,-0.264
16001,-0.2
16002,0.112
16003,-0.232
16004,-0.178
16005,-0.173
16006,-0.125
16007,-0.095
16008,-0.256
16009,-0.166
16010,-0.12
16011,-0.115
16012,-0.093
16013,0.078
16014,-0.474
16015,-0.129
16016,0.034
16017,-0.21
16018,0.056
16019,0.085
16020,-0.276
16021,-0.188
16022,-0.01
16023,-0.068
16024,-0.01
16025,-0.173
16026,0.007
16027,0.085
16028,-0.203
16029,-0.227
16030,0.049
16031,0.017
16032,-0.208
16033,-0.044
16034,-0.107
16035,-0.22
16036,-0.117
16037,-0.078
16038,-0.19
16039,-0.229
16040,-0.139
16041,-0.007
16042,-0.042
16043,-0.222
16044,0.085
16045,-0.239
16046,-0.249
16047,-0.068
16048,-0.103
16049,-0.212
16050,0.0
16051,-0.264
16052,-0.295
16053,-0.249
16054,-0.095
16055,-0.098
16056,-0.188
16057,-0.166
16058,-0.039
16059,-0.002
16060,-0.115
16061,0.076
16062,0.117
16063,-0.059
16064,-0.005
16065,-0.183
16066,-0.132
16067,0.024
16068,-0.042
16069,-0.085
16070,-0.01
16071,-0.154
16072,-0.156
16073,-0.151
16074,-0.166
16075,-0.11
16076,-0.242
16077,-0.063
16078,-0.029
16079,-0.122
16080,-0.31
16081,0.037
16082,-0.078
16083,-0.239
16084,-0.125
16085,-0.081
16086,-0.249
16087,-0.249
16088,-0.251
16089,-0.293
16090,-0.127
16091,-0.298
16092,-0.205
16093,-0.059
16094,-0.149
16095,-0.039
16096,-0.122
16097,-0.117
16098,-0.117
16099,-0.056
16100,-0.125
16101,-0.085
16102,-0.071
16103,-0.144
16104,-0.249
16105,-0.093
16106,-0.061
16107,-0.088
16108,-0.166
16109,-0.239
16110,-0.276
16111,-0.056
16112,-0.034
16113,-0.303
16114,-0.327
16115,-0.242
16116,-0.305
16117,-0.027
16118,-0.032
16119,-0.059
16120,-0.183
16121,-0.171
16122,-0.181
16123,-0.134
16124,-0.09
16125,-0.105
16126,-0.22
16127,-0.254
16128,-0.149
16129,-0.134
16130,-0.242
16131,-0.276
16132,-0.21
16133,-0.122
16134,-0.181
16135,-0.156
16136,-0.061
16137,-0.103
16138,-0.127
16139,-0.166
16140,-0.115
16141,-0.088
16142,-0.164
16143,-0.054
16144,-0.01
16145,0.083
16146,-0.129
16147,0.068
16148,-0.022
16149,-0.134
16150,-0.02
16151,-0.11
16152,-0.208
16153,-0.181
16154,-0.029
16155,-0.244
16156,-0.139
16157,-0.125
16158,-0.203
16159,-0.09
16160,-0.127
16161,-0.071
16162,0.002
16163,-0.1
16164,-0.239
16165,-0.188
16166,-0.164
16167,-0.132
16168,-0.159
16169,-0.151
16170,-0.081
16171,-0.198
16172,-0.078
16173,0.005
16174,-0.295
16175,-0.347
16176,-0.039
16177,-0.1
16178,0.002
16179,0.09
16180,0.039
16181,-0.208
16182,-0.2
16183,0.071
16184,-0.061
16185,-0.132
16186,-0.122
16187,-0.122
16188,-0.151
16189,-0.156
16190,-0.051
16191,-0.039
16192,-0.293
16193,-0.339
16194,-0.168
16195,-0.161
16196,-0.054
16197,-0.103
16198,-0.117
16199,-0.188
16200,-0.176
16201,-0.127
16202,-0.051
16203,-0.234
16204,-0.073
16205,-0.19
16206,-0.049
16207,-0.034
16208,-0.139
16209,-0.056
16210,-0.251
16211,-0.1
16212,0.024
16213,0.002
16214,-0.305
16215,-0.083
16216,-0.093
16217,-0.144
16218,-0.11
16219,-0.078
16220,-0.01
16221,-0.078
16222,-0.081
16223,-0.037
16224,-0.12
16225,-0.164
16226,0.066
16227,-0.051
16228,-0.273
16229,-0.103
16230,0.01
16231,-0.242
16232,-0.164
16233,-0.146
16234,-0.134
16235,0.005
16236,-0.339
16237,0.007
16238,-0.007
16239,-0.173
16240,-0.122
16241,-0.032
16242,-0.11
16243,0.051
16244,-0.081
16245,-0.198
16246,-0.129
16247,-0.151
16248,-0.051
16249,-0.129
16250,-0.239
16251,-0.183
16252,-0.176
16253,-0.09
16254,0.073
16255,0.061
16256,-0.352
16257,0.0
16258,0.068
16259,-0.293
16260,-0.271
16261,-0.229
16262,-0.002
16263,0.034
16264,-0.168
16265,-0.193
16266,0.188
16267,-0.105
16268,-0.112
16269,0.017
16270,0.029
16271,-0.271
16272,0.007
16273,-0.332
16274,-0.222
16275,-0.178
16276,-0.176
16277,0.117
16278,-0.12
16279,-0.398
16280,0.049
16281,0.149
16282,-0.173
16283,-0.076
16284,-0.125
16285,-0.256
16286,-0.046
16287,-0.156
16288,-0.215
16289,-0.181
16290,-0.21
16291,-0.205
16292,-0.068
16293,-0.212
16294,-0.107
16295,-0.129
16296,-0.137
16297,-0.042
16298,0.027
16299,-0.129
16300,-0.1
16301,-0.039
16302,-0.112
16303,0.007
16304,-0.054
16305,0.002
16306,-0.063
16307,-0.112
16308,-0.178
16309,-0.007
16310,-0.149
16311,-0.085
16312,-0.117
16313,-0.11
16314,-0.164
16315,-0.139
16316,-0.183
16317,-0.007
16318,-0.127
16319,-0.125
16320,-0.012
16321,-0.01
16322,-0.168
16323,-0.071
16324,0.02
16325,-0.02
16326,-0.12
16327,-0.017
16328,-0.115
16329,-0.366
16330,-0.107
16331,-0.11
16332,-0.278
16333,-0.276
16334,-0.015
16335,-0.281
16336,-0.181
16337,-0.073
16338,-0.195
16339,-0.054
16340,-0.066
16341,-0.078
16342,-0.044
16343,0.066
16344,-0.195
16345,-0.325
16346,-0.195
16347,0.083
16348,0.022
16349,-0.088
16350,-0.181
16351,-0.112
16352,-0.071
16353,-0.137
16354,-0.039
16355,-0.244
16356,-0.161
16357,-0.017
16358,-0.181
16359,-0.237
16360,0.032
16361,-0.02
16362,-0.107
16363,-0.12
16364,-0.117
16365,-0.151
16366,-0.232
16367,-0.215
16368,-0.098
16369,-0.11
16370,-0.225
16371,-0.166
16372,-0.137
16373,-0.227
16374,-0.374
16375,-0.256
16376,0.115
16377,-0.068
16378,-0.002
16379,-0.01
16380,-0.068
16381,-0.244
16382,-0.081
16383,-0.12
16384,-0.247
16385,-0.054
16386,0.054
16387,-0.125
16388,-0.105
16389,-0.156
16390,-0.251
16391,-0.149
16392,-0.122
16393,-0.225
16394,-0.161
16395,0.0
16396,-0.259
16397,-0.342
16398,-0.225
16399,-0.142
16400,-0.088
16401,-0.122
16402,-0.149
16403,-0.005
16404,-0.056
16405,-0.088
16406,-0.049
16407,-0.12
16408,-0.039
16409,-0.034
16410,-0.073
16411,-0.061
16412,-0.198
16413,-0.251
16414,-0.12
16415,-0.159
16416,-0.1
16417,-0.061
16418,-0.132
16419,-0.205
16420,-0.059
16421,-0.168
16422,-0.151
16423,0.012
16424,-0.002
16425,-0.139
16426,-0.115
16427,-0.029
16428,-0.1
16429,-0.012
16430,0.083
16431,0.247
16432,0.063
16433,-0.193
16434,-0.208
16435,0.02
16436,-0.015
16437,-0.122
16438,0.054
16439,-0.063
16440,-0.198
16441,-0.225
16442,-0.164
16443,-0.085
16444,-0.005
16445,-0.176
16446,-0.181
16447,-0.186
16448,-0.168
16449,-0.115
16450,0.017
16451,-0.01
16452,-0.281
16453,-0.137
16454,-0.054
16455,-0.005
16456,-0.02
16457,-0.039
16458,-0.166
16459,-0.178
16460,-0.244
16461,-0.269
16462,-0.022
16463,0.017
16464,-0.168
16465,0.01
16466,-0.066
16467,-0.107
16468,-0.002
16469,0.022
16470,-0.049
16471,-0.02
16472,-0.049
16473,-0.068
16474,-0.154
16475,-0.024
16476,-0.112
16477,-0.234
16478,-0.166
16479,-0.239
16480,-0.083
16481,0.029
16482,-0.154
16483,-0.215
16484,-0.183
16485,-0.117
16486,-0.168
16487,0.007
16488,-0.095
16489,-0.01
16490,-0.178
16491,-0.137
16492,-0.168
16493,-0.1
16494,-0.295
16495,0.027
16496,-0.042
16497,0.063
16498,-0.193
16499,-0.176
16500,-0.359
16501,0.164
16502,0.063
16503,-0.032
16504,-0.278
16505,-0.261
16506,-0.139
16507,-0.178
16508,-0.002
16509,0.02
16510,-0.063
16511,-0.107
16512,-0.293
16513,-0.159
16514,0.081
16515,0.015
16516,-0.193
16517,-0.171
16518,-0.239
16519,-0.107
16520,-0.054
16521,0.039
16522,-0.251
16523,-0.122
16524,0.01
16525,-0.076
16526,-0.278
16527,-0.015
16528,0.046
16529,-0.232
16530,-0.203
16531,-0.137
16532,-0.115
16533,-0.017
16534,0.054
16535,-0.264
16536,-0.315
16537,-0.149
16538,-0.212
16539,-0.129
16540,-0.103
16541,0.042
16542,-0.186
16543,-0.183
16544,-0.051
16545,-0.122
16546,-0.251
16547,-0.02
16548,0.046
16549,-0.273
16550,-0.239
16551,-0.12
16552,0.061
16553,-0.249
16554,-0.217
16555,-0.149
16556,0.039
16557,-0.046
16558,-0.137
16559,-0.01
16560,-0.12
16561,-0.073
16562,-0.225
16563,-0.261
16564,-0.193
16565,-0.068
16566,-0.049
16567,-0.046
16568,-0.005
16569,-0.134
16570,-0.107
16571,-0.034
16572,-0.066
16573,-0.269
16574,-0.049
16575,-0.12
16576,-0.042
16577,-0.173
16578,-0.049
16579,-0.132
16580,-0.061
16581,-0.151
16582,-0.244
16583,-0.186
16584,0.088
16585,-0.027
16586,-0.054
16587,-0.105
16588,-0.166
16589,-0.149
16590,0.073
16591,-0.193
16592,-0.193
16593,-0.198
16594,-0.1
16595,-0.127
16596,-0.105
16597,-0.115
16598,-0.078
16599,-0.19
16600,-0.076
16601,0.046
16602,-0.139
16603,-0.046
16604,-0.066
16605,0.037
16606,-0.122
16607,-0.269
16608,-0.151
16609,-0.061
16610,-0.081
16611,-0.312
16612,-0.144
16613,0.002
16614,-0.127
16615,-0.251
16616,-0.09
16617,-0.127
16618,-0.178
16619,-0.195
16620,0.044
16621,0.007
16622,-0.413
16623,-0.31
16624,-0.049
16625,0.01
16626,-0.088
16627,-0.093
16628,-0.105
16629,-0.046
16630,0.051
16631,-0.039
16632,0.142
16633,-0.024
16634,-0.193
16635,-0.222
16636,-0.127
16637,-0.051
16638,-0.081
16639,-0.222
16640,-0.171
16641,0.007
16642,-0.122
16643,-0.156
16644,-0.085
16645,0.002
16646,-0.188
16647,-0.137
16648,-0.173
16649,-0.134
16650,-0.039
16651,-0.156
16652,-0.134
16653,-0.071
16654,0.024
16655,-0.181
16656,-0.132
16657,-0.261
16658,-0.276
16659,-0.205
16660,0.012
16661,-0.12
16662,-0.227
16663,-0.115
16664,-0.2
16665,-0.156
16666,-0.288
16667,0.037
16668,0.027
16669,-0.088
16670,-0.083
16671,0.085
16672,-0.022
16673,-0.146
16674,-0.085
16675,-0.027
16676,-0.129
16677,-0.22
16678,0.0
16679,0.012
16680,-0.107
16681,-0.183
16682,-0.22
16683,-0.251
16684,-0.278
16685,-0.09
16686,-0.217
16687,-0.015
16688,-0.188
16689,-0.078
16690,-0.217
16691,-0.176
16692,-0.159
16693,-0.173
16694,-0.049
16695,-0.122
16696,0.073
16697,-0.122
16698,-0.144
16699,-0.251
16700,-0.166
16701,-0.112
16702,-0.051
16703,-0.088
16704,-0.164
16705,-0.134
16706,-0.137
16707,0.007
16708,-0.229
16709,-0.073
16710,-0.066
16711,0.054
16712,-0.103
16713,-0.098
16714,0.049
16715,-0.142
16716,0.273
16717,0.088
16718,0.1
16719,-0.208
16720,-0.266
16721,-0.222
16722,-0.127
16723,-0.054
16724,-0.176
16725,-0.247
16726,-0.151
16727,-0.032
16728,-0.242
16729,-0.312
16730,-0.044
16731,0.085
16732,-0.088
16733,-0.161
16734,-0.095
16735,-0.151
16736,-0.269
16737,-0.122
16738,0.042
16739,-0.12
16740,-0.032
16741,-0.132
16742,0.105
16743,-0.161
16744,-0.215
16745,-0.063
16746,-0.007
16747,-0.125
16748,-0.151
16749,0.154
16750,-0.068
16751,-0.093
16752,-0.164
16753,-0.054
16754,0.024
16755,-0.015
16756,-0.039
16757,-0.051
16758,-0.239
16759,-0.31
16760,-0.012
16761,-0.195
16762,-0.159
16763,-0.188
16764,-0.061
16765,-0.137
16766,-0.22
16767,-0.132
16768,-0.117
16769,-0.073
16770,0.005
16771,-0.081
16772,0.049
16773,-0.068
16774,-0.122
16775,-0.176
16776,-0.21
16777,-0.183
16778,-0.12
16779,-0.42
16780,-0.249
16781,-0.261
16782,-0.188
16783,-0.215
16784,-0.178
16785,-0.19
16786,0.034
16787,-0.012
16788,0.068
16789,-0.156
16790,-0.139
16791,-0.071
16792,-0.046
16793,-0.02
16794,0.007
16795,-0.02
16796,-0.051
16797,-0.09
16798,-0.164
16799,-0.151
16800,0.012
16801,-0.12
16802,-0.01
16803,-0.315
16804,-0.271
16805,-0.139
16806,-0.005
16807,-0.017
16808,-0.049
16809,-0.056
16810,-0.049
16811,-0.186
16812,-0.227
16813,-0.132
16814,-0.125
16815,0.005
16816,-0.215
16817,-0.073
16818,-0.015
16819,-0.161
16820,-0.308
16821,-0.234
16822,-0.066
16823,-0.098
16824,-0.056
16825,-0.146
16826,-0.088
16827,-0.146
16828,-0.117
16829,-0.103
16830,0.034
16831,-0.039
16832,0.007
16833,0.125
16834,-0.134
16835,-0.083
16836,-0.154
16837,-0.024
16838,0.005
16839,-0.156
16840,-0.176
16841,-0.039
16842,-0.024
16843,-0.078
16844,-0.115
16845,-0.215
16846,-0.054
16847,-0.122
16848,-0.115
16849,-0.2
16850,-0.151
16851,-0.183
16852,-0.193
16853,-0.142
16854,-0.127
16855,-0.256
16856,-0.188
16857,-0.176
16858,-0.117
16859,-0.154
16860,-0.095
16861,-0.11
16862,-0.195
16863,-0.115
16864,-0.078
16865,-0.247
16866,-0.176
16867,-0.105
16868,0.09
16869,-0.081
16870,-0.171
16871,-0.115
16872,0.039
16873,0.11
16874,0.044
16875,-0.151
16876,-0.264
16877,-0.105
16878,0.044
16879,-0.103
16880,-0.132
16881,-0.251
16882,-0.103
16883,-0.051
16884,-0.259
16885,-0.215
16886,-0.291
16887,-0.332
16888,-0.156
16889,-0.183
16890,-0.137
16891,-0.098
16892,-0.078
16893,0.007
16894,0.059
16895,-0.005
16896,-0.083
16897,-0.017
16898,-0.085
16899,-0.312
16900,-0.117
16901,0.032
16902,-0.093
16903,-0.085
16904,-0.137
16905,-0.012
16906,-0.178
16907,-0.203
16908,-0.117
16909,-0.066
16910,0.027
16911,0.015
16912,-0.078
16913,-0.029
16914,0.012
16915,-0.042
16916,-0.093
16917,0.085
16918,0.063
16919,-0.117
16920,-0.178
16921,-0.034
16922,-0.093
16923,0.0
16924,-0.283
16925,-0.208
16926,-0.237
16927,-0.237
16928,-0.3
16929,-0.144
16930,-0.042
16931,-0.1
16932,-0.046
16933,-0.024
16934,0.015
16935,-0.081
16936,-0.029
16937,-0.208
16938,-0.271
16939,-0.198
16940,-0.02
16941,-0.112
16942,-0.193
16943,-0.176
16944,-0.051
16945,-0.122
16946,-0.088
16947,-0.093
16948,-0.208
16949,-0.056
16950,-0.098
16951,-0.129
16952,-0.12
16953,-0.039
16954,-0.027
16955,-0.063
16956,-0.122
16957,-0.166
16958,-0.007
16959,-0.09
16960,-0.12
16961,-0.222
16962,-0.198
16963,-0.051
16964,-0.154
16965,-0.244
16966,-0.271
16967,-0.159
16968,-0.173
16969,-0.032
16970,-0.134
16971,-0.215
16972,-0.122
16973,0.027
16974,-0.146
16975,-0.291
16976,-0.012
16977,-0.132
16978,-0.059
16979,0.205
16980,-0.151
16981,-0.139
16982,0.002
16983,-0.09
16984,-0.398
16985,-0.166
16986,-0.144
16987,0.051
16988,-0.115
16989,-0.164
16990,-0.105
16991,-0.122
16992,-0.127
16993,0.125
16994,-0.2
16995,-0.33
16996,0.085
16997,-0.029
16998,-0.103
16999,-0.042
17000,-0.076
17001,-0.098
17002,-0.117
17003,-0.093
17004,0.007
17005,-0.278
17006,-0.195
17007,0.005
17008,-0.037
17009,-0.222
17010,-0.095
17011,-0.203
17012,-0.242
17013,-0.01
17014,0.0
17015,0.061
17016,-0.005
17017,-0.176
17018,0.103
17019,-0.046
17020,-0.103
17021,0.083
17022,-0.081
17023,-0.322
17024,-0.068
17025,-0.012
17026,-0.186
17027,-0.088
17028,-0.164
17029,-0.085
17030,-0.002
17031,-0.122
17032,-0.168
17033,0.098
17034,0.076
17035,-0.061
17036,-0.061
17037,-0.083
17038,0.049
17039,-0.056
17040,-0.176
17041,-0.068
17042,-0.227
17043,-0.325
17044,-0.183
17045,-0.095
17046,-0.181
17047,0.002
17048,-0.288
17049,-0.12
17050,-0.164
17051,-0.127
17052,0.007
17053,-0.129
17054,-0.122
17055,-0.015
17056,-0.132
17057,-0.095
17058,-0.027
17059,-0.374
17060,-0.244
17061,0.022
17062,-0.129
17063,-0.159
17064,-0.01
17065,-0.09
17066,-0.095
17067,-0.237
17068,-0.232
17069,0.078
17070,-0.122
17071,-0.151
17072,-0.125
17073,-0.173
17074,-0.168
17075,0.1
17076,0.012
17077,-0.125
17078,-0.032
17079,-0.093
17080,-0.098
17081,-0.171
17082,-0.156
17083,-0.181
17084,-0.242
17085,-0.222
17086,-0.156
17087,-0.171
17088,-0.222
17089,-0.103
17090,-0.254
17091,-0.144
17092,-0.098
17093,-0.01
17094,-0.146
17095,-0.239
17096,-0.078
17097,0.09
17098,-0.015
17099,-0.166
17100,0.076
17101,-0.159
17102,-0.266
17103,-0.195
17104,-0.12
17105,-0.085
17106,-0.139
17107,-0.115
17108,-0.107
17109,-0.229
17110,-0.149
17111,-0.117
17112,-0.146
17113,-0.234
17114,-0.166
17115,-0.107
17116,-0.042
17117,-0.117
17118,-0.181
17119,-0.093
17120,-0.117
17121,-0.142
17122,-0.061
17123,-0.005
17124,-0.046
17125,-0.071
17126,-0.076
17127,-0.159
17128,-0.212
17129,-0.181
17130,-0.254
17131,-0.122
17132,-0.078
17133,-0.159
17134,-0.134
17135,-0.061
17136,-0.049
17137,-0.078
17138,-0.049
17139,0.063
17140,-0.071
17141,-0.093
17142,0.056
17143,0.046
17144,-0.171
17145,-0.232
17146,-0.022
17147,-0.122
17148,-0.242
17149,-0.227
17150,-0.137
17151,-0.063
17152,-0.151
17153,-0.12
17154,-0.229
17155,-0.286
17156,-0.322
17157,-0.132
17158,-0.061
17159,-0.095
17160,-0.171
17161,-0.063
17162,-0.261
17163,-0.117
17164,-0.007
17165,-0.007
17166,-0.088
17167,-0.117
17168,0.095
17169,0.022
17170,-0.183
17171,-0.159
17172,-0.034
17173,-0.042
17174,-0.2
17175,0.012
17176,-0.105
17177,-0.171
17178,0.007
17179,-0.103
17180,-0.188
17181,-0.188
17182,-0.161
17183,-0.093
17184,-0.049
17185,-0.134
17186,-0.063
17187,0.056
17188,-0.027
17189,-0.112
17190,-0.2
17191,-0.164
17192,-0.11
17193,-0.156
17194,-0.273
17195,-0.251
17196,-0.215
17197,-0.232
17198,-0.09
17199,0.022
17200,-0.168
17201,-0.232
17202,-0.11
17203,-0.127
17204,-0.156
17205,-0.037
17206,-0.2
17207,-0.159
17208,-0.149
17209,-0.183
17210,-0.093
17211,-0.117
17212,-0.203
17213,-0.044
17214,-0.034
17215,-0.095
17216,-0.227
17217,-0.254
17218,-0.173
17219,0.022
17220,-0.11
17221,-0.186
17222,-0.122
17223,-0.076
17224,-0.012
17225,-0.144
17226,-0.11
17227,-0.134
17228,-0.239
17229,-0.347
17230,-0.046
17231,-0.085
17232,-0.132
17233,-0.081
17234,-0.142
17235,-0.308
17236,0.01
17237,0.027
17238,-0.144
17239,0.012
17240,-0.151
17241,-0.195
17242,-0.056
17243,-0.208
17244,-0.129
17245,-0.181
17246,-0.093
17247,-0.017
17248,-0.281
17249,-0.51
17250,-0.007
17251,0.042
17252,-0.369
17253,-0.283
17254,-0.09
17255,-0.093
17256,-0.208
17257,-0.134
17258,-0.02
17259,0.022
17260,-0.132
17261,0.132
17262,0.19
17263,-0.068
17264,-0.215
17265,0.017
17266,0.059
17267,-0.129
17268,-0.232
17269,-0.198
17270,-0.078
17271,-0.051
17272,-0.181
17273,-0.2
17274,-0.161
17275,-0.273
17276,-0.015
17277,-0.073
17278,-0.181
17279,-0.161
17280,-0.098
17281,-0.037
17282,-0.066
17283,-0.198
17284,-0.117
17285,-0.015
17286,-0.039
17287,-0.122
17288,-0.068
17289,0.01
17290,-0.225
17291,-0.181
17292,-0.161
17293,-0.142
17294,-0.2
17295,-0.295
17296,-0.225
17297,0.0
17298,-0.134
17299,0.022
17300,0.012
17301,-0.027
17302,-0.173
17303,0.007
17304,-0.139
17305,-0.149
17306,-0.059
17307,-0.115
17308,-0.122
17309,-0.076
17310,0.061
17311,-0.081
17312,-0.042
17313,-0.259
17314,-0.1
17315,-0.129
17316,-0.244
17317,-0.33
17318,-0.095
17319,-0.149
17320,-0.132
17321,0.042
17322,-0.173
17323,-0.078
17324,-0.288
17325,-0.059
17326,-0.19
17327,-0.137
17328,0.125
17329,-0.1
17330,-0.366
17331,-0.471
17332,-0.225
17333,-0.151
17334,0.032
17335,0.012
17336,-0.063
17337,-0.168
17338,-0.051
17339,-0.154
17340,-0.256
17341,-0.037
17342,-0.054
17343,-0.027
17344,-0.208
17345,-0.303
17346,-0.249
17347,-0.076
17348,-0.137
17349,-0.195
17350,-0.181
17351,-0.276
17352,-0.093
17353,-0.02
17354,-0.137
17355,-0.347
17356,-0.002
17357,-0.066
17358,-0.247
17359,-0.254
17360,-0.088
17361,-0.051
17362,-0.149
17363,0.015
17364,0.037
17365,-0.078
17366,-0.237
17367,-0.132
17368,-0.188
17369,-0.127
17370,-0.225
17371,-0.142
17372,-0.115
17373,-0.081
17374,0.002
17375,-0.115
17376,-0.137
17377,-0.105
17378,-0.046
17379,-0.193
17380,-0.027
17381,0.059
17382,-0.017
17383,-0.159
17384,-0.144
17385,-0.034
17386,-0.017
17387,-0.127
17388,-0.261
17389,-0.056
17390,-0.129
17391,-0.261
17392,-0.159
17393,-0.088
17394,-0.083
17395,-0.259
17396,-0.229
17397,-0.19
17398,-0.112
17399,-0.127
17400,-0.107
17401,-0.103
17402,-0.134
17403,-0.054
17404,-0.034
17405,-0.02
17406,-0.178
17407,-0.112
17408,-0.168
17409,-0.005
17410,-0.164
17411,-0.061
17412,-0.015
17413,-0.171
17414,-0.288
17415,-0.251
17416,-0.015
17417,-0.168
17418,-0.029
17419,-0.317
17420,0.024
17421,-0.017
17422,-0.098
17423,-0.166
17424,0.042
17425,-0.291
17426,-0.332
17427,-0.063
17428,-0.1
17429,-0.044
17430,-0.066
17431,-0.042
17432,-0.159
17433,-0.227
17434,0.042
17435,-0.046
17436,-0.144
17437,-0.078
17438,0.02
17439,0.107
17440,-0.012
17441,-0.259
17442,-0.005
17443,-0.156
17444,-0.012
17445,0.051
17446,-0.015
17447,-0.11
17448,-0.352
17449,-0.02
17450,0.012
17451,-0.061
17452,-0.017
17453,0.081
17454,-0.129
17455,-0.088
17456,-0.049
17457,-0.122
17458,-0.227
17459,-0.195
17460,-0.068
17461,0.037
17462,-0.063
17463,-0.164
17464,-0.083
17465,-0.181
17466,-0.063
17467,-0.007
17468,-0.176
17469,-0.151
17470,-0.19
17471,-0.222
17472,-0.339
17473,-0.088
17474,-0.095
17475,-0.032
17476,-0.144
17477,-0.054
17478,0.154
17479,-0.125
17480,0.017
17481,-0.085
17482,-0.21
17483,-0.125
17484,-0.051
17485,-0.088
17486,0.122
17487,0.066
17488,-0.081
17489,-0.085
17490,-0.173
17491,0.063
17492,-0.232
17493,-0.078
17494,-0.015
17495,-0.068
17496,-0.225
17497,-0.125
17498,-0.159
17499,-0.117
17500,-0.107
17501,-0.088
17502,-0.039
17503,-0.161
17504,-0.139
17505,-0.193
17506,-0.107
17507,-0.095
17508,-0.063
17509,-0.215
17510,-0.051
17511,-0.076
17512,-0.31
17513,-0.022
17514,0.015
17515,0.034
17516,-0.186
17517,-0.09
17518,-0.066
17519,-0.093
17520,-0.159
17521,-0.071
17522,-0.105
17523,-0.017
17524,0.027
17525,0.022
17526,-0.085
17527,-0.217
17528,-0.005
17529,-0.027
17530,-0.139
17531,-0.269
17532,-0.366
17533,-0.193
17534,-0.154
17535,-0.027
17536,-0.286
17537,-0.032
17538,0.029
17539,0.032
17540,0.027
17541,-0.059
17542,-0.134
17543,-0.042
17544,-0.217
17545,-0.242
17546,0.022
17547,-0.168
17548,-0.156
17549,-0.093
17550,-0.093
17551,-0.168
17552,-0.21
17553,-0.281
17554,-0.142
17555,-0.061
17556,-0.337
17557,-0.115
17558,-0.1
17559,-0.137
17560,-0.195
17561,-0.022
17562,0.049
17563,0.005
17564,0.11
17565,0.034
17566,0.01
17567,-0.212
17568,-0.098
17569,-0.132
17570,-0.071
17571,-0.059
17572,-0.117
17573,-0.205
17574,-0.332
17575,-0.266
17576,-0.3
17577,0.081
17578,-0.017
17579,-0.234
17580,-0.256
17581,-0.024
17582,-0.305
17583,0.005
17584,0.183
17585,-0.095
17586,-0.22
17587,-0.266
17588,-0.073
17589,0.029
17590,0.029
17591,-0.154
17592,0.037
17593,-0.156
17594,-0.251
17595,-0.098
17596,-0.156
17597,-0.022
17598,-0.19
17599,-0.161
17600,-0.117
17601,-0.039
17602,-0.251
17603,-0.037
17604,-0.024
17605,-0.293
17606,-0.066
17607,-0.01
17608,-0.225
17609,-0.315
17610,-0.115
17611,-0.208
17612,0.02
17613,0.037
17614,0.029
17615,0.002
17616,-0.046
17617,-0.183
17618,-0.391
17619,-0.273
17620,-0.051
17621,0.01
17622,-0.217
17623,-0.112
17624,-0.261
17625,-0.227
17626,-0.188
17627,-0.166
17628,-0.083
17629,-0.215
17630,-0.259
17631,-0.122
17632,0.203
17633,-0.247
17634,-0.21
17635,0.122
17636,0.061
17637,-0.078
17638,-0.229
17639,-0.217
17640,-0.071
17641,0.193
17642,-0.122
17643,0.032
17644,-0.051
17645,0.093
17646,0.098
17647,-0.12
17648,-0.09
17649,-0.208
17650,-0.137
17651,-0.042
17652,-0.12
17653,-0.469
17654,0.022
17655,-0.024
17656,-0.251
17657,-0.276
17658,-0.178
17659,0.015
17660,0.017
17661,-0.081
17662,-0.22
17663,-0.024
17664,-0.173
17665,-0.125
17666,-0.09
17667,-0.31
17668,-0.125
17669,-0.127
17670,0.012
17671,-0.305
17672,-0.19
17673,-0.095
17674,-0.166
17675,-0.405
17676,-0.137
17677,-0.054
17678,-0.12
17679,-0.037
17680,-0.168
17681,-0.225
17682,-0.195
17683,-0.032
17684,-0.237
17685,-0.125
17686,-0.049
17687,-0.244
17688,0.076
17689,-0.1
17690,-0.269
17691,-0.144
17692,0.107
17693,-0.132
17694,-0.015
17695,-0.308
17696,-0.234
17697,-0.112
17698,-0.183
17699,-0.364
17700,0.083
17701,-0.164
17702,-0.276
17703,0.042
17704,-0.115
17705,-0.171
17706,-0.09
17707,-0.063
17708,-0.054
17709,-0.095
17710,-0.234
17711,-0.063
17712,-0.083
17713,-0.256
17714,-0.056
17715,-0.164
17716,-0.178
17717,-0.266
17718,-0.022
17719,0.022
17720,-0.046
17721,-0.264
17722,0.068
17723,-0.039
17724,-0.149
17725,-0.063
17726,-0.146
17727,0.122
17728,-0.095
17729,-0.181
17730,-0.2
17731,-0.01
17732,-0.112
17733,-0.347
17734,-0.237
17735,-0.117
17736,-0.137
17737,-0.146
17738,-0.059
17739,-0.044
17740,-0.293
17741,-0.161
17742,-0.085
17743,-0.315
17744,-0.371
17745,0.088
17746,0.085
17747,-0.352
17748,-0.354
17749,0.293
17750,0.02
17751,-0.315
17752,-0.22
17753,-0.244
17754,-0.203
17755,-0.198
17756,0.005
17757,-0.063
17758,-0.354
17759,-0.061
17760,0.146
17761,-0.325
17762,-0.11
17763,0.09
17764,-0.166
17765,-0.164
17766,0.044
17767,0.01
17768,-0.164
17769,-0.051
17770,-0.098
17771,-0.044
17772,-0.129
17773,-0.083
17774,0.046
17775,-0.215
17776,-0.164
17777,-0.1
17778,-0.146
17779,-0.161
17780,-0.002
17781,-0.281
17782,-0.066
17783,-0.088
17784,-0.342
17785,-0.081
17786,-0.073
17787,0.066
17788,-0.132
17789,-0.095
17790,0.039
17791,-0.327
17792,-0.281
17793,0.022
17794,-0.154
17795,-0.271
17796,-0.161
17797,-0.146
17798,-0.139
17799,-0.085
17800,-0.134
17801,-0.056
17802,-0.107
17803,-0.2
17804,0.105
17805,-0.073
17806,-0.134
17807,0.012
17808,-0.022
17809,-0.037
17810,-0.042
17811,-0.134
17812,0.059
17813,-0.2
17814,-0.439
17815,-0.142
17816,-0.081
17817,-0.059
17818,-0.115
17819,-0.193
17820,-0.161
17821,-0.11
17822,-0.054
17823,-0.083
17824,-0.093
17825,-0.232
17826,-0.232
17827,-0.01
17828,0.0
17829,-0.234
17830,-0.195
17831,-0.068
17832,-0.283
17833,-0.173
17834,-0.168
17835,-0.239
17836,-0.093
17837,0.029
17838,-0.081
17839,-0.19
17840,-0.083
17841,-0.017
17842,-0.095
17843,-0.076
17844,-0.132
17845,-0.073
17846,-0.146
17847,-0.215
17848,0.063
17849,-0.134
17850,-0.188
17851,-0.061
17852,-0.212
17853,-0.239
17854,-0.122
17855,0.112
17856,-0.164
17857,-0.203
17858,-0.229
17859,-0.161
17860,-0.095
17861,-0.225
17862,-0.115
17863,-0.098
17864,-0.144
17865,-0.159
17866,-0.042
17867,-0.227
17868,-0.007
17869,-0.071
17870,-0.044
17871,-0.183
17872,-0.051
17873,-0.071
17874,-0.229
17875,-0.127
17876,-0.151
17877,-0.234
17878,-0.142
17879,0.071
17880,-0.1
17881,-0.129
17882,-0.188
17883,-0.103
17884,0.015
17885,-0.037
17886,-0.088
17887,-0.01
17888,-0.093
17889,-0.022
17890,0.154
17891,-0.127
17892,-0.122
17893,-0.039
17894,-0.088
17895,-0.061
17896,-0.095
17897,-0.208
17898,-0.122
17899,-0.105
17900,-0.266
17901,-0.186
17902,-0.032
17903,-0.068
17904,-0.156
17905,-0.178
17906,-0.042
17907,-0.02
17908,-0.156
17909,-0.073
17910,0.0
17911,-0.171
17912,-0.002
17913,-0.234
17914,-0.117
17915,-0.085
17916,-0.068
17917,-0.073
17918,0.042
17919,-0.215
17920,-0.232
17921,-0.076
17922,-0.1
17923,-0.076
17924,-0.173
17925,-0.151
17926,-0.203
17927,-0.066
17928,-0.142
17929,-0.173
17930,-0.129
17931,-0.095
17932,0.061
17933,-0.125
17934,-0.271
17935,-0.188
17936,-0.146
17937,-0.2
17938,-0.02
17939,0.029
17940,-0.217
17941,-0.083
17942,-0.134
17943,0.034
17944,-0.129
17945,-0.278
17946,0.09
17947,0.112
17948,-0.276
17949,-0.088
17950,-0.125
17951,-0.356
17952,0.137
17953,-0.039
17954,-0.105
17955,-0.154
17956,0.024
17957,-0.142
17958,0.032
17959,-0.217
17960,-0.183
17961,0.005
17962,-0.127
17963,-0.085
17964,-0.171
17965,-0.181
17966,-0.186
17967,0.01
17968,-0.1
17969,-0.105
17970,-0.11
17971,-0.078
17972,-0.178
17973,-0.188
17974,-0.205
17975,-0.234
17976,-0.076
17977,-0.176
17978,-0.134
17979,-0.112
17980,-0.09
17981,-0.186
17982,-0.227
17983,-0.037
17984,-0.088
17985,-0.188
17986,-0.103
17987,0.037
17988,-0.278
17989,-0.151
17990,-0.027
17991,0.024
17992,-0.098
17993,-0.225
17994,0.159
17995,-0.522
17996,-0.388
17997,-0.073
17998,0.0
17999,-0.3
18000,-0.354
18001,-0.146
18002,-0.11
18003,0.029
18004,0.051
18005,0.063
18006,-0.144
18007,-0.078
18008,0.032
18009,0.037
18010,-0.039
18011,-0.027
18012,0.049
18013,-0.159
18014,-0.066
18015,0.039
18016,0.042
18017,-0.071
18018,-0.007
18019,-0.247
18020,-0.139
18021,-0.134
18022,-0.056
18023,-0.239
18024,-0.2
18025,-0.085
18026,-0.212
18027,-0.188
18028,-0.142
18029,-0.339
18030,-0.303
18031,-0.134
18032,-0.276
18033,-0.142
18034,-0.017
18035,-0.11
18036,-0.239
18037,-0.017
18038,0.037
18039,-0.103
18040,-0.137
18041,-0.188
18042,0.029
18043,-0.12
18044,-0.125
18045,-0.146
18046,-0.242
18047,-0.049
18048,-0.034
18049,-0.029
18050,-0.251
18051,-0.125
18052,-0.054
18053,-0.044
18054,-0.083
18055,-0.188
18056,-0.256
18057,-0.127
18058,-0.042
18059,-0.144
18060,-0.068
18061,-0.142
18062,-0.09
18063,-0.127
18064,0.127
18065,-0.127
18066,-0.032
18067,-0.125
18068,-0.222
18069,-0.127
18070,-0.012
18071,-0.149
18072,-0.059
18073,-0.098
18074,-0.046
18075,-0.195
18076,-0.295
18077,-0.154
18078,-0.029
18079,-0.283
18080,-0.251
18081,0.029
18082,0.0
18083,-0.168
18084,-0.015
18085,0.007
18086,-0.19
18087,0.139
18088,0.027
18089,0.181
18090,0.037
18091,-0.225
18092,-0.293
18093,0.105
18094,-0.078
18095,-0.205
18096,-0.19
18097,0.037
18098,-0.083
18099,-0.435
18100,-0.139
18101,-0.051
18102,-0.203
18103,-0.337
18104,-0.059
18105,-0.022
18106,-0.122
18107,-0.083
18108,-0.144
18109,-0.166
18110,-0.176
18111,-0.178
18112,-0.227
18113,-0.142
18114,-0.337
18115,-0.103
18116,-0.1
18117,-0.164
18118,-0.068
18119,-0.173
18120,-0.22
18121,-0.251
18122,-0.239
18123,-0.217
18124,0.027
18125,-0.254
18126,-0.09
18127,0.039
18128,-0.02
18129,-0.09
18130,-0.042
18131,0.049
18132,-0.078
18133,-0.203
18134,-0.471
18135,-0.164
18136,0.046
18137,-0.09
18138,-0.005
18139,-0.146
18140,-0.222
18141,-0.059
18142,-0.078
18143,-0.181
18144,-0.081
18145,-0.085
18146,-0.066
18147,-0.02
18148,-0.173
18149,-0.166
18150,-0.09
18151,-0.076
18152,-0.122
18153,0.022
18154,-0.081
18155,-0.208
18156,-0.159
18157,-0.081
18158,-0.046
18159,-0.237
18160,-0.388
18161,-0.164
18162,-0.017
18163,-0.227
18164,-0.01
18165,0.015
18166,-0.051
18167,-0.034
18168,-0.049
18169,-0.078
18170,-0.281
18171,-0.151
18172,0.032
18173,0.134
18174,-0.222
18175,-0.276
18176,-0.298
18177,-0.154
18178,-0.269
18179,-0.132
18180,-0.073
18181,-0.01
18182,-0.203
18183,-0.266
18184,-0.071
18185,-0.144
18186,-0.137
18187,-0.1
18188,-0.203
18189,-0.166
18190,-0.149
18191,-0.193
18192,-0.017
18193,-0.027
18194,-0.095
18195,0.061
18196,-0.107
18197,-0.142
18198,-0.176
18199,-0.115
18200,-0.049
18201,-0.139
18202,-0.095
18203,-0.09
18204,0.164
18205,-0.02
18206,-0.161
18207,-0.19
18208,0.042
18209,0.085
18210,0.007
18211,-0.083
18212,-0.076
18213,0.137
18214,-0.022
18215,-0.005
18216,-0.042
18217,0.139
18218,-0.073
18219,-0.027
18220,-0.1
18221,-0.181
18222,-0.154
18223,-0.237
18224,-0.144
18225,-0.146
18226,-0.186
18227,-0.273
18228,-0.046
18229,-0.203
18230,-0.166
18231,-0.112
18232,-0.105
18233,-0.156
18234,-0.134
18235,-0.264
18236,-0.093
18237,-0.146
18238,-0.166
18239,-0.059
18240,-0.344
18241,-0.273
18242,-0.022
18243,-0.039
18244,-0.215
18245,-0.151
18246,-0.225
18247,-0.198
18248,-0.134
18249,-0.09
18250,-0.027
18251,-0.112
18252,-0.173
18253,-0.051
18254,0.059
18255,-0.083
18256,-0.076
18257,-0.066
18258,-0.2
18259,-0.151
18260,-0.156
18261,-0.117
18262,-0.042
18263,-0.127
18264,-0.266
18265,-0.11
18266,-0.105
18267,-0.205
18268,-0.002
18269,0.051
18270,-0.085
18271,-0.291
18272,0.024
18273,0.105
18274,-0.198
18275,-0.208
18276,-0.007
18277,-0.015
18278,-0.371
18279,-0.391
18280,-0.239
18281,-0.159
18282,-0.183
18283,-0.085
18284,-0.042
18285,-0.142
18286,-0.181
18287,-0.112
18288,0.066
18289,-0.139
18290,-0.142
18291,-0.037
18292,0.0
18293,-0.2
18294,-0.051
18295,-0.115
18296,-0.149
18297,-0.071
18298,-0.073
18299,-0.024
18300,-0.11
18301,-0.149
18302,-0.02
18303,-0.117
18304,-0.164
18305,-0.083
18306,-0.105
18307,-0.212
18308,-0.146
18309,-0.09
18310,-0.149
18311,-0.112
18312,-0.068
18313,0.002
18314,0.007
18315,0.073
18316,-0.078
18317,-0.188
18318,-0.054
18319,-0.029
18320,-0.283
18321,-0.164
18322,-0.4
18323,-0.132
18324,-0.208
18325,-0.061
18326,-0.039
18327,-0.044
18328,-0.115
18329,-0.01
18330,0.044
18331,-0.083
18332,0.103
18333,0.127
18334,-0.095
18335,-0.225
18336,-0.056
18337,-0.125
18338,-0.105
18339,-0.208
18340,-0.193
18341,-0.168
18342,-0.178
18343,0.054
18344,0.105
18345,-0.173
18346,-0.234
18347,-0.081
18348,-0.061
18349,-0.059
18350,-0.435
18351,-0.264
18352,0.061
18353,-0.063
18354,-0.146
18355,-0.249
18356,-0.22
18357,-0.178
18358,0.085
18359,-0.151
18360,-0.088
18361,-0.034
18362,-0.168
18363,-0.315
18364,-0.146
18365,-0.061
18366,-0.139
18367,-0.134
18368,-0.183
18369,-0.227
18370,-0.061
18371,-0.054
18372,-0.022
18373,0.195
18374,0.01
18375,-0.332
18376,-0.005
18377,-0.137
18378,-0.186
18379,-0.168
18380,-0.027
18381,-0.154
18382,-0.002
18383,0.005
18384,-0.098
18385,-0.11
18386,-0.146
18387,-0.049
18388,-0.144
18389,-0.11
18390,-0.364
18391,-0.066
18392,-0.039
18393,-0.156
18394,-0.205
18395,-0.125
18396,-0.037
18397,-0.193
18398,-0.21
18399,-0.137
18400,-0.208
18401,-0.171
18402,-0.115
18403,-0.154
18404,-0.078
18405,0.007
18406,-0.127
18407,0.059
18408,-0.051
18409,0.012
18410,0.027
18411,0.178
18412,-0.11
18413,-0.073
18414,-0.039
18415,0.063
18416,0.076
18417,-0.159
18418,-0.308
18419,-0.12
18420,-0.127
18421,-0.254
18422,-0.044
18423,-0.117
18424,-0.222
18425,-0.164
18426,-0.188
18427,-0.154
18428,-0.205
18429,-0.103
18430,-0.208
18431,-0.066
18432,-0.078
18433,-0.044
18434,-0.144
18435,-0.142
18436,-0.088
18437,-0.078
18438,-0.261
18439,-0.034
18440,-0.032
18441,-0.352
18442,-0.259
18443,-0.012
18444,0.015
18445,-0.208
18446,-0.039
18447,-0.015
18448,0.027
18449,-0.093
18450,0.056
18451,0.166
18452,-0.225
18453,-0.166
18454,-0.066
18455,-0.22
18456,-0.312
18457,-0.161
18458,-0.11
18459,-0.188
18460,-0.188
18461,-0.049
18462,0.015
18463,-0.21
18464,-0.137
18465,-0.054
18466,-0.034
18467,-0.125
18468,-0.166
18469,-0.134
18470,-0.186
18471,-0.139
18472,-0.09
18473,-0.117
18474,-0.146
18475,-0.034
18476,-0.056
18477,-0.178
18478,-0.171
18479,-0.271
18480,-0.254
18481,-0.283
18482,-0.178
18483,-0.11
18484,0.015
18485,0.039
18486,-0.22
18487,-0.161
18488,0.034
18489,-0.059
18490,-0.256
18491,-0.173
18492,-0.007
18493,-0.117
18494,-0.256
18495,-0.159
18496,-0.122
18497,-0.073
18498,-0.076
18499,-0.076
18500,-0.127
18501,-0.305
18502,-0.076
18503,-0.081
18504,-0.127
18505,-0.068
18506,0.044
18507,-0.095
18508,-0.088
18509,-0.212
18510,-0.107
18511,0.054
18512,-0.039
18513,-0.112
18514,-0.127
18515,-0.168
18516,-0.159
18517,-0.208
18518,-0.254
18519,-0.188
18520,-0.195
18521,-0.33
18522,0.01
18523,-0.142
18524,-0.232
18525,0.132
18526,-0.083
18527,-0.034
18528,0.142
18529,-0.227
18530,-0.076
18531,0.112
18532,-0.037
18533,-0.146
18534,-0.112
18535,-0.083
18536,-0.205
18537,-0.168
18538,-0.234
18539,-0.061
18540,-0.269
18541,-0.188
18542,0.005
18543,-0.366
18544,-0.271
18545,-0.032
18546,-0.029
18547,-0.085
18548,-0.237
18549,-0.229
18550,0.042
18551,-0.107
18552,-0.22
18553,-0.081
18554,-0.244
18555,-0.32
18556,-0.21
18557,-0.347
18558,-0.286
18559,-0.071
18560,-0.227
18561,-0.151
18562,-0.042
18563,-0.2
18564,-0.061
18565,-0.173
18566,-0.103
18567,-0.02
18568,-0.137
18569,-0.247
18570,0.09
18571,0.044
18572,-0.173
18573,-0.112
18574,-0.195
18575,-0.046
18576,0.01
18577,-0.024
18578,-0.188
18579,-0.178
18580,-0.146
18581,-0.032
18582,-0.151
18583,-0.269
18584,-0.137
18585,-0.156
18586,-0.061
18587,0.022
18588,0.054
18589,-0.134
18590,0.017
18591,-0.095
18592,-0.127
18593,-0.156
18594,-0.098
18595,-0.129
18596,-0.088
18597,-0.183
18598,-0.293
18599,-0.125
18600,-0.144
18601,-0.261
18602,-0.276
18603,-0.1
18604,-0.12
18605,-0.364
18606,-0.203
18607,-0.129
18608,-0.09
18609,-0.178
18610,-0.164
18611,-0.015
18612,0.237
18613,-0.129
18614,-0.254
18615,0.183
18616,-0.234
18617,-0.227
18618,-0.002
18619,-0.01
18620,-0.254
18621,0.0
18622,-0.242
18623,-0.239
18624,-0.481
18625,-0.117
18626,-0.044
18627,-0.063
18628,-0.312
18629,-0.232
18630,-0.154
18631,-0.01
18632,0.046
18633,0.088
18634,0.024
18635,-0.071
18636,-0.203
18637,-0.029
18638,-0.381
18639,-0.068
18640,-0.144
18641,-0.095
18642,-0.178
18643,-0.088
18644,-0.11
18645,-0.088
18646,-0.125
18647,-0.137
18648,-0.076
18649,0.012
18650,-0.12
18651,-0.288
18652,-0.002
18653,-0.034
18654,-0.09
18655,-0.149
18656,0.046
18657,-0.166
18658,-0.103
18659,-0.039
18660,-0.159
18661,-0.083
18662,-0.234
18663,-0.017
18664,-0.181
18665,-0.183
18666,0.042
18667,-0.122
18668,-0.273
18669,-0.117
18670,0.049
18671,-0.103
18672,-0.073
18673,-0.144
18674,0.024
18675,0.005
18676,-0.059
18677,-0.234
18678,-0.037
18679,-0.193
18680,-0.139
18681,-0.051
18682,-0.293
18683,-0.088
18684,-0.066
18685,-0.112
18686,0.01
18687,-0.156
18688,-0.229
18689,0.352
18690,-0.186
18691,-0.652
18692,0.193
18693,0.405
18694,-0.308
18695,-0.437
18696,0.193
18697,-0.256
18698,-0.012
18699,-0.205
18700,-0.105
18701,-0.181
18702,-0.12
18703,-0.129
18704,-0.259
18705,-0.386
18706,-0.149
18707,-0.012
18708,-0.176
18709,-0.02
18710,-0.071
18711,-0.361
18712,0.083
18713,0.088
18714,-0.107
18715,-0.159
18716,0.061
18717,-0.403
18718,-0.178
18719,-0.232
18720,-0.007
18721,-0.156
18722,-0.139
18723,-0.051
18724,-0.166
18725,-0.225
18726,-0.312
18727,0.007
18728,-0.142
18729,-0.002
18730,-0.166
18731,-0.024
18732,-0.056
18733,-0.027
18734,-0.181
18735,-0.151
18736,0.159
18737,-0.125
18738,-0.034
18739,-0.068
18740,-0.125
18741,-0.085
18742,0.022
18743,-0.312
18744,-0.105
18745,-0.203
18746,-0.317
18747,-0.137
18748,-0.303
18749,-0.227
18750,-0.312
18751,-0.149
18752,-0.242
18753,0.071
18754,-0.305
18755,-0.288
18756,0.007
18757,-0.149
18758,0.0
18759,0.212
18760,0.098
18761,-0.129
18762,-0.073
18763,-0.171
18764,-0.032
18765,-0.188
18766,-0.269
18767,0.137
18768,-0.193
18769,-0.244
18770,0.088
18771,0.02
18772,0.005
18773,-0.054
18774,0.027
18775,0.076
18776,-0.251
18777,-0.237
18778,-0.088
18779,-0.051
18780,-0.283
18781,-0.422
18782,-0.137
18783,-0.1
18784,-0.034
18785,-0.095
18786,-0.1
18787,-0.059
18788,-0.208
18789,-0.295
18790,-0.166
18791,0.002
18792,-0.254
18793,0.076
18794,-0.002
18795,-0.168
18796,-0.396
18797,-0.051
18798,0.073
18799,-0.161
18800,-0.105
18801,-0.239
18802,-0.22
18803,-0.19
18804,-0.01
18805,-0.193
18806,-0.154
18807,-0.142
18808,-0.09
18809,-0.005
18810,-0.027
18811,-0.12
18812,-0.132
18813,0.005
18814,-0.061
18815,-0.1
18816,-0.063
18817,-0.098
18818,0.0
18819,-0.002
18820,-0.112
18821,-0.132
18822,-0.02
18823,-0.046
18824,-0.076
18825,-0.02
18826,-0.151
18827,-0.127
18828,-0.161
18829,-0.164
18830,-0.176
18831,0.022
18832,-0.002
18833,0.007
18834,-0.107
18835,-0.083
18836,-0.1
18837,-0.139
18838,-0.127
18839,-0.078
18840,-0.112
18841,-0.249
18842,-0.159
18843,-0.212
18844,-0.178
18845,-0.222
18846,-0.125
18847,-0.183
18848,-0.139
18849,0.02
18850,-0.032
18851,-0.195
18852,-0.154
18853,-0.054
18854,-0.068
18855,-0.168
18856,0.0
18857,0.154
18858,0.0
18859,-0.107
18860,-0.059
18861,-0.137
18862,-0.09
18863,-0.178
18864,-0.247
18865,-0.044
18866,-0.171
18867,-0.42
18868,-0.078
18869,-0.063
18870,-0.432
18871,-0.356
18872,-0.166
18873,0.144
18874,-0.107
18875,-0.176
18876,-0.146
18877,-0.171
18878,-0.225
18879,-0.085
18880,0.273
18881,-0.071
18882,-0.283
18883,-0.164
18884,0.098
18885,-0.037
18886,-0.088
18887,-0.22
18888,-0.122
18889,-0.232
18890,-0.259
18891,-0.183
18892,-0.198
18893,-0.005
18894,-0.071
18895,-0.039
18896,-0.171
18897,-0.044
18898,0.027
18899,0.061
18900,-0.027
18901,-0.01
18902,-0.171
18903,-0.208
18904,0.034
18905,-0.154
18906,-0.12
18907,-0.183
18908,0.037
18909,0.027
18910,-0.234
18911,-0.195
18912,-0.054
18913,-0.034
18914,-0.227
18915,-0.203
18916,-0.254
18917,-0.134
18918,-0.093
18919,-0.146
18920,-0.1
18921,-0.042
18922,-0.151
18923,-0.166
18924,-0.103
18925,-0.066
18926,-0.1
18927,-0.237
18928,-0.105
18929,-0.105
18930,-0.198
18931,0.0
18932,0.151
18933,-0.039
18934,-0.139
18935,-0.056
18936,-0.1
18937,0.022
18938,-0.095
18939,-0.039
18940,-0.125
18941,-0.02
18942,-0.105
18943,-0.046
18944,-0.049
18945,0.022
18946,0.044
18947,-0.122
18948,-0.222
18949,-0.161
18950,-0.046
18951,-0.198
18952,-0.012
18953,-0.212
18954,-0.344
18955,-0.203
18956,0.1
18957,-0.293
18958,-0.283
18959,-0.154
18960,-0.22
18961,0.105
18962,-0.034
18963,-0.283
18964,-0.054
18965,-0.183
18966,-0.166
18967,-0.042
18968,-0.027
18969,-0.229
18970,-0.105
18971,-0.225
18972,0.017
18973,-0.132
18974,-0.142
18975,0.042
18976,0.056
18977,-0.09
18978,0.034
18979,-0.061
18980,-0.071
18981,0.034
18982,-0.042
18983,-0.225
18984,-0.127
18985,-0.254
18986,-0.046
18987,-0.2
18988,-0.259
18989,-0.208
18990,-0.081
18991,-0.549
18992,0.061
18993,0.017
18994,-0.312
18995,-0.137
18996,0.066
18997,-0.249
18998,-0.107
18999,0.103
19000,0.105
19001,0.017
19002,0.076
19003,-0.149
19004,-0.017
19005,-0.149
19006,-0.166
19007,-0.034
19008,-0.261
19009,-0.391
19010,0.032
19011,-0.176
19012,-0.193
19013,0.005
19014,-0.178
19015,0.007
19016,0.039
19017,-0.134
19018,0.029
19019,-0.076
19020,-0.229
19021,-0.127
19022,-0.095
19023,-0.188
19024,0.088
19025,-0.188
19026,-0.312
19027,0.005
19028,0.095
19029,-0.322
19030,-0.007
19031,-0.159
19032,-0.007
19033,0.098
19034,-0.142
19035,-0.066
19036,-0.059
19037,-0.112
19038,-0.032
19039,-0.007
19040,-0.242
19041,-0.098
19042,-0.171
19043,-0.073
19044,-0.027
19045,-0.078
19046,-0.229
19047,-0.061
19048,-0.049
19049,-0.269
19050,-0.127
19051,-0.139
19052,-0.027
19053,-0.054
19054,-0.068
19055,0.029
19056,-0.1
19057,-0.044
19058,-0.076
19059,-0.391
19060,-0.205
19061,-0.017
19062,-0.203
19063,-0.151
19064,-0.032
19065,-0.083
19066,-0.203
19067,-0.054
19068,-0.098
19069,-0.103
19070,0.007
19071,-0.31
19072,-0.044
19073,0.017
19074,-0.063
19075,-0.015
19076,-0.002
19077,-0.208
19078,-0.247
19079,-0.063
19080,-0.083
19081,-0.1
19082,-0.117
19083,-0.076
19084,-0.276
19085,0.042
19086,-0.09
19087,-0.239
19088,-0.017
19089,-0.129
19090,-0.017
19091,-0.146
19092,-0.122
19093,-0.12
19094,-0.066
19095,-0.024
19096,-0.012
19097,-0.129
19098,-0.078
19099,-0.068
19100,-0.325
19101,-0.127
19102,-0.068
19103,-0.137
19104,-0.166
19105,-0.015
19106,-0.156
19107,-0.034
19108,-0.134
19109,-0.222
19110,-0.21
19111,-0.195
19112,-0.166
19113,-0.037
19114,-0.059
19115,-0.205
19116,0.063
19117,0.105
19118,-0.039
19119,0.132
19120,-0.215
19121,-0.034
19122,-0.125
19123,-0.203
19124,-0.166
19125,-0.122
19126,-0.388
19127,-0.112
19128,-0.183
19129,-0.337
19130,-0.237
19131,-0.129
19132,-0.229
19133,-0.244
19134,-0.188
19135,-0.09
19136,-0.034
19137,-0.232
19138,-0.112
19139,0.242
19140,-0.002
19141,0.056
19142,0.061
19143,-0.115
19144,-0.269
19145,-0.098
19146,-0.276
19147,-0.164
19148,-0.444
19149,-0.413
19150,-0.3
19151,-0.01
19152,-0.273
19153,-0.127
19154,-0.032
19155,-0.317
19156,0.046
19157,0.173
19158,-0.015
19159,-0.193
19160,-0.002
19161,-0.007
19162,-0.095
19163,0.007
19164,-0.186
19165,0.01
19166,-0.117
19167,-0.022
19168,0.007
19169,-0.322
19170,-0.193
19171,-0.059
19172,-0.3
19173,-0.215
19174,-0.161
19175,-0.369
19176,-0.088
19177,-0.11
19178,-0.269
19179,-0.195
19180,-0.154
19181,0.027
19182,0.112
19183,-0.027
19184,-0.276
19185,0.203
19186,-0.083
19187,-0.151
19188,-0.149
19189,-0.161
19190,-0.2
19191,0.217
19192,0.027
19193,0.083
19194,-0.11
19195,-0.271
19196,-0.149
19197,-0.186
19198,-0.068
19199,0.007
19200,-0.039
19201,-0.21
19202,-0.068
19203,-0.056
19204,-0.146
19205,-0.166
19206,0.037
19207,-0.073
19208,-0.349
19209,-0.081
19210,-0.122
19211,-0.244
19212,-0.205
19213,0.051
19214,-0.129
19215,-0.144
19216,-0.371
19217,-0.19
19218,-0.186
19219,-0.281
19220,0.144
19221,0.139
19222,-0.276
19223,-0.178
19224,0.122
19225,-0.195
19226,-0.261
19227,-0.022
19228,0.046
19229,-0.217
19230,-0.378
19231,0.01
19232,-0.208
19233,-0.198
19234,-0.107
19235,-0.01
19236,-0.225
19237,-0.352
19238,-0.105
19239,-0.088
19240,-0.215
19241,-0.234
19242,-0.024
19243,-0.122
19244,-0.103
19245,-0.269
19246,-0.056
19247,-0.098
19248,-0.078
19249,0.061
19250,0.007
19251,-0.127
19252,-0.266
19253,-0.039
19254,-0.266
19255,-0.059
19256,-0.159
19257,-0.081
19258,-0.056
19259,-0.061
19260,-0.127
19261,-0.178
19262,-0.09
19263,0.046
19264,0.076
19265,-0.305
19266,-0.071
19267,-0.083
19268,-0.024
19269,-0.073
19270,-0.151
19271,-0.134
19272,-0.063
19273,-0.159
19274,-0.22
19275,-0.127
19276,-0.293
19277,-0.31
19278,-0.259
19279,-0.046
19280,-0.024
19281,-0.288
19282,-0.127
19283,-0.137
19284,-0.198
19285,-0.281
19286,-0.027
19287,-0.166
19288,-0.085
19289,-0.166
19290,-0.21
19291,-0.173
19292,0.049
19293,-0.037
19294,-0.234
19295,-0.171
19296,-0.046
19297,0.042
19298,-0.312
19299,-0.159
19300,-0.032
19301,0.12
19302,-0.183
19303,-0.195
19304,-0.264
19305,-0.325
19306,0.063
19307,0.083
19308,-0.073
19309,-0.198
19310,-0.078
19311,-0.022
19312,-0.107
19313,-0.117
19314,-0.063
19315,0.076
19316,-0.264
19317,-0.222
19318,-0.103
19319,-0.049
19320,-0.112
19321,0.0
19322,-0.073
19323,-0.085
19324,-0.044
19325,-0.105
19326,-0.115
19327,-0.105
19328,0.103
19329,-0.083
19330,-0.11
19331,-0.144
19332,-0.056
19333,-0.076
19334,-0.09
19335,-0.081
19336,-0.222
19337,-0.095
19338,-0.093
19339,-0.11
19340,-0.261
19341,-0.037
19342,0.063
19343,-0.007
19344,-0.061
19345,-0.103
19346,-0.103
19347,-0.168
19348,-0.232
19349,-0.254
19350,0.044
19351,-0.044
19352,0.012
19353,-0.183
19354,-0.166
19355,-0.115
19356,-0.1
19357,-0.029
19358,-0.049
19359,0.029
19360,-0.078
19361,0.027
19362,-0.173
19363,-0.176
19364,-0.085
19365,0.002
19366,-0.171
19367,-0.063
19368,-0.061
19369,-0.107
19370,0.007
19371,-0.295
19372,-0.364
19373,-0.168
19374,0.22
19375,-0.02
19376,-0.222
19377,-0.183
19378,-0.276
19379,-0.056
19380,0.02
19381,0.02
19382,-0.215
19383,0.024
19384,-0.085
19385,0.002
19386,-0.12
19387,0.039
19388,-0.071
19389,-0.303
19390,-0.271
19391,-0.332
19392,-0.015
19393,-0.164
19394,-0.107
19395,-0.149
19396,-0.166
19397,-0.261
19398,-0.007
19399,0.137
19400,-0.11
19401,-0.105
19402,-0.188
19403,0.059
19404,-0.081
19405,0.078
19406,-0.286
19407,-0.315
19408,-0.149
19409,-0.254
19410,-0.164
19411,-0.085
19412,-0.088
19413,-0.261
19414,-0.112
19415,-0.33
19416,-0.088
19417,-0.103
19418,-0.156
19419,-0.234
19420,-0.017
19421,-0.066
19422,-0.085
19423,-0.01
19424,-0.242
19425,-0.029
19426,-0.173
19427,-0.073
19428,-0.09
19429,-0.09
19430,-0.098
19431,-0.107
19432,-0.171
19433,-0.244
19434,0.068
19435,-0.085
19436,-0.093
19437,-0.203
19438,-0.039
19439,-0.09
19440,-0.083
19441,-0.117
19442,-0.076
19443,-0.029
19444,-0.068
19445,0.054
19446,-0.034
19447,-0.088
19448,-0.276
19449,-0.029
19450,-0.066
19451,-0.117
19452,-0.09
19453,-0.303
19454,-0.193
19455,-0.244
19456,-0.012
19457,-0.176
19458,0.042
19459,-0.237
19460,0.034
19461,-0.027
19462,-0.112
19463,-0.193
19464,-0.049
19465,0.017
19466,-0.078
19467,0.0
19468,-0.22
19469,-0.044
19470,-0.122
19471,-0.112
19472,-0.085
19473,-0.066
19474,-0.105
19475,-0.063
19476,-0.078
19477,-0.305
19478,0.105
19479,-0.037
19480,-0.129
19481,-0.205
19482,-0.09
19483,-0.032
19484,-0.046
19485,-0.215
19486,-0.181
19487,0.068
19488,-0.254
19489,-0.239
19490,-0.149
19491,0.01
19492,-0.215
19493,-0.251
19494,-0.083
19495,-0.073
19496,-0.166
19497,-0.154
19498,0.044
19499,-0.161
19500,-0.068
19501,-0.039
19502,0.134
19503,-0.127
19504,-0.02
19505,-0.081
19506,-0.081
19507,0.059
19508,-0.198
19509,-0.012
19510,-0.132
19511,0.049
19512,-0.293
19513,-0.154
19514,-0.005
19515,-0.32
19516,-0.161
19517,-0.247
19518,-0.12
19519,-0.254
19520,-0.017
19521,-0.107
19522,-0.125
19523,-0.33
19524,-0.193
19525,-0.11
19526,-0.02
19527,-0.068
19528,-0.381
19529,-0.19
19530,-0.12
19531,0.037
19532,-0.369
19533,-0.212
19534,-0.168
19535,-0.029
19536,-0.137
19537,-0.09
19538,-0.188
19539,-0.327
19540,-0.005
19541,-0.132
19542,-0.024
19543,-0.181
19544,0.144
19545,0.129
19546,0.225
19547,-0.154
19548,0.129
19549,0.361
19550,-0.31
19551,-0.298
19552,-0.237
19553,0.12
19554,-0.132
19555,-0.237
19556,-0.09
19557,0.056
19558,-0.168
19559,-0.378
19560,-0.059
19561,-0.176
19562,0.049
19563,-0.093
19564,0.173
19565,-0.22
19566,-0.251
19567,-0.159
19568,-0.02
19569,0.027
19570,-0.146
19571,-0.261
19572,-0.322
19573,-0.01
19574,-0.144
19575,-0.056
19576,-0.222
19577,-0.166
19578,-0.183
19579,-0.283
19580,-0.088
19581,-0.005
19582,-0.032
19583,-0.154
19584,0.212
19585,0.0
19586,-0.115
19587,-0.166
19588,0.12
19589,0.093
19590,-0.139
19591,-0.154
19592,0.022
19593,0.11
19594,-0.32
19595,-0.173
19596,-0.088
19597,-0.042
19598,-0.017
19599,-0.251
19600,-0.242
19601,-0.271
19602,-0.21
19603,-0.303
19604,-0.112
19605,-0.229
19606,-0.012
19607,-0.198
19608,-0.208
19609,-0.366
19610,-0.178
19611,-0.076
19612,-0.1
19613,0.073
19614,-0.183
19615,-0.073
19616,-0.071
19617,0.027
19618,-0.142
19619,-0.129
19620,-0.122
19621,-0.046
19622,-0.012
19623,-0.037
19624,0.09
19625,-0.288
19626,-0.012
19627,-0.085
19628,-0.068
19629,-0.227
19630,0.0
19631,-0.022
19632,-0.212
19633,-0.156
19634,-0.393
19635,-0.127
19636,-0.149
19637,-0.103
19638,-0.173
19639,-0.059
19640,-0.186
19641,0.039
19642,-0.269
19643,-0.159
19644,-0.068
19645,-0.1
19646,0.042
19647,-0.186
19648,-0.063
19649,-0.012
19650,-0.076
19651,-0.3
19652,-0.044
19653,-0.024
19654,-0.164
19655,-0.146
19656,-0.278
19657,-0.203
19658,-0.31
19659,-0.1
19660,-0.237
19661,-0.01
19662,-0.22
19663,-0.159
19664,-0.017
19665,-0.166
19666,0.076
19667,-0.022
19668,0.056
19669,-0.088
19670,0.015
19671,-0.149
19672,0.076
19673,0.076
19674,-0.098
19675,-0.222
19676,-0.264
19677,-0.049
19678,-0.239
19679,-0.093
19680,-0.215
19681,-0.049
19682,-0.232
19683,0.012
19684,-0.117
19685,-0.066
19686,-0.076
19687,-0.251
19688,0.068
19689,0.002
19690,-0.212
19691,-0.181
19692,0.188
19693,0.012
19694,-0.105
19695,-0.161
19696,-0.193
19697,-0.107
19698,-0.256
19699,-0.291
19700,-0.149
19701,-0.039
19702,-0.283
19703,-0.051
19704,-0.11
19705,-0.259
19706,-0.176
19707,-0.081
19708,-0.046
19709,-0.022
19710,-0.127
19711,-0.208
19712,0.076
19713,0.017
19714,0.042
19715,-0.315
19716,-0.146
19717,0.115
19718,0.027
19719,-0.107
19720,-0.2
19721,-0.105
19722,-0.186
19723,-0.103
19724,-0.183
19725,-0.137
19726,-0.217
19727,-0.032
19728,-0.154
19729,-0.178
19730,0.002
19731,-0.002
19732,-0.188
19733,-0.127
19734,0.059
19735,-0.317
19736,-0.051
19737,0.029
19738,-0.225
19739,-0.105
19740,-0.168
19741,-0.056
19742,-0.127
19743,-0.19
19744,-0.303
19745,0.049
19746,-0.09
19747,-0.081
19748,-0.083
19749,-0.149
19750,-0.051
19751,0.049
19752,-0.083
19753,-0.32
19754,-0.103
19755,-0.078
19756,-0.107
19757,-0.168
19758,-0.115
19759,-0.195
19760,-0.149
19761,-0.059
19762,-0.244
19763,-0.115
19764,-0.073
19765,-0.049
19766,-0.205
19767,0.044
19768,-0.254
19769,-0.051
19770,0.168
19771,0.029
19772,-0.437
19773,-0.049
19774,0.132
19775,-0.098
19776,-0.376
19777,-0.034
19778,-0.107
19779,0.103
19780,-0.234
19781,-0.117
19782,-0.046
19783,-0.142
19784,-0.286
19785,0.044
19786,-0.154
19787,-0.112
19788,-0.044
19789,-0.088
19790,-0.154
19791,-0.107
19792,-0.015
19793,0.002
19794,-0.181
19795,0.027
19796,-0.005
19797,-0.369
19798,-0.212
19799,0.0
19800,-0.308
19801,-0.115
19802,-0.051
19803,-0.161
19804,-0.308
19805,-0.063
19806,-0.039
19807,-0.161
19808,-0.322
19809,-0.134
19810,0.107
19811,-0.339
19812,-0.146
19813,0.195
19814,-0.12
19815,-0.508
19816,-0.039
19817,-0.051
19818,-0.364
19819,-0.215
19820,-0.161
19821,-0.007
19822,-0.095
19823,-0.205
19824,-0.176
19825,0.125
19826,-0.137
19827,-0.017
19828,-0.051
19829,0.02
19830,-0.247
19831,-0.361
19832,-0.046
19833,-0.071
19834,-0.193
19835,-0.105
19836,0.012
19837,-0.347
19838,-0.322
19839,-0.112
19840,0.039
19841,-0.063
19842,-0.146
19843,-0.046
19844,0.034
19845,-0.068
19846,-0.286
19847,-0.01
19848,-0.178
19849,-0.146
19850,-0.105
19851,-0.137
19852,-0.11
19853,-0.022
19854,-0.142
19855,-0.186
19856,-0.005
19857,-0.183
19858,-0.042
19859,-0.073
19860,-0.188
19861,-0.217
19862,-0.173
19863,-0.161
19864,-0.042
19865,-0.12
19866,-0.254
19867,0.151
19868,-0.195
19869,-0.164
19870,-0.146
19871,-0.33
19872,-0.273
19873,0.151
19874,-0.103
19875,-0.144
19876,-0.032
19877,-0.166
19878,0.066
19879,0.037
19880,-0.178
19881,-0.193
19882,-0.117
19883,-0.168
19884,-0.054
19885,-0.105
19886,-0.232
19887,-0.073
19888,-0.266
19889,-0.095
19890,-0.073
19891,-0.071
19892,-0.098
19893,0.046
19894,-0.061
19895,-0.19
19896,-0.032
19897,-0.127
19898,-0.115
19899,-0.146
19900,-0.144
19901,-0.049
19902,-0.21
19903,-0.276
19904,-0.117
19905,-0.083
19906,-0.332
19907,-0.142
19908,-0.144
19909,-0.085
19910,-0.273
19911,-0.122
19912,-0.129
19913,0.0
19914,-0.071
19915,-0.125
19916,-0.005
19917,-0.112
19918,-0.076
19919,-0.088
19920,-0.115
19921,-0.078
19922,-0.151
19923,-0.229
19924,-0.022
19925,-0.1
19926,-0.334
19927,-0.154
19928,-0.098
19929,-0.005
19930,-0.134
19931,0.01
19932,0.027
19933,-0.071
19934,-0.168
19935,-0.078
19936,0.029
19937,-0.09
19938,-0.2
19939,-0.073
19940,0.012
19941,-0.168
19942,-0.095
19943,-0.076
19944,-0.032
19945,-0.081
19946,-0.164
19947,-0.261
19948,-0.247
19949,-0.112
19950,-0.137
19951,-0.044
19952,-0.144
19953,0.164
19954,0.159
19955,-0.061
19956,-0.171
19957,0.017
19958,0.007
19959,-0.117
19960,-0.032
19961,-0.029
19962,-0.02
19963,-0.239
19964,-0.12
19965,-0.071
19966,-0.051
19967,-0.139
19968,-0.212
19969,-0.295
19970,-0.359
19971,0.007
19972,-0.127
19973,-0.203
19974,-0.164
19975,-0.01
19976,-0.12
19977,-0.229
19978,-0.142
19979,-0.081
19980,-0.183
19981,-0.222
19982,-0.049
19983,-0.156
19984,-0.195
19985,-0.032
19986,0.078
19987,-0.222
19988,0.01
19989,-0.073
19990,-0.291
19991,0.066
19992,-0.095
19993,-0.288
19994,-0.056
19995,-0.054
19996,-0.154
19997,-0.049
19998,-0.3
19999,-0.315
20000,-0.149
20001,-0.146
20002,-0.127
20003,-0.212
20004,-0.322
20005,-0.261
20006,-0.037
20007,-0.283
20008,-0.232
20009,-0.073
20010,-0.137
20011,-0.195
20012,0.037
20013,0.022
20014,-0.139
20015,-0.022
20016,0.044
20017,0.0
20018,-0.234
20019,-0.007
20020,-0.151
20021,-0.151
20022,-0.073
20023,-0.237
20024,-0.146
20025,-0.11
20026,-0.051
20027,0.186
20028,-0.078
20029,-0.181
20030,-0.007
20031,-0.007
20032,-0.2
20033,-0.164
20034,-0.061
20035,0.044
20036,-0.078
20037,-0.164
20038,-0.105
20039,-0.049
20040,-0.088
20041,-0.02
20042,-0.125
20043,-0.242
20044,-0.015
20045,-0.063
20046,-0.195
20047,-0.239
20048,-0.073
20049,-0.042
20050,-0.142
20051,-0.176
20052,-0.161
20053,-0.273
20054,-0.107
20055,0.1
20056,-0.103
20057,-0.081
20058,-0.068
20059,-0.146
20060,-0.171
20061,-0.151
20062,-0.305
20063,-0.115
20064,-0.085
20065,-0.225
20066,-0.261
20067,-0.195
20068,-0.107
20069,-0.105
20070,-0.142
20071,-0.078
20072,0.037
20073,-0.117
20074,-0.161
20075,-0.144
20076,-0.076
20077,-0.046
20078,-0.024
20079,-0.1
20080,-0.244
20081,-0.266
20082,-0.188
20083,-0.046
20084,-0.063
20085,-0.198
20086,-0.154
20087,-0.107
20088,-0.212
20089,-0.215
20090,-0.112
20091,-0.024
20092,-0.046
20093,-0.203
20094,0.037
20095,-0.173
20096,-0.1
20097,0.032
20098,-0.259
20099,-0.461
20100,-0.234
20101,-0.225
20102,-0.051
20103,0.151
20104,-0.159
20105,-0.259
20106,-0.059
20107,-0.051
20108,-0.249
20109,-0.078
20110,-0.046
20111,-0.042
20112,-0.039
20113,-0.137
20114,0.012
20115,0.098
20116,0.051
20117,-0.122
20118,-0.068
20119,-0.31
20120,-0.159
20121,-0.081
20122,-0.195
20123,-0.181
20124,-0.188
20125,-0.232
20126,-0.039
20127,-0.129
20128,-0.393
20129,0.029
20130,-0.188
20131,-0.229
20132,-0.195
20133,-0.161
20134,-0.139
20135,0.037
20136,-0.137
20137,-0.266
20138,-0.247
20139,-0.256
20140,-0.129
20141,-0.093
20142,-0.2
20143,-0.244
20144,-0.198
20145,-0.137
20146,-0.168
20147,-0.286
20148,-0.159
20149,-0.007
20150,0.076
20151,-0.081
20152,-0.247
20153,-0.129
20154,-0.051
20155,-0.054
20156,-0.007
20157,-0.059
20158,-0.01
20159,0.002
20160,0.034
20161,-0.303
20162,-0.024
20163,-0.21
20164,-0.232
20165,-0.173
20166,-0.266
20167,-0.205
20168,-0.2
20169,-0.229
20170,-0.063
20171,0.034
20172,-0.232
20173,-0.132
20174,-0.212
20175,-0.396
20176,-0.271
20177,-0.015
20178,-0.073
20179,-0.007
20180,-0.156
20181,-0.293
20182,0.01
20183,-0.02
20184,0.005
20185,0.002
20186,-0.056
20187,-0.364
20188,-0.076
20189,-0.115
20190,-0.171
20191,0.01
20192,-0.098
20193,-0.1
20194,0.022
20195,-0.215
20196,-0.288
20197,0.193
20198,0.085
20199,-0.215
20200,-0.054
20201,-0.007
20202,-0.195
20203,-0.049
20204,-0.071
20205,-0.232
20206,-0.159
20207,-0.273
20208,-0.244
20209,-0.171
20210,-0.283
20211,-0.266
20212,-0.01
20213,-0.054
20214,-0.264
20215,-0.137
20216,-0.186
20217,-0.088
20218,-0.081
20219,-0.081
20220,-0.056
20221,-0.132
20222,-0.159
20223,-0.071
20224,-0.181
20225,-0.159
20226,0.017
20227,-0.076
20228,-0.085
20229,-0.137
20230,-0.107
20231,-0.042
20232,0.037
20233,0.007
20234,0.01
20235,-0.059
20236,-0.029
20237,0.105
20238,-0.129
20239,-0.042
20240,0.198
20241,-0.085
20242,-0.288
20243,0.012
20244,-0.142
20245,-0.122
20246,-0.195
20247,-0.168
20248,-0.054
20249,-0.134
20250,-0.413
20251,-0.254
20252,-0.095
20253,-0.195
20254,-0.2
20255,0.127
20256,-0.229
20257,-0.234
20258,-0.334
20259,0.024
20260,0.012
20261,-0.127
20262,-0.105
20263,-0.063
20264,-0.232
20265,-0.071
20266,-0.044
20267,-0.105
20268,-0.11
20269,-0.21
20270,-0.198
20271,-0.083
20272,-0.107
20273,-0.073
20274,-0.051
20275,-0.19
20276,-0.054
20277,0.017
20278,-0.332
20279,0.103
20280,0.071
20281,-0.046
20282,0.0
20283,0.029
20284,-0.146
20285,0.156
20286,0.122
20287,-0.137
20288,-0.095
20289,-0.146
20290,-0.02
20291,-0.056
20292,-0.269
20293,-0.266
20294,-0.066
20295,-0.005
20296,-0.068
20297,-0.068
20298,-0.173
20299,0.054
20300,-0.156
20301,-0.171
20302,-0.186
20303,-0.088
20304,-0.076
20305,-0.1
20306,-0.168
20307,0.007
20308,0.005
20309,-0.315
20310,-0.303
20311,-0.129
20312,-0.095
20313,-0.183
20314,0.068
20315,-0.044
20316,-0.007
20317,-0.195
20318,-0.261
20319,-0.095
20320,-0.244
20321,0.054
20322,0.027
20323,-0.024
20324,-0.22
20325,-0.149
20326,-0.125
20327,-0.247
20328,0.115
20329,0.007
20330,-0.002
20331,0.044
20332,0.063
20333,0.015
20334,-0.095
20335,-0.081
20336,-0.09
20337,0.037
20338,-0.076
20339,-0.061
20340,-0.347
20341,-0.378
20342,-0.173
20343,-0.103
20344,-0.007
20345,-0.085
20346,-0.264
20347,-0.339
20348,-0.161
20349,-0.063
20350,-0.061
20351,-0.093
20352,0.059
20353,-0.098
20354,-0.122
20355,0.085
20356,0.01
20357,0.034
20358,0.017
20359,0.173
20360,-0.193
20361,-0.068
20362,0.19
20363,-0.01
20364,-0.115
20365,0.024
20366,-0.161
20367,-0.115
20368,-0.19
20369,-0.337
20370,-0.205
20371,-0.188
20372,-0.322
20373,-0.022
20374,0.151
20375,-0.166
20376,-0.142
20377,0.09
20378,-0.229
20379,0.012
20380,-0.205
20381,0.005
20382,-0.063
20383,-0.107
20384,-0.344
20385,-0.183
20386,-0.166
20387,-0.005
20388,-0.151
20389,-0.1
20390,-0.308
20391,-0.315
20392,-0.239
20393,-0.088
20394,-0.205
20395,-0.002
20396,-0.054
20397,-0.103
20398,-0.007
20399,0.005
20400,-0.137
20401,0.09
20402,-0.042
20403,0.027
20404,-0.208
20405,-0.09
20406,0.042
20407,-0.2
20408,-0.239
20409,0.063
20410,-0.078
20411,-0.32
20412,-0.146
20413,-0.103
20414,0.002
20415,-0.21
20416,-0.085
20417,-0.071
20418,-0.005
20419,-0.293
20420,-0.117
20421,-0.205
20422,-0.508
20423,-0.095
20424,-0.042
20425,-0.322
20426,-0.117
20427,-0.227
20428,-0.264
20429,-0.215
20430,-0.171
20431,-0.017
20432,-0.178
20433,-0.176
20434,0.029
20435,-0.139
20436,-0.088
20437,-0.032
20438,-0.12
20439,-0.066
20440,-0.132
20441,-0.215
20442,0.139
20443,0.073
20444,-0.244
20445,-0.112
20446,0.037
20447,-0.281
20448,-0.432
20449,-0.071
20450,-0.374
20451,-0.156
20452,-0.234
20453,-0.061
20454,0.139
20455,-0.112
20456,-0.112
20457,0.066
20458,-0.217
20459,-0.166
20460,0.078
20461,-0.081
20462,-0.225
20463,-0.012
20464,-0.002
20465,-0.061
20466,-0.105
20467,-0.146
20468,-0.281
20469,-0.183
20470,-0.32
20471,-0.2
20472,-0.186
20473,-0.188
20474,0.027
20475,0.012
20476,0.1
20477,-0.186
20478,-0.198
