,-0.146
0,-0.088
1,-0.173
2,-0.237
3,-0.078
4,-0.293
5,-0.132
6,-0.083
7,-0.32
8,-0.115
9,0.007
10,-0.195
11,-0.156
12,-0.044
13,-0.208
14,-0.129
15,-0.159
16,-0.049
17,-0.139
18,-0.01
19,-0.173
20,-0.054
21,-0.122
22,-0.044
23,-0.12
24,-0.156
25,0.061
26,-0.217
27,-0.159
28,0.134
29,-0.007
30,-0.173
31,0.061
32,0.01
33,-0.051
34,0.112
35,-0.022
36,0.017
37,-0.161
38,-0.273
39,-0.181
40,-0.022
41,-0.107
42,0.015
43,-0.129
44,-0.149
45,-0.154
46,-0.203
47,-0.205
48,-0.1
49,-0.068
50,-0.044
51,-0.012
52,-0.159
53,-0.12
54,-0.188
55,-0.269
56,-0.1
57,-0.076
58,-0.115
59,-0.056
60,-0.054
61,-0.127
62,-0.156
63,-0.383
64,-0.088
65,-0.049
66,-0.283
67,-0.281
68,0.0
69,-0.044
70,-0.081
71,-0.061
72,0.295
73,0.012
74,-0.078
75,-0.259
76,-0.217
77,-0.151
78,-0.029
79,-0.256
80,-0.261
81,-0.378
82,-0.208
83,-0.183
84,0.081
85,-0.044
86,-0.122
87,-0.203
88,-0.125
89,-0.105
90,-0.237
91,-0.181
92,-0.176
93,-0.015
94,-0.051
95,0.049
96,-0.168
97,-0.2
98,-0.1
99,-0.154
100,-0.125
101,-0.161
102,-0.188
103,-0.432
104,-0.117
105,-0.125
106,-0.103
107,-0.127
108,-0.076
109,0.039
110,-0.286
111,-0.186
112,-0.007
113,0.034
114,-0.049
115,-0.071
116,-0.054
117,-0.066
118,-0.203
119,-0.093
120,-0.046
121,-0.352
122,-0.259
123,-0.095
124,0.022
125,-0.073
126,-0.1
127,-0.115
128,-0.11
129,-0.156
130,-0.222
131,0.012
132,-0.034
133,0.027
134,-0.125
135,-0.12
136,-0.22
137,-0.076
138,-0.2
139,-0.081
140,-0.173
141,-0.278
142,-0.183
143,-0.242
144,-0.173
145,-0.149
146,-0.107
147,-0.288
148,-0.049
149,-0.115
150,-0.251
151,-0.127
152,-0.161
153,0.034
154,-0.205
155,-0.063
156,-0.054
157,-0.073
158,-0.193
159,-0.027
160,0.042
161,-0.146
162,-0.161
163,-0.159
164,-0.051
165,-0.127
166,-0.027
167,-0.125
168,-0.063
169,-0.112
170,-0.076
171,-0.042
172,-0.002
173,-0.073
174,-0.063
175,0.039
176,-0.142
177,-0.154
178,-0.095
179,-0.122
180,-0.3
181,-0.19
182,-0.112
183,-0.164
184,-0.251
185,-0.225
186,0.034
187,-0.151
188,-0.156
189,-0.093
190,-0.171
191,-0.049
192,-0.122
193,-0.164
194,-0.127
195,-0.176
196,-0.056
197,0.039
198,-0.2
199,-0.149
200,-0.049
201,-0.203
202,-0.2
203,-0.12
204,-0.112
205,-0.19
206,-0.078
207,-0.151
208,-0.01
209,-0.249
210,-0.278
211,-0.061
212,0.093
213,-0.227
214,-0.19
215,0.054
216,-0.122
217,-0.178
218,-0.125
219,0.129
220,-0.242
221,-0.115
222,0.09
223,-0.154
224,-0.442
225,-0.315
226,-0.039
227,-0.073
228,-0.264
229,-0.19
230,-0.027
231,-0.186
232,-0.098
233,0.09
234,-0.068
235,-0.083
236,-0.078
237,0.012
238,-0.156
239,0.032
240,-0.027
241,-0.107
242,-0.117
243,-0.161
244,-0.161
245,-0.132
246,-0.19
247,-0.205
248,-0.146
249,-0.244
250,0.039
251,-0.027
252,-0.21
253,-0.322
254,-0.066
255,-0.149
256,-0.132
257,-0.178
258,-0.154
259,-0.085
260,-0.12
261,-0.129
262,-0.154
263,0.042
264,-0.266
265,-0.203
266,-0.01
267,-0.117
268,0.073
269,-0.171
270,-0.024
271,0.037
272,-0.156
273,-0.33
274,0.142
275,-0.068
276,-0.105
277,0.051
278,0.12
279,0.01
280,-0.251
281,-0.024
282,0.007
283,-0.127
284,-0.256
285,-0.01
286,-0.11
287,-0.327
288,-0.054
289,0.015
290,-0.161
291,-0.33
292,-0.042
293,-0.254
294,-0.295
295,-0.413
296,-0.261
297,-0.037
298,-0.271
299,-0.186
300,-0.083
301,-0.063
302,-0.256
303,-0.125
304,-0.044
305,-0.12
306,-0.281
307,-0.127
308,-0.024
309,-0.21
310,-0.288
311,-0.09
312,-0.081
313,-0.056
314,0.071
315,-0.205
316,-0.198
317,-0.081
318,-0.103
319,-0.007
320,-0.068
321,-0.056
322,-0.056
323,0.005
324,-0.227
325,-0.298
326,-0.176
327,0.051
328,0.049
329,-0.349
330,-0.273
331,-0.076
332,-0.2
333,0.051
334,0.044
335,-0.203
336,0.066
337,0.09
338,-0.083
339,-0.063
340,-0.222
341,-0.271
342,-0.039
343,-0.266
344,-0.542
345,-0.107
346,-0.193
347,-0.115
348,-0.146
349,-0.122
350,-0.186
351,-0.017
352,-0.061
353,-0.312
354,-0.198
355,-0.056
356,-0.095
357,0.098
358,-0.134
359,0.01
360,-0.144
361,0.046
362,-0.037
363,-0.166
364,-0.439
365,-0.088
366,0.015
367,-0.295
368,-0.061
369,-0.095
370,-0.193
371,-0.283
372,0.22
373,-0.181
374,-0.132
375,0.017
376,-0.01
377,-0.195
378,-0.295
379,-0.068
380,0.017
381,-0.222
382,-0.295
383,-0.056
384,-0.239
385,-0.22
386,-0.061
387,-0.156
388,-0.107
389,-0.256
390,-0.093
391,0.002
392,-0.122
393,-0.334
394,-0.059
395,0.007
396,-0.054
397,-0.076
398,-0.107
399,0.042
400,0.059
401,-0.093
402,-0.2
403,-0.029
404,-0.068
405,-0.178
406,-0.115
407,-0.212
408,-0.181
409,-0.198
410,-0.142
411,-0.188
412,-0.176
413,-0.229
414,-0.117
415,-0.046
416,-0.178
417,-0.161
418,-0.146
419,-0.21
420,-0.073
421,-0.132
422,-0.081
423,-0.078
424,0.024
425,-0.161
426,-0.132
427,-0.09
428,0.088
429,-0.256
430,-0.161
431,-0.173
432,-0.237
433,-0.146
434,-0.078
435,-0.073
436,-0.046
437,-0.251
438,-0.125
439,0.142
440,0.0
441,0.11
442,-0.122
443,-0.303
444,-0.1
445,-0.039
446,-0.215
447,0.022
448,-0.073
449,-0.178
450,-0.132
451,-0.107
452,-0.195
453,-0.137
454,-0.103
455,-0.127
456,-0.098
457,-0.203
458,-0.225
459,-0.095
460,-0.21
461,0.005
462,-0.09
463,-0.283
464,-0.254
465,-0.144
466,0.073
467,-0.137
468,-0.205
469,-0.146
470,-0.103
471,-0.229
472,-0.063
473,-0.063
474,-0.078
475,-0.127
476,0.149
477,0.066
478,-0.178
479,-0.059
480,0.01
481,-0.129
482,-0.093
483,0.073
484,-0.12
485,-0.2
486,-0.176
487,-0.269
488,-0.09
489,-0.217
490,-0.242
491,-0.215
492,-0.159
493,-0.032
494,-0.173
495,-0.183
496,-0.098
497,0.015
498,-0.11
499,-0.188
500,-0.105
501,-0.164
502,-0.159
503,0.017
504,0.01
505,-0.283
506,-0.186
507,-0.056
508,-0.017
509,-0.12
510,-0.19
511,-0.144
512,-0.085
513,-0.088
514,-0.1
515,-0.012
516,0.007
517,-0.024
518,-0.007
519,-0.032
520,-0.095
521,-0.002
522,-0.161
523,-0.085
524,0.154
525,-0.093
526,-0.232
527,-0.117
528,-0.22
529,-0.19
530,-0.166
531,-0.154
532,-0.381
533,-0.347
534,-0.173
535,-0.193
536,-0.125
537,-0.046
538,-0.085
539,-0.178
540,-0.059
541,0.039
542,0.122
543,-0.056
544,-0.002
545,-0.022
546,-0.151
547,-0.051
548,-0.078
549,-0.186
550,-0.129
551,-0.061
552,-0.129
553,-0.142
554,-0.083
555,-0.049
556,-0.178
557,-0.144
558,-0.039
559,0.039
560,0.032
561,-0.046
562,-0.042
563,-0.164
564,-0.249
565,-0.156
566,-0.095
567,-0.01
568,-0.054
569,-0.154
570,0.015
571,-0.366
572,-0.117
573,-0.12
574,-0.142
575,0.034
576,-0.156
577,-0.271
578,-0.002
579,-0.024
580,-0.112
581,-0.105
582,0.022
583,-0.056
584,0.024
585,-0.103
586,-0.195
587,-0.137
588,-0.178
589,-0.085
590,-0.027
591,-0.237
592,-0.164
593,-0.146
594,-0.273
595,-0.188
596,-0.005
597,0.012
598,-0.166
599,-0.176
600,0.044
601,0.083
602,-0.117
603,-0.12
604,0.029
605,-0.11
606,-0.359
607,-0.059
608,-0.139
609,-0.051
610,-0.066
611,-0.09
612,-0.061
613,-0.054
614,-0.037
615,-0.015
616,-0.115
617,-0.122
618,0.007
619,-0.293
620,-0.159
621,-0.161
622,-0.139
623,-0.068
624,-0.068
625,-0.056
626,-0.01
627,-0.039
628,-0.198
629,0.0
630,-0.002
631,-0.217
632,-0.149
633,-0.042
634,-0.171
635,-0.132
636,0.068
637,-0.095
638,-0.022
639,-0.081
640,-0.059
641,-0.134
642,-0.11
643,-0.166
644,-0.056
645,0.01
646,-0.117
647,-0.022
648,-0.122
649,-0.293
650,-0.115
651,-0.01
652,-0.251
653,-0.2
654,-0.198
655,-0.044
656,-0.125
657,-0.183
658,0.085
659,-0.017
660,-0.151
661,-0.073
662,0.076
663,-0.205
664,-0.154
665,-0.081
666,-0.237
667,-0.378
668,-0.305
669,-0.11
670,-0.195
671,-0.19
672,-0.278
673,-0.112
674,-0.295
675,-0.178
676,-0.122
677,-0.095
678,0.054
679,-0.005
680,-0.168
681,-0.12
682,0.044
683,-0.044
684,0.039
685,-0.142
686,-0.188
687,-0.049
688,-0.122
689,-0.032
690,-0.051
691,-0.217
692,-0.215
693,-0.02
694,-0.107
695,-0.19
696,-0.149
697,-0.107
698,-0.068
699,-0.132
700,0.105
701,-0.051
702,-0.095
703,-0.225
704,-0.254
705,-0.256
706,-0.105
707,0.022
708,-0.112
709,-0.09
710,-0.017
711,-0.193
712,-0.266
713,0.071
714,-0.098
715,-0.188
716,-0.088
717,0.063
718,0.029
719,-0.305
720,-0.024
721,0.139
722,-0.159
723,-0.212
724,-0.056
725,-0.083
726,-0.105
727,-0.11
728,-0.09
729,-0.112
730,-0.398
731,-0.1
732,0.02
733,-0.015
734,-0.127
735,-0.103
736,-0.149
737,-0.146
738,0.059
739,-0.151
740,0.029
741,-0.032
742,-0.049
743,-0.239
744,-0.186
745,-0.132
746,-0.208
747,-0.198
748,-0.264
749,-0.159
750,-0.269
751,-0.132
752,-0.171
753,-0.081
754,-0.339
755,-0.21
756,-0.19
757,-0.186
758,-0.19
759,-0.056
760,-0.146
761,-0.159
762,-0.022
763,0.117
764,0.107
765,-0.051
766,-0.142
767,0.002
768,-0.298
769,-0.061
770,-0.344
771,-0.166
772,-0.11
773,-0.01
774,-0.247
775,-0.232
776,-0.205
777,-0.085
778,-0.115
779,-0.149
780,-0.227
781,-0.22
782,-0.149
783,0.01
784,-0.149
785,-0.132
786,-0.193
787,-0.042
788,-0.278
789,-0.244
790,-0.21
791,-0.093
792,-0.107
793,-0.337
794,-0.376
795,-0.071
796,-0.149
797,-0.271
798,0.039
799,-0.037
800,-0.1
801,-0.142
802,-0.024
803,-0.12
804,0.024
805,-0.188
806,-0.1
807,-0.183
808,-0.105
809,-0.054
810,-0.195
811,-0.195
812,-0.2
813,-0.134
814,-0.327
815,-0.259
816,-0.342
817,-0.117
818,-0.093
819,-0.273
820,-0.183
821,-0.134
822,-0.024
823,-0.051
824,-0.081
825,-0.129
826,-0.002
827,-0.205
828,-0.088
829,0.054
830,-0.044
831,-0.076
832,-0.159
833,-0.359
834,-0.164
835,0.01
836,-0.122
837,-0.125
838,-0.234
839,-0.188
840,0.002
841,-0.315
842,-0.205
843,0.02
844,0.029
845,-0.32
846,-0.061
847,0.083
848,-0.005
849,0.037
850,0.01
851,-0.012
852,-0.156
853,-0.195
854,-0.083
855,0.017
856,-0.33
857,-0.061
858,-0.195
859,-0.388
860,-0.19
861,-0.078
862,-0.068
863,-0.154
864,-0.2
865,-0.293
866,-0.093
867,0.029
868,0.012
869,-0.212
870,-0.105
871,-0.098
872,-0.081
873,-0.127
874,-0.254
875,-0.122
876,0.044
877,-0.071
878,-0.173
879,-0.244
880,-0.073
881,-0.02
882,-0.225
883,-0.269
884,0.042
885,0.032
886,-0.295
887,-0.193
888,0.076
889,-0.1
890,-0.166
891,-0.212
892,-0.054
893,-0.051
894,-0.334
895,-0.117
896,-0.117
897,-0.117
898,-0.156
899,-0.266
900,-0.212
901,-0.012
902,-0.066
903,-0.054
904,-0.063
905,-0.286
906,-0.22
907,-0.09
908,-0.12
909,-0.156
910,-0.178
911,-0.215
912,-0.129
913,-0.305
914,-0.198
915,0.115
916,-0.117
917,-0.3
918,-0.11
919,-0.149
920,-0.232
921,0.098
922,0.083
923,-0.034
924,-0.02
925,0.029
926,-0.159
927,-0.237
928,-0.12
929,-0.093
930,-0.122
931,-0.261
932,-0.105
933,-0.088
934,-0.085
935,-0.232
936,-0.244
937,-0.173
938,-0.098
939,-0.142
940,-0.225
941,-0.2
942,-0.276
943,-0.105
944,0.01
945,-0.098
946,-0.212
947,0.007
948,0.203
949,-0.129
950,-0.139
951,-0.254
952,-0.049
953,-0.105
954,-0.134
955,-0.01
956,0.017
957,-0.256
958,-0.068
959,0.146
960,-0.068
961,-0.19
962,-0.044
963,-0.039
964,0.017
965,0.076
966,0.032
967,-0.085
968,-0.156
969,-0.024
970,-0.051
971,-0.186
972,-0.056
973,-0.073
974,-0.129
975,-0.093
976,-0.261
977,-0.251
978,-0.217
979,-0.298
980,-0.188
981,-0.022
982,-0.212
983,0.046
984,-0.2
985,-0.037
986,-0.081
987,-0.09
988,-0.051
989,-0.037
990,0.017
991,-0.046
992,-0.083
993,-0.33
994,-0.242
995,-0.125
996,-0.071
997,-0.149
998,-0.288
999,-0.156
1000,0.034
1001,-0.039
1002,-0.2
1003,0.012
1004,-0.112
1005,-0.029
1006,-0.017
1007,-0.129
1008,-0.139
1009,-0.083
1010,-0.029
1011,-0.168
1012,-0.286
1013,-0.122
1014,-0.088
1015,-0.168
1016,-0.098
1017,-0.11
1018,-0.046
1019,-0.093
1020,-0.254
1021,-0.081
1022,-0.271
1023,-0.234
1024,-0.005
1025,-0.095
1026,-0.183
1027,0.107
1028,0.076
1029,-0.21
1030,-0.017
1031,0.002
1032,0.002
1033,-0.027
1034,-0.056
1035,-0.159
1036,0.088
1037,-0.12
1038,-0.046
1039,-0.195
1040,-0.039
1041,-0.054
1042,-0.005
1043,-0.168
1044,-0.049
1045,-0.134
1046,-0.195
1047,0.063
1048,-0.017
1049,-0.017
1050,-0.078
1051,-0.229
1052,-0.112
1053,-0.061
1054,-0.242
1055,-0.293
1056,0.0
1057,-0.173
1058,-0.227
1059,-0.237
1060,-0.037
1061,-0.142
1062,-0.239
1063,-0.217
1064,-0.112
1065,-0.178
1066,-0.242
1067,0.007
1068,-0.154
1069,-0.21
1070,-0.039
1071,0.015
1072,-0.081
1073,-0.132
1074,-0.22
1075,-0.164
1076,-0.027
1077,-0.195
1078,-0.215
1079,-0.022
1080,-0.171
1081,-0.11
1082,-0.007
1083,-0.205
1084,-0.105
1085,0.093
1086,-0.105
1087,-0.176
1088,-0.195
1089,-0.063
1090,-0.044
1091,-0.042
1092,-0.037
1093,-0.063
1094,-0.251
1095,-0.208
1096,-0.039
1097,-0.022
1098,-0.098
1099,-0.09
1100,-0.129
1101,-0.281
1102,-0.183
1103,-0.173
1104,-0.01
1105,-0.137
1106,-0.144
1107,-0.11
1108,-0.137
1109,-0.078
1110,-0.049
1111,-0.12
1112,-0.212
1113,-0.034
1114,-0.125
1115,-0.322
1116,-0.359
1117,-0.264
1118,-0.234
1119,-0.061
1120,-0.149
1121,-0.347
1122,-0.234
1123,-0.046
1124,-0.081
1125,0.002
1126,-0.029
1127,-0.017
1128,0.103
1129,-0.149
1130,-0.132
1131,0.061
1132,-0.044
1133,-0.168
1134,-0.227
1135,-0.1
1136,-0.002
1137,-0.139
1138,-0.2
1139,-0.139
1140,-0.195
1141,-0.225
1142,-0.139
1143,-0.105
1144,-0.073
1145,-0.188
1146,-0.229
1147,-0.056
1148,-0.044
1149,-0.139
1150,-0.09
1151,-0.081
1152,-0.049
1153,0.059
1154,-0.039
1155,-0.112
1156,-0.024
1157,0.068
1158,-0.115
1159,-0.061
1160,-0.02
1161,-0.176
1162,-0.273
1163,-0.059
1164,-0.012
1165,-0.134
1166,-0.232
1167,-0.242
1168,0.085
1169,-0.078
1170,-0.046
1171,0.229
1172,-0.037
1173,-0.227
1174,-0.134
1175,-0.105
1176,-0.11
1177,-0.112
1178,-0.154
1179,-0.178
1180,-0.078
1181,-0.229
1182,-0.154
1183,-0.186
1184,0.0
1185,-0.012
1186,-0.117
1187,-0.017
1188,-0.034
1189,-0.295
1190,-0.173
1191,-0.061
1192,-0.332
1193,-0.3
1194,-0.291
1195,-0.093
1196,-0.007
1197,-0.078
1198,-0.339
1199,-0.112
1200,-0.107
1201,-0.42
1202,-0.176
1203,-0.073
1204,-0.081
1205,-0.044
1206,-0.105
1207,-0.166
1208,-0.134
1209,-0.195
1210,-0.049
1211,-0.093
1212,-0.227
1213,0.037
1214,0.129
1215,-0.103
1216,-0.254
1217,-0.151
1218,-0.198
1219,0.007
1220,-0.039
1221,-0.293
1222,-0.007
1223,0.19
1224,-0.117
1225,-0.117
1226,-0.059
1227,0.081
1228,0.105
1229,-0.103
1230,-0.063
1231,0.046
1232,-0.083
1233,-0.024
1234,0.149
1235,0.022
1236,-0.12
1237,-0.256
1238,-0.222
1239,-0.271
1240,-0.129
1241,-0.195
1242,-0.129
1243,-0.005
1244,0.02
1245,-0.181
1246,-0.137
1247,-0.332
1248,-0.144
1249,-0.012
1250,-0.081
1251,-0.127
1252,-0.103
1253,-0.083
1254,-0.2
1255,-0.232
1256,-0.107
1257,-0.122
1258,-0.415
1259,-0.352
1260,-0.208
1261,0.061
1262,-0.286
1263,-0.156
1264,-0.01
1265,-0.21
1266,-0.134
1267,-0.144
1268,-0.098
1269,-0.203
1270,-0.164
1271,0.017
1272,-0.073
1273,-0.049
1274,0.071
1275,-0.127
1276,-0.027
1277,0.015
1278,-0.227
1279,-0.195
1280,-0.095
1281,-0.139
1282,-0.112
1283,0.0
1284,-0.291
1285,-0.137
1286,0.056
1287,-0.017
1288,0.029
1289,-0.251
1290,-0.188
1291,0.017
1292,-0.127
1293,-0.178
1294,0.037
1295,-0.21
1296,-0.188
1297,0.002
1298,-0.034
1299,-0.125
1300,-0.068
1301,-0.002
1302,-0.183
1303,-0.249
1304,-0.154
1305,0.09
1306,0.005
1307,-0.198
1308,-0.093
1309,-0.129
1310,-0.222
1311,-0.098
1312,-0.012
1313,-0.073
1314,-0.283
1315,-0.171
1316,-0.227
1317,-0.159
1318,-0.095
1319,-0.085
1320,-0.227
1321,-0.361
1322,-0.186
1323,-0.105
1324,-0.225
1325,-0.022
1326,-0.193
1327,-0.178
1328,0.076
1329,-0.066
1330,-0.061
1331,-0.063
1332,-0.017
1333,-0.002
1334,0.056
1335,-0.051
1336,0.0
1337,-0.09
1338,-0.056
1339,0.083
1340,-0.024
1341,-0.164
1342,-0.029
1343,-0.315
1344,-0.31
1345,0.127
1346,-0.325
1347,-0.305
1348,-0.142
1349,-0.273
1350,-0.203
1351,0.122
1352,-0.166
1353,-0.01
1354,0.0
1355,-0.107
1356,-0.068
1357,-0.339
1358,-0.264
1359,0.071
1360,-0.132
1361,-0.105
1362,-0.217
1363,-0.291
1364,-0.066
1365,0.095
1366,-0.042
1367,-0.044
1368,-0.044
1369,-0.22
1370,-0.095
1371,-0.005
1372,-0.049
1373,-0.059
1374,0.105
1375,-0.161
1376,-0.208
1377,-0.144
1378,-0.164
1379,-0.037
1380,0.039
1381,-0.078
1382,-0.156
1383,-0.259
1384,-0.1
1385,0.129
1386,-0.125
1387,-0.176
1388,0.007
1389,-0.073
1390,-0.156
1391,-0.027
1392,0.005
1393,-0.029
1394,0.066
1395,-0.176
1396,-0.039
1397,-0.044
1398,-0.312
1399,-0.222
1400,-0.11
1401,-0.103
1402,0.017
1403,-0.085
1404,-0.195
1405,-0.139
1406,-0.063
1407,0.149
1408,0.178
1409,0.1
1410,-0.183
1411,-0.061
1412,0.066
1413,-0.127
1414,-0.266
1415,-0.022
1416,0.01
1417,-0.027
1418,-0.239
1419,-0.254
1420,-0.193
1421,-0.21
1422,-0.066
1423,-0.117
1424,-0.125
1425,-0.234
1426,-0.422
1427,-0.254
1428,-0.181
1429,0.068
1430,0.027
1431,-0.076
1432,-0.22
1433,-0.11
1434,-0.261
1435,-0.178
1436,-0.032
1437,0.0
1438,-0.215
1439,-0.056
1440,0.093
1441,0.146
1442,-0.156
1443,-0.139
1444,0.11
1445,-0.171
1446,-0.32
1447,-0.271
1448,-0.142
1449,-0.022
1450,0.037
1451,-0.188
1452,-0.11
1453,-0.151
1454,-0.195
1455,-0.042
1456,0.034
1457,-0.305
1458,-0.269
1459,-0.159
1460,-0.178
1461,-0.21
1462,-0.222
1463,-0.063
1464,0.078
1465,-0.227
1466,-0.435
1467,-0.181
1468,-0.09
1469,-0.178
1470,-0.127
1471,-0.056
1472,0.017
1473,-0.056
1474,-0.049
1475,0.049
1476,-0.063
1477,-0.322
1478,-0.142
1479,0.054
1480,-0.256
1481,-0.242
1482,-0.222
1483,-0.139
1484,-0.02
1485,-0.112
1486,-0.063
1487,0.046
1488,-0.217
1489,-0.022
1490,0.0
1491,-0.293
1492,-0.054
1493,-0.098
1494,-0.12
1495,-0.132
1496,-0.137
1497,-0.139
1498,-0.11
1499,-0.352
1500,-0.1
1501,-0.002
1502,-0.11
1503,-0.22
1504,-0.129
1505,0.039
1506,-0.186
1507,-0.293
1508,-0.369
1509,-0.178
1510,-0.281
1511,-0.129
1512,0.0
1513,-0.107
1514,0.029
1515,-0.264
1516,0.005
1517,-0.186
1518,-0.139
1519,-0.269
1520,0.034
1521,-0.222
1522,-0.271
1523,-0.234
1524,0.015
1525,-0.024
1526,-0.161
1527,0.063
1528,-0.1
1529,-0.149
1530,-0.056
1531,-0.029
1532,-0.105
1533,-0.063
1534,-0.046
1535,-0.283
1536,-0.139
1537,-0.374
1538,-0.251
1539,-0.056
1540,-0.032
1541,-0.31
1542,-0.21
1543,-0.251
1544,-0.232
1545,-0.288
1546,-0.266
1547,0.051
1548,-0.127
1549,-0.195
1550,-0.083
1551,-0.176
1552,-0.186
1553,0.039
1554,0.066
1555,0.024
1556,-0.049
1557,-0.249
1558,0.076
1559,-0.042
1560,-0.183
1561,-0.237
1562,-0.081
1563,-0.2
1564,-0.427
1565,-0.127
1566,-0.068
1567,0.022
1568,-0.269
1569,0.042
1570,0.017
1571,-0.347
1572,-0.193
1573,0.1
1574,-0.142
1575,-0.049
1576,-0.156
1577,-0.173
1578,-0.012
1579,-0.071
1580,-0.159
1581,-0.176
1582,-0.164
1583,-0.264
1584,-0.208
1585,-0.056
1586,-0.022
1587,-0.164
1588,-0.078
1589,-0.032
1590,-0.19
1591,-0.122
1592,-0.002
1593,-0.193
1594,-0.2
1595,-0.09
1596,-0.071
1597,-0.061
1598,-0.205
1599,-0.088
1600,0.015
1601,-0.237
1602,-0.151
1603,-0.022
1604,-0.156
1605,-0.317
1606,0.137
1607,-0.2
1608,-0.405
1609,-0.166
1610,-0.151
1611,-0.103
1612,-0.129
1613,-0.068
1614,-0.222
1615,-0.239
1616,-0.229
1617,-0.103
1618,0.146
1619,-0.139
1620,-0.198
1621,-0.063
1622,-0.076
1623,-0.117
1624,-0.09
1625,-0.173
1626,0.029
1627,-0.234
1628,-0.518
1629,-0.093
1630,-0.022
1631,-0.212
1632,-0.122
1633,0.105
1634,-0.193
1635,-0.249
1636,-0.21
1637,-0.068
1638,0.012
1639,-0.251
1640,-0.132
1641,-0.171
1642,-0.09
1643,-0.132
1644,-0.259
1645,-0.068
1646,-0.105
1647,-0.325
1648,0.066
1649,-0.078
1650,-0.171
1651,-0.039
1652,0.164
1653,-0.117
1654,-0.374
1655,-0.142
1656,-0.046
1657,-0.139
1658,-0.217
1659,-0.161
1660,-0.059
1661,-0.151
1662,-0.088
1663,-0.105
1664,-0.032
1665,-0.085
1666,-0.059
1667,-0.215
1668,-0.066
1669,-0.259
1670,-0.073
1671,0.037
1672,-0.127
1673,-0.2
1674,-0.205
1675,-0.02
1676,-0.208
1677,-0.168
1678,-0.085
1679,0.01
1680,-0.195
1681,-0.176
1682,-0.168
1683,-0.171
1684,-0.134
1685,-0.181
1686,-0.181
1687,-0.151
1688,0.115
1689,-0.061
1690,-0.125
1691,-0.115
1692,-0.093
1693,-0.039
1694,-0.024
1695,-0.132
1696,-0.215
1697,-0.205
1698,-0.093
1699,-0.107
1700,-0.19
1701,-0.098
1702,-0.078
1703,-0.09
1704,-0.264
1705,-0.251
1706,-0.137
1707,-0.11
1708,-0.073
1709,-0.142
1710,-0.168
1711,-0.288
1712,-0.159
1713,0.027
1714,0.049
1715,-0.215
1716,-0.342
1717,-0.105
1718,-0.107
1719,-0.208
1720,-0.261
1721,-0.11
1722,-0.149
1723,-0.156
1724,-0.037
1725,-0.11
1726,-0.156
1727,-0.061
1728,-0.02
1729,-0.071
1730,-0.083
1731,-0.017
1732,0.007
1733,-0.11
1734,-0.186
1735,-0.066
1736,-0.046
1737,0.017
1738,-0.11
1739,-0.107
1740,-0.046
1741,0.002
1742,-0.103
1743,-0.21
1744,-0.166
1745,-0.181
1746,-0.183
1747,-0.298
1748,-0.132
1749,-0.178
1750,-0.168
1751,-0.139
1752,0.095
1753,-0.078
1754,-0.237
1755,-0.232
1756,-0.122
1757,-0.012
1758,-0.183
1759,-0.242
1760,-0.168
1761,-0.127
1762,-0.217
1763,-0.2
1764,-0.186
1765,-0.195
1766,-0.161
1767,-0.085
1768,-0.054
1769,-0.146
1770,-0.076
1771,0.093
1772,0.093
1773,-0.215
1774,-0.051
1775,-0.11
1776,-0.127
1777,0.015
1778,-0.095
1779,-0.188
1780,-0.073
1781,-0.132
1782,-0.2
1783,-0.164
1784,-0.229
1785,-0.154
1786,-0.142
1787,-0.076
1788,-0.081
1789,-0.181
1790,-0.103
1791,-0.093
1792,-0.137
1793,-0.105
1794,-0.012
1795,-0.017
1796,-0.144
1797,-0.356
1798,0.061
1799,-0.002
1800,-0.066
1801,-0.073
1802,-0.122
1803,-0.203
1804,-0.271
1805,-0.1
1806,-0.076
1807,-0.3
1808,-0.142
1809,-0.098
1810,-0.068
1811,0.068
1812,-0.068
1813,-0.181
1814,-0.024
1815,-0.161
1816,-0.046
1817,0.037
1818,-0.081
1819,-0.2
1820,-0.049
1821,-0.339
1822,-0.208
1823,0.059
1824,-0.156
1825,-0.234
1826,-0.046
1827,-0.244
1828,-0.298
1829,-0.134
1830,-0.098
1831,-0.186
1832,-0.073
1833,-0.115
1834,-0.029
1835,-0.234
1836,-0.125
1837,-0.088
1838,-0.085
1839,-0.173
1840,-0.132
1841,-0.249
1842,-0.251
1843,-0.215
1844,-0.122
1845,-0.059
1846,-0.2
1847,-0.186
1848,-0.073
1849,-0.137
1850,-0.154
1851,0.034
1852,0.037
1853,-0.166
1854,-0.112
1855,-0.061
1856,-0.168
1857,-0.137
1858,0.095
1859,0.1
1860,-0.076
1861,-0.288
1862,-0.054
1863,-0.071
1864,-0.31
1865,-0.146
1866,-0.022
1867,-0.237
1868,-0.281
1869,-0.142
1870,-0.11
1871,-0.027
1872,-0.039
1873,-0.093
1874,-0.159
1875,-0.259
1876,-0.159
1877,-0.085
1878,-0.042
1879,-0.193
1880,-0.093
1881,-0.186
1882,-0.137
1883,-0.168
1884,-0.225
1885,-0.015
1886,-0.007
1887,-0.059
1888,-0.125
1889,-0.2
1890,-0.105
1891,0.007
1892,-0.2
1893,-0.193
1894,-0.159
1895,-0.229
1896,-0.093
1897,-0.005
1898,-0.073
1899,-0.181
1900,-0.107
1901,-0.159
1902,-0.103
1903,-0.046
1904,-0.107
1905,0.088
1906,-0.835
1907,-0.674
1908,0.259
1909,0.259
1910,-0.278
1911,-0.293
1912,-0.039
1913,0.144
1914,-0.139
1915,-0.051
1916,0.251
1917,-0.022
1918,-0.242
1919,-0.117
1920,0.063
1921,-0.305
1922,-0.161
1923,-0.188
1924,-0.232
1925,-0.159
1926,-0.139
1927,-0.068
1928,-0.156
1929,-0.09
1930,-0.19
1931,-0.078
1932,-0.051
1933,-0.002
1934,-0.239
1935,-0.002
1936,-0.034
1937,-0.071
1938,-0.029
1939,-0.1
1940,0.059
1941,-0.083
1942,-0.144
1943,-0.217
1944,-0.054
1945,-0.21
1946,-0.229
1947,-0.037
1948,-0.068
1949,-0.186
1950,-0.139
1951,-0.056
1952,-0.063
1953,0.024
1954,-0.232
1955,-0.122
1956,0.032
1957,-0.22
1958,-0.208
1959,-0.029
1960,-0.122
1961,-0.269
1962,-0.112
1963,-0.115
1964,-0.203
1965,-0.383
1966,-0.107
1967,-0.188
1968,-0.344
1969,-0.173
1970,-0.029
1971,-0.293
1972,-0.396
1973,0.105
1974,0.117
1975,-0.156
1976,-0.117
1977,0.076
1978,-0.105
1979,-0.186
1980,-0.054
1981,-0.122
1982,0.015
1983,-0.276
1984,-0.151
1985,-0.037
1986,-0.151
1987,-0.166
1988,-0.088
1989,-0.12
1990,-0.229
1991,-0.061
1992,-0.178
1993,-0.015
1994,-0.044
1995,0.022
1996,-0.066
1997,0.056
1998,-0.024
1999,-0.137
2000,-0.151
2001,-0.059
2002,-0.015
2003,-0.256
2004,-0.254
2005,-0.161
2006,-0.105
2007,-0.276
2008,-0.112
2009,-0.063
2010,-0.139
2011,-0.154
2012,-0.127
2013,-0.029
2014,-0.205
2015,-0.098
2016,-0.232
2017,-0.066
2018,-0.183
2019,-0.078
2020,0.005
2021,-0.054
2022,-0.044
2023,-0.049
2024,0.0
2025,-0.261
2026,0.01
2027,-0.044
2028,-0.017
2029,-0.073
2030,-0.146
2031,-0.161
2032,-0.161
2033,-0.027
2034,-0.063
2035,-0.029
2036,-0.291
2037,-0.151
2038,-0.2
2039,-0.071
2040,-0.234
2041,-0.176
2042,0.049
2043,-0.012
2044,-0.085
2045,-0.295
2046,-0.132
2047,-0.208
2048,-0.2
2049,-0.295
2050,-0.095
2051,-0.083
2052,-0.115
2053,-0.054
2054,-0.242
2055,-0.115
2056,-0.183
2057,0.049
2058,-0.032
2059,-0.159
2060,-0.088
2061,-0.007
2062,-0.11
2063,-0.029
2064,-0.017
2065,-0.122
2066,-0.066
2067,-0.11
2068,0.037
2069,-0.198
2070,-0.117
2071,-0.081
2072,-0.125
2073,-0.171
2074,-0.173
2075,0.012
2076,-0.129
2077,-0.073
2078,-0.085
2079,0.068
2080,-0.186
2081,-0.01
2082,-0.059
2083,-0.261
2084,-0.33
2085,-0.266
2086,-0.098
2087,-0.149
2088,-0.112
2089,-0.234
2090,-0.051
2091,-0.298
2092,-0.325
2093,-0.115
2094,0.002
2095,0.078
2096,-0.054
2097,0.017
2098,-0.068
2099,0.088
2100,-0.056
2101,-0.078
2102,-0.107
2103,-0.044
2104,-0.032
2105,-0.098
2106,-0.159
2107,-0.173
2108,-0.195
2109,-0.146
2110,-0.083
2111,-0.161
2112,-0.229
2113,-0.176
2114,-0.083
2115,0.032
2116,-0.085
2117,-0.015
2118,-0.161
2119,-0.127
2120,-0.168
2121,-0.161
2122,-0.11
2123,-0.02
2124,-0.115
2125,-0.137
2126,0.012
2127,-0.164
2128,-0.244
2129,-0.171
2130,0.076
2131,-0.208
2132,-0.354
2133,-0.217
2134,-0.017
2135,-0.098
2136,-0.188
2137,0.002
2138,-0.139
2139,-0.217
2140,-0.107
2141,0.005
2142,-0.125
2143,-0.129
2144,-0.083
2145,-0.015
2146,-0.173
2147,-0.259
2148,-0.154
2149,-0.146
2150,-0.105
2151,-0.166
2152,-0.122
2153,-0.171
2154,-0.137
2155,-0.088
2156,-0.095
2157,-0.217
2158,-0.21
2159,0.112
2160,-0.029
2161,-0.251
2162,-0.249
2163,-0.063
2164,0.029
2165,-0.081
2166,-0.186
2167,-0.139
2168,-0.105
2169,-0.359
2170,-0.259
2171,-0.1
2172,-0.149
2173,-0.288
2174,-0.156
2175,-0.11
2176,-0.002
2177,-0.112
2178,-0.054
2179,0.012
2180,-0.156
2181,-0.044
2182,0.039
2183,-0.039
2184,-0.139
2185,-0.149
2186,-0.19
2187,-0.066
2188,-0.208
2189,-0.334
2190,-0.063
2191,-0.127
2192,-0.283
2193,-0.173
2194,-0.073
2195,-0.334
2196,-0.217
2197,-0.159
2198,-0.107
2199,-0.027
2200,-0.208
2201,-0.117
2202,-0.012
2203,-0.149
2204,-0.293
2205,-0.01
2206,0.007
2207,-0.288
2208,-0.361
2209,-0.2
2210,-0.117
2211,-0.2
2212,-0.254
2213,-0.044
2214,-0.017
2215,-0.225
2216,-0.293
2217,-0.039
2218,0.134
2219,-0.127
2220,-0.127
2221,0.051
2222,-0.039
2223,-0.203
2224,-0.093
2225,0.171
2226,0.071
2227,-0.215
2228,-0.051
2229,0.242
2230,-0.188
2231,-0.242
2232,-0.11
2233,-0.176
2234,-0.186
2235,-0.295
2236,-0.132
2237,-0.095
2238,-0.198
2239,-0.254
2240,0.032
2241,-0.159
2242,-0.315
2243,-0.239
2244,0.012
2245,0.002
2246,-0.078
2247,-0.085
2248,-0.125
2249,-0.159
2250,-0.237
2251,-0.22
2252,-0.188
2253,-0.105
2254,-0.205
2255,-0.208
2256,-0.103
2257,-0.1
2258,-0.227
2259,0.068
2260,0.024
2261,-0.193
2262,-0.271
2263,0.103
2264,0.127
2265,-0.1
2266,-0.261
2267,0.032
2268,0.11
2269,-0.188
2270,-0.198
2271,-0.076
2272,-0.159
2273,-0.305
2274,-0.1
2275,-0.12
2276,-0.281
2277,-0.198
2278,-0.093
2279,-0.227
2280,-0.188
2281,-0.269
2282,0.107
2283,0.068
2284,-0.229
2285,-0.369
2286,-0.459
2287,-0.176
2288,-0.056
2289,-0.054
2290,-0.234
2291,-0.149
2292,-0.171
2293,-0.198
2294,-0.215
2295,-0.054
2296,-0.173
2297,-0.132
2298,0.095
2299,-0.073
2300,-0.178
2301,-0.156
2302,0.02
2303,0.046
2304,-0.291
2305,-0.159
2306,0.022
2307,0.071
2308,-0.168
2309,-0.12
2310,-0.276
2311,-0.059
2312,0.051
2313,-0.142
2314,-0.122
2315,0.073
2316,-0.281
2317,-0.276
2318,-0.112
2319,-0.334
2320,0.015
2321,0.01
2322,-0.061
2323,-0.095
2324,-0.193
2325,-0.159
2326,0.002
2327,-0.134
2328,-0.234
2329,0.085
2330,-0.063
2331,-0.256
2332,-0.339
2333,-0.088
2334,-0.063
2335,0.151
2336,-0.127
2337,-0.01
2338,0.054
2339,-0.198
2340,-0.093
2341,0.129
2342,-0.01
2343,-0.261
2344,-0.142
2345,-0.073
2346,-0.042
2347,-0.115
2348,-0.156
2349,-0.054
2350,-0.005
2351,-0.19
2352,-0.195
2353,-0.1
2354,-0.457
2355,-0.188
2356,0.059
2357,-0.237
2358,-0.188
2359,-0.076
2360,-0.195
2361,-0.225
2362,-0.073
2363,-0.232
2364,-0.054
2365,-0.173
2366,-0.12
2367,-0.261
2368,-0.349
2369,-0.1
2370,0.107
2371,-0.146
2372,-0.127
2373,-0.051
2374,-0.129
2375,-0.049
2376,0.022
2377,-0.078
2378,-0.063
2379,-0.093
2380,-0.051
2381,0.024
2382,0.027
2383,-0.205
2384,0.151
2385,-0.356
2386,-0.154
2387,-0.09
2388,-0.112
2389,-0.129
2390,-0.049
2391,-0.225
2392,-0.132
2393,-0.161
2394,-0.264
2395,-0.034
2396,-0.144
2397,-0.1
2398,-0.127
2399,0.002
2400,-0.115
2401,-0.261
2402,-0.195
2403,-0.061
2404,-0.129
2405,-0.232
2406,-0.098
2407,-0.117
2408,-0.085
2409,-0.183
2410,-0.159
2411,-0.127
2412,-0.112
2413,-0.117
2414,-0.122
2415,-0.105
2416,-0.166
2417,0.188
2418,0.012
2419,-0.193
2420,-0.264
2421,-0.061
2422,-0.073
2423,0.103
2424,0.054
2425,-0.264
2426,-0.11
2427,-0.193
2428,-0.093
2429,-0.234
2430,-0.125
2431,-0.215
2432,-0.042
2433,-0.105
2434,-0.234
2435,-0.122
2436,-0.173
2437,0.159
2438,-0.103
2439,-0.208
2440,-0.078
2441,-0.1
2442,-0.137
2443,-0.051
2444,-0.234
2445,-0.132
2446,0.105
2447,-0.234
2448,-0.334
2449,-0.259
2450,-0.068
2451,-0.1
2452,-0.061
2453,-0.161
2454,-0.168
2455,0.063
2456,-0.029
2457,-0.012
2458,-0.159
2459,0.02
2460,0.107
2461,-0.073
2462,-0.146
2463,0.051
2464,-0.083
2465,-0.186
2466,-0.168
2467,-0.354
2468,-0.046
2469,-0.295
2470,-0.156
2471,0.232
2472,-0.112
2473,-0.232
2474,0.032
2475,-0.181
2476,-0.144
2477,0.0
2478,-0.437
2479,0.032
2480,-0.002
2481,-0.342
2482,-0.142
2483,-0.061
2484,-0.059
2485,-0.244
2486,-0.439
2487,-0.371
2488,0.137
2489,-0.366
2490,-0.217
2491,0.081
2492,-0.056
2493,-0.137
2494,-0.015
2495,0.034
2496,-0.137
2497,-0.034
2498,-0.476
2499,0.166
2500,0.1
2501,-0.134
2502,-0.464
2503,0.112
2504,0.281
2505,0.002
2506,-0.203
2507,0.134
2508,-0.193
2509,-0.566
2510,-0.146
2511,-0.237
2512,-0.271
2513,-0.31
2514,-0.002
2515,0.059
2516,-0.217
2517,-0.161
2518,-0.164
2519,-0.049
2520,-0.103
2521,-0.012
2522,-0.137
2523,0.068
2524,-0.005
2525,0.034
2526,-0.039
2527,-0.271
2528,-0.093
2529,-0.056
2530,-0.251
2531,-0.237
2532,0.134
2533,-0.349
2534,-0.4
2535,-0.134
2536,-0.171
2537,-0.242
2538,0.129
2539,0.344
2540,-0.212
2541,-0.413
2542,0.276
2543,0.334
2544,-0.535
2545,-0.164
2546,0.349
2547,-0.027
2548,-0.405
2549,-0.134
2550,-0.21
2551,-0.107
2552,-0.413
2553,-0.149
2554,0.305
2555,-0.579
2556,-0.364
2557,0.198
2558,-0.415
2559,-0.254
2560,0.037
2561,-0.361
2562,-0.259
2563,0.264
2564,-0.229
2565,-0.034
2566,0.054
2567,0.002
2568,-0.039
2569,-0.098
2570,-0.022
2571,0.159
2572,0.071
2573,-0.356
2574,0.225
2575,-0.139
2576,-0.4
2577,-0.315
2578,0.037
2579,-0.408
2580,-0.549
2581,-0.09
2582,0.178
2583,0.002
2584,-0.417
2585,0.254
2586,0.017
2587,-0.2
2588,-0.095
2589,0.095
2590,-0.239
2591,-0.073
2592,0.137
2593,-0.229
2594,-0.039
2595,-0.242
2596,-0.002
2597,-0.103
2598,-0.117
2599,-0.056
2600,-0.09
2601,-0.122
2602,-0.071
2603,0.073
2604,-0.239
2605,0.044
2606,-0.09
2607,0.066
2608,-0.227
2609,-0.115
2610,-0.237
2611,-0.12
2612,-0.081
2613,-0.146
2614,-0.032
2615,-0.159
2616,0.071
2617,-0.093
2618,-0.198
2619,-0.19
2620,-0.144
2621,-0.215
2622,0.029
2623,-0.017
2624,-0.156
2625,-0.115
2626,-0.354
2627,-0.071
2628,-0.029
2629,0.044
2630,-0.044
2631,-0.129
2632,-0.146
2633,-0.266
2634,-0.078
2635,0.044
2636,-0.095
2637,-0.325
2638,0.017
2639,-0.308
2640,0.051
2641,-0.042
2642,-0.144
2643,-0.098
2644,-0.139
2645,-0.361
2646,-0.015
2647,0.095
2648,-0.193
2649,-0.212
2650,-0.117
2651,-0.09
2652,-0.144
2653,-0.125
2654,-0.107
2655,-0.112
2656,-0.085
2657,-0.168
2658,-0.034
2659,-0.173
2660,-0.081
2661,-0.249
2662,-0.205
2663,-0.1
2664,-0.125
2665,-0.171
2666,-0.105
2667,-0.09
2668,-0.039
2669,0.061
2670,-0.166
2671,0.0
2672,-0.088
2673,-0.051
2674,-0.125
2675,-0.076
2676,-0.073
2677,-0.2
2678,-0.049
2679,-0.208
2680,-0.081
2681,-0.022
2682,0.046
2683,-0.173
2684,-0.129
2685,-0.085
2686,-0.01
2687,-0.027
2688,-0.098
2689,-0.046
2690,-0.178
2691,-0.11
2692,-0.144
2693,-0.11
2694,-0.366
2695,-0.349
2696,-0.027
2697,-0.149
2698,-0.156
2699,-0.266
2700,-0.005
2701,-0.286
2702,-0.195
2703,0.051
2704,0.027
2705,-0.139
2706,0.005
2707,0.02
2708,-0.081
2709,-0.039
2710,-0.105
2711,-0.103
2712,-0.271
2713,-0.154
2714,0.0
2715,0.002
2716,-0.171
2717,-0.281
2718,-0.105
2719,-0.171
2720,-0.222
2721,-0.129
2722,0.098
2723,-0.159
2724,-0.186
2725,-0.159
2726,-0.195
2727,-0.103
2728,-0.054
2729,-0.073
2730,-0.112
2731,-0.164
2732,-0.237
2733,-0.127
2734,-0.354
2735,-0.095
2736,-0.212
2737,-0.33
2738,-0.21
2739,-0.081
2740,-0.078
2741,-0.193
2742,-0.061
2743,0.071
2744,0.134
2745,-0.254
2746,-0.164
2747,-0.073
2748,-0.002
2749,-0.017
2750,0.012
2751,0.098
2752,-0.139
2753,-0.154
2754,-0.085
2755,-0.171
2756,-0.203
2757,-0.137
2758,-0.435
2759,-0.32
2760,-0.139
2761,-0.098
2762,-0.168
2763,-0.2
2764,-0.073
2765,-0.3
2766,-0.017
2767,-0.142
2768,-0.044
2769,-0.259
2770,-0.063
2771,0.0
2772,-0.183
2773,-0.288
2774,-0.166
2775,-0.007
2776,-0.259
2777,-0.11
2778,-0.159
2779,-0.107
2780,-0.19
2781,-0.105
2782,0.029
2783,-0.037
2784,-0.247
2785,-0.088
2786,0.081
2787,-0.071
2788,-0.144
2789,-0.127
2790,-0.083
2791,-0.042
2792,-0.146
2793,-0.166
2794,-0.105
2795,-0.027
2796,-0.386
2797,0.068
2798,-0.193
2799,-0.19
2800,-0.103
2801,-0.024
2802,-0.391
2803,-0.19
2804,-0.115
2805,-0.103
2806,0.022
2807,-0.276
2808,-0.2
2809,0.029
2810,-0.281
2811,-0.229
2812,-0.076
2813,-0.129
2814,-0.215
2815,0.061
2816,-0.386
2817,-0.071
2818,-0.359
2819,-0.21
2820,-0.171
2821,-0.117
2822,-0.176
2823,-0.076
2824,-0.229
2825,-0.095
2826,-0.01
2827,-0.278
2828,-0.078
2829,0.146
2830,-0.254
2831,-0.19
2832,-0.093
2833,-0.032
2834,-0.229
2835,0.068
2836,-0.156
2837,0.222
2838,-0.227
2839,-0.178
2840,-0.024
2841,-0.354
2842,-0.156
2843,0.276
2844,-0.151
2845,-0.361
2846,0.122
2847,-0.237
2848,-0.271
2849,-0.029
2850,-0.156
2851,-0.227
2852,-0.01
2853,-0.286
2854,-0.208
2855,-0.198
2856,-0.132
2857,0.054
2858,-0.127
2859,-0.447
2860,-0.146
2861,-0.303
2862,0.056
2863,-0.217
2864,-0.139
2865,-0.042
2866,0.173
2867,-0.183
2868,0.105
2869,-0.044
2870,-0.374
2871,-0.042
2872,0.198
2873,-0.049
2874,-0.051
2875,-0.164
2876,-0.017
2877,0.134
2878,-0.205
2879,-0.205
2880,-0.137
2881,-0.408
2882,-0.107
2883,0.039
2884,-0.327
2885,-0.232
2886,0.051
2887,-0.342
2888,-0.005
2889,-0.156
2890,-0.103
2891,0.134
2892,0.032
2893,-0.208
2894,-0.034
2895,-0.039
2896,-0.11
2897,0.159
2898,-0.139
2899,-0.273
2900,-0.09
2901,-0.02
2902,-0.137
2903,-0.193
2904,-0.178
2905,-0.176
2906,0.01
2907,-0.068
2908,0.059
2909,-0.098
2910,-0.061
2911,-0.151
2912,-0.12
2913,0.032
2914,-0.081
2915,-0.154
2916,-0.269
2917,-0.151
2918,-0.198
2919,-0.081
2920,-0.22
2921,-0.237
2922,-0.164
2923,-0.208
2924,0.056
2925,-0.242
2926,-0.264
2927,-0.217
2928,0.076
2929,-0.039
2930,0.039
2931,-0.005
2932,-0.171
2933,-0.239
2934,-0.051
2935,-0.02
2936,-0.161
2937,-0.137
2938,-0.122
2939,0.039
2940,-0.261
2941,-0.3
2942,-0.173
2943,-0.09
2944,-0.222
2945,-0.286
2946,-0.09
2947,-0.083
2948,0.002
2949,-0.308
2950,-0.005
2951,-0.149
2952,-0.046
2953,-0.081
2954,-0.215
2955,-0.166
2956,-0.122
2957,-0.12
2958,-0.188
2959,-0.186
2960,-0.2
2961,0.051
2962,-0.166
2963,-0.164
2964,-0.107
2965,-0.09
2966,0.024
2967,0.039
2968,-0.105
2969,-0.134
2970,-0.061
2971,-0.061
2972,-0.017
2973,-0.049
2974,0.039
2975,-0.012
2976,-0.146
2977,-0.259
2978,-0.083
2979,-0.3
2980,-0.183
2981,-0.088
2982,-0.276
2983,-0.22
2984,-0.317
2985,-0.288
2986,-0.156
2987,-0.149
2988,-0.217
2989,-0.098
2990,0.076
2991,-0.061
2992,-0.088
2993,-0.095
2994,-0.083
2995,-0.078
2996,-0.039
2997,-0.134
2998,-0.029
2999,-0.168
3000,-0.146
3001,-0.024
3002,-0.071
3003,-0.168
3004,-0.198
3005,-0.093
3006,-0.22
3007,-0.259
3008,-0.281
3009,-0.02
3010,0.034
3011,-0.173
3012,-0.151
3013,-0.02
3014,-0.071
3015,-0.247
3016,-0.027
3017,-0.103
3018,-0.073
3019,-0.261
3020,-0.171
3021,-0.039
3022,-0.183
3023,-0.261
3024,-0.151
3025,-0.049
3026,-0.354
3027,-0.159
3028,-0.042
3029,-0.066
3030,-0.134
3031,-0.144
3032,-0.127
3033,-0.046
3034,-0.032
3035,-0.151
3036,-0.093
3037,-0.012
3038,0.017
3039,-0.232
3040,-0.068
3041,-0.125
3042,-0.059
3043,0.088
3044,-0.149
3045,-0.178
3046,-0.234
3047,-0.164
3048,0.063
3049,0.007
3050,-0.33
3051,-0.107
3052,0.032
3053,-0.127
3054,-0.09
3055,-0.159
3056,-0.137
3057,-0.085
3058,-0.112
3059,-0.247
3060,0.029
3061,-0.063
3062,-0.085
3063,0.039
3064,-0.061
3065,-0.166
3066,-0.122
3067,-0.046
3068,-0.144
3069,-0.081
3070,-0.137
3071,0.032
3072,0.054
3073,-0.049
3074,-0.068
3075,-0.049
3076,-0.09
3077,-0.127
3078,0.005
3079,-0.247
3080,-0.195
3081,-0.054
3082,-0.061
3083,-0.173
3084,-0.139
3085,-0.122
3086,-0.198
3087,-0.188
3088,-0.181
3089,-0.022
3090,-0.183
3091,-0.142
3092,-0.103
3093,-0.1
3094,-0.103
3095,-0.146
3096,-0.146
3097,-0.151
3098,-0.027
3099,-0.066
3100,-0.11
3101,-0.225
3102,-0.183
3103,-0.134
3104,-0.09
3105,-0.098
3106,-0.122
3107,-0.239
3108,-0.232
3109,-0.168
3110,-0.144
3111,-0.012
3112,-0.098
3113,-0.024
3114,-0.005
3115,-0.164
3116,-0.056
3117,-0.061
3118,0.022
3119,-0.073
3120,-0.2
3121,-0.244
3122,-0.146
3123,-0.254
3124,-0.137
3125,0.002
3126,-0.2
3127,-0.276
3128,-0.183
3129,-0.049
3130,-0.22
3131,-0.137
3132,-0.173
3133,-0.073
3134,-0.1
3135,-0.115
3136,-0.039
3137,-0.112
3138,-0.117
3139,-0.176
3140,-0.083
3141,-0.088
3142,-0.125
3143,-0.229
3144,-0.1
3145,-0.217
3146,-0.181
3147,-0.073
3148,-0.154
3149,-0.234
3150,-0.168
3151,-0.039
3152,-0.178
3153,-0.046
3154,-0.112
3155,-0.095
3156,-0.146
3157,-0.005
3158,0.002
3159,-0.107
3160,-0.027
3161,0.044
3162,0.034
3163,-0.1
3164,0.022
3165,-0.093
3166,-0.146
3167,-0.129
3168,-0.22
3169,-0.198
3170,-0.269
3171,-0.168
3172,-0.078
3173,-0.212
3174,-0.32
3175,-0.193
3176,-0.132
3177,-0.095
3178,-0.203
3179,-0.19
3180,-0.19
3181,-0.093
3182,-0.142
3183,-0.122
3184,0.046
3185,-0.081
3186,-0.146
3187,-0.01
3188,-0.195
3189,-0.176
3190,-0.107
3191,0.005
3192,-0.034
3193,-0.208
3194,-0.098
3195,-0.146
3196,-0.2
3197,-0.032
3198,0.01
3199,-0.242
3200,-0.166
3201,-0.112
3202,-0.044
3203,-0.103
3204,0.02
3205,-0.261
3206,-0.222
3207,-0.198
3208,-0.12
3209,-0.107
3210,-0.164
3211,-0.059
3212,-0.027
3213,-0.037
3214,-0.251
3215,-0.159
3216,0.022
3217,-0.173
3218,-0.137
3219,-0.044
3220,-0.073
3221,-0.154
3222,-0.027
3223,-0.122
3224,-0.254
3225,-0.105
3226,0.063
3227,-0.044
3228,-0.244
3229,-0.195
3230,-0.076
3231,-0.061
3232,-0.283
3233,-0.037
3234,-0.1
3235,-0.061
3236,0.005
3237,-0.1
3238,-0.203
3239,0.125
3240,-0.105
3241,0.029
3242,0.068
3243,-0.269
3244,-0.291
3245,-0.154
3246,-0.1
3247,-0.344
3248,-0.256
3249,-0.115
3250,-0.029
3251,-0.183
3252,-0.408
3253,-0.073
3254,0.134
3255,0.076
3256,-0.029
3257,0.01
3258,-0.063
3259,-0.176
3260,-0.244
3261,-0.176
3262,-0.146
3263,-0.266
3264,-0.132
3265,-0.217
3266,-0.349
3267,-0.198
3268,-0.027
3269,-0.161
3270,-0.149
3271,-0.161
3272,0.056
3273,0.098
3274,-0.171
3275,-0.127
3276,0.11
3277,-0.059
3278,-0.251
3279,-0.054
3280,-0.09
3281,0.037
3282,0.017
3283,-0.168
3284,0.007
3285,-0.081
3286,-0.217
3287,0.037
3288,-0.02
3289,-0.244
3290,-0.117
3291,-0.227
3292,-0.149
3293,-0.137
3294,-0.2
3295,-0.059
3296,-0.112
3297,-0.12
3298,-0.291
3299,-0.122
3300,-0.171
3301,-0.083
3302,-0.122
3303,-0.125
3304,-0.22
3305,-0.149
3306,-0.061
3307,-0.059
3308,-0.11
3309,-0.117
3310,0.039
3311,-0.037
3312,-0.078
3313,-0.188
3314,-0.188
3315,-0.037
3316,0.144
3317,-0.061
3318,-0.251
3319,-0.022
3320,-0.01
3321,0.01
3322,-0.183
3323,-0.054
3324,-0.127
3325,-0.076
3326,-0.049
3327,-0.085
3328,-0.063
3329,0.005
3330,-0.137
3331,-0.134
3332,0.085
3333,-0.112
3334,-0.156
3335,-0.022
3336,0.037
3337,-0.105
3338,-0.195
3339,-0.056
3340,0.029
3341,-0.215
3342,-0.354
3343,-0.063
3344,-0.166
3345,-0.266
3346,-0.239
3347,-0.105
3348,-0.356
3349,-0.139
3350,0.046
3351,-0.208
3352,-0.215
3353,0.002
3354,0.037
3355,-0.088
3356,-0.103
3357,-0.139
3358,-0.01
3359,-0.161
3360,-0.249
3361,-0.029
3362,0.056
3363,0.02
3364,-0.105
3365,-0.071
3366,-0.088
3367,-0.078
3368,-0.11
3369,0.056
3370,-0.032
3371,-0.22
3372,-0.117
3373,0.007
3374,-0.112
3375,-0.181
3376,-0.1
3377,-0.122
3378,-0.088
3379,-0.093
3380,0.015
3381,-0.144
3382,-0.105
3383,-0.017
3384,-0.017
3385,-0.129
3386,-0.193
3387,-0.146
3388,-0.166
3389,-0.247
3390,-0.247
3391,-0.125
3392,-0.044
3393,-0.242
3394,-0.227
3395,-0.295
3396,-0.137
3397,0.024
3398,0.017
3399,-0.088
3400,0.007
3401,-0.066
3402,-0.068
3403,-0.002
3404,-0.066
3405,0.029
3406,-0.12
3407,-0.19
3408,-0.183
3409,-0.059
3410,-0.178
3411,-0.09
3412,-0.098
3413,-0.007
3414,-0.137
3415,-0.151
3416,-0.088
3417,-0.012
3418,-0.112
3419,-0.115
3420,0.12
3421,-0.146
3422,-0.242
3423,-0.085
3424,-0.083
3425,-0.132
3426,-0.149
3427,-0.073
3428,0.073
3429,-0.1
3430,-0.195
3431,-0.044
3432,-0.095
3433,-0.144
3434,-0.078
3435,-0.095
3436,-0.132
3437,-0.171
3438,-0.112
3439,0.027
3440,-0.029
3441,0.015
3442,-0.068
3443,-0.154
3444,-0.095
3445,0.022
3446,-0.127
3447,-0.056
3448,0.105
3449,-0.042
3450,-0.168
3451,-0.078
3452,-0.156
3453,-0.122
3454,-0.073
3455,-0.129
3456,-0.11
3457,-0.098
3458,-0.149
3459,-0.066
3460,-0.098
3461,-0.276
3462,-0.222
3463,-0.054
3464,-0.273
3465,-0.186
3466,-0.344
3467,-0.103
3468,-0.071
3469,-0.166
3470,-0.212
3471,-0.093
3472,-0.056
3473,-0.112
3474,-0.059
3475,-0.037
3476,-0.083
3477,-0.176
3478,0.059
3479,-0.012
3480,-0.027
3481,0.01
3482,0.042
3483,0.024
3484,-0.137
3485,-0.076
3486,0.002
3487,-0.112
3488,0.015
3489,0.024
3490,-0.195
3491,-0.315
3492,-0.19
3493,-0.164
3494,-0.144
3495,-0.1
3496,-0.146
3497,-0.166
3498,-0.188
3499,-0.195
3500,-0.166
3501,-0.063
3502,-0.261
3503,-0.337
3504,-0.095
3505,-0.027
3506,-0.247
3507,-0.229
3508,-0.183
3509,-0.078
3510,-0.173
3511,-0.083
3512,-0.078
3513,-0.166
3514,-0.095
3515,-0.056
3516,-0.063
3517,-0.012
3518,0.027
3519,0.032
3520,0.11
3521,-0.063
3522,-0.081
3523,-0.073
3524,-0.115
3525,-0.125
3526,0.005
3527,-0.195
3528,-0.298
3529,-0.129
3530,-0.122
3531,-0.164
3532,-0.161
3533,-0.208
3534,-0.198
3535,-0.081
3536,-0.056
3537,-0.139
3538,-0.046
3539,-0.095
3540,-0.139
3541,-0.2
3542,-0.137
3543,-0.193
3544,-0.164
3545,-0.09
3546,-0.278
3547,-0.356
3548,-0.31
3549,-0.117
3550,-0.144
3551,0.032
3552,-0.12
3553,-0.234
3554,-0.22
3555,-0.032
3556,-0.254
3557,-0.186
3558,0.093
3559,0.059
3560,-0.032
3561,-0.254
3562,-0.242
3563,-0.071
3564,-0.168
3565,-0.134
3566,-0.1
3567,-0.178
3568,-0.242
3569,-0.303
3570,-0.198
3571,-0.115
3572,-0.227
3573,-0.239
3574,-0.217
3575,-0.095
3576,-0.159
3577,-0.051
3578,-0.081
3579,-0.056
3580,-0.027
3581,-0.105
3582,-0.012
3583,-0.278
3584,-0.22
3585,0.007
3586,-0.032
3587,-0.317
3588,-0.337
3589,-0.198
3590,-0.342
3591,-0.251
3592,-0.193
3593,-0.083
3594,-0.256
3595,-0.042
3596,-0.054
3597,-0.063
3598,-0.149
3599,-0.181
3600,0.051
3601,-0.149
3602,-0.154
3603,-0.193
3604,0.293
3605,-0.166
3606,-0.259
3607,0.054
3608,0.081
3609,-0.137
3610,-0.247
3611,-0.1
3612,-0.144
3613,-0.156
3614,-0.276
3615,-0.005
3616,-0.044
3617,-0.19
3618,-0.261
3619,0.017
3620,-0.21
3621,-0.154
3622,0.056
3623,0.017
3624,-0.078
3625,-0.068
3626,0.061
3627,-0.195
3628,-0.239
3629,-0.1
3630,-0.19
3631,-0.151
3632,-0.188
3633,-0.076
3634,-0.312
3635,-0.234
3636,-0.186
3637,-0.029
3638,-0.198
3639,-0.115
3640,-0.127
3641,-0.044
3642,-0.227
3643,0.076
3644,0.046
3645,-0.146
3646,-0.142
3647,0.076
3648,-0.081
3649,-0.166
3650,-0.073
3651,0.073
3652,-0.085
3653,0.0
3654,-0.11
3655,-0.088
3656,-0.203
3657,-0.2
3658,-0.276
3659,-0.093
3660,-0.198
3661,-0.181
3662,-0.244
3663,-0.127
3664,-0.127
3665,-0.105
3666,-0.205
3667,-0.12
3668,-0.149
3669,-0.195
3670,0.083
3671,-0.024
3672,-0.315
3673,-0.107
3674,-0.122
3675,-0.193
3676,-0.115
3677,0.027
3678,-0.083
3679,-0.083
3680,-0.056
3681,0.046
3682,-0.073
3683,-0.186
3684,-0.078
3685,0.059
3686,-0.103
3687,-0.283
3688,0.012
3689,-0.171
3690,-0.12
3691,-0.151
3692,-0.078
3693,-0.12
3694,-0.146
3695,-0.088
3696,-0.308
3697,-0.176
3698,-0.178
3699,-0.107
3700,-0.107
3701,0.012
3702,-0.22
3703,-0.269
3704,-0.161
3705,-0.093
3706,-0.051
3707,-0.051
3708,0.0
3709,-0.217
3710,0.002
3711,-0.066
3712,-0.127
3713,-0.259
3714,-0.156
3715,-0.034
3716,-0.278
3717,-0.217
3718,-0.144
3719,0.139
3720,-0.186
3721,-0.032
3722,-0.039
3723,0.034
3724,-0.093
3725,0.046
3726,0.024
3727,-0.264
3728,-0.002
3729,-0.073
3730,-0.186
3731,-0.232
3732,-0.146
3733,-0.137
3734,-0.122
3735,-0.266
3736,-0.168
3737,0.029
3738,-0.176
3739,-0.161
3740,-0.168
3741,-0.129
3742,-0.093
3743,-0.037
3744,-0.078
3745,-0.015
3746,-0.156
3747,-0.137
3748,0.122
3749,-0.19
3750,-0.156
3751,-0.032
3752,-0.122
3753,-0.159
3754,0.002
3755,-0.139
3756,-0.068
3757,0.022
3758,-0.054
3759,-0.042
3760,-0.015
3761,-0.076
3762,-0.117
3763,0.029
3764,-0.242
3765,-0.149
3766,0.107
3767,0.002
3768,-0.093
3769,-0.134
3770,-0.173
3771,-0.039
3772,-0.032
3773,0.015
3774,0.049
3775,-0.107
3776,-0.159
3777,-0.098
3778,-0.083
3779,-0.12
3780,-0.117
3781,-0.09
3782,-0.134
3783,-0.046
3784,0.049
3785,-0.146
3786,-0.129
3787,-0.208
3788,-0.034
3789,-0.154
3790,-0.151
3791,-0.149
3792,-0.049
3793,-0.183
3794,-0.244
3795,-0.039
3796,-0.117
3797,-0.122
3798,-0.244
3799,-0.203
3800,0.056
3801,-0.103
3802,-0.049
3803,0.02
3804,-0.134
3805,-0.081
3806,-0.134
3807,-0.154
3808,0.017
3809,-0.056
3810,-0.291
3811,-0.237
3812,-0.078
3813,-0.205
3814,-0.01
3815,-0.217
3816,-0.291
3817,0.066
3818,-0.11
3819,-0.315
3820,-0.132
3821,-0.093
3822,-0.103
3823,-0.002
3824,-0.134
3825,-0.066
3826,-0.037
3827,-0.11
3828,-0.12
3829,-0.11
3830,-0.054
3831,0.02
3832,-0.188
3833,-0.205
3834,0.115
3835,-0.227
3836,-0.144
3837,0.037
3838,-0.237
3839,-0.208
3840,-0.154
3841,-0.076
3842,-0.046
3843,0.146
3844,-0.181
3845,0.085
3846,-0.049
3847,-0.154
3848,0.061
3849,0.081
3850,-0.334
3851,-0.085
3852,0.017
3853,-0.176
3854,-0.071
3855,-0.149
3856,-0.127
3857,-0.19
3858,-0.217
3859,-0.168
3860,-0.046
3861,0.071
3862,0.005
3863,-0.188
3864,-0.337
3865,-0.049
3866,-0.173
3867,-0.127
3868,-0.02
3869,-0.107
3870,-0.305
3871,-0.19
3872,-0.188
3873,-0.146
3874,-0.151
3875,0.012
3876,0.129
3877,-0.212
3878,-0.242
3879,-0.12
3880,0.005
3881,0.125
3882,-0.085
3883,-0.027
3884,-0.137
3885,-0.09
3886,-0.144
3887,-0.132
3888,-0.178
3889,0.005
3890,-0.181
3891,-0.139
3892,-0.066
3893,-0.042
3894,-0.171
3895,-0.002
3896,0.054
3897,-0.205
3898,-0.12
3899,-0.01
3900,-0.122
3901,-0.332
3902,-0.073
3903,0.066
3904,-0.1
3905,-0.11
3906,-0.188
3907,-0.31
3908,-0.286
3909,-0.115
3910,-0.071
3911,-0.061
3912,-0.3
3913,-0.22
3914,0.002
3915,-0.056
3916,-0.151
3917,0.107
3918,-0.259
3919,-0.21
3920,-0.037
3921,-0.203
3922,-0.156
3923,0.022
3924,-0.022
3925,-0.029
3926,-0.056
3927,-0.09
3928,-0.142
3929,-0.09
3930,-0.103
3931,-0.164
3932,-0.21
3933,-0.139
3934,-0.215
3935,-0.254
3936,-0.129
3937,-0.181
3938,-0.161
3939,-0.037
3940,-0.203
3941,-0.166
3942,-0.159
3943,-0.176
3944,-0.034
3945,-0.159
3946,-0.129
3947,0.103
3948,-0.183
3949,-0.398
3950,-0.171
3951,0.078
3952,-0.205
3953,-0.2
3954,0.032
3955,-0.076
3956,-0.234
3957,-0.005
3958,0.066
3959,-0.076
3960,-0.059
3961,-0.024
3962,0.066
3963,-0.095
3964,-0.098
3965,0.024
3966,-0.078
3967,-0.205
3968,-0.068
3969,-0.063
3970,-0.249
3971,0.051
3972,-0.078
3973,-0.159
3974,-0.122
3975,-0.034
3976,-0.344
3977,-0.054
3978,-0.259
3979,-0.178
3980,0.073
3981,-0.212
3982,-0.127
3983,-0.127
3984,-0.029
3985,-0.112
3986,-0.061
3987,0.095
3988,-0.186
3989,-0.1
3990,-0.19
3991,-0.02
3992,-0.146
3993,-0.125
3994,-0.127
3995,-0.005
3996,-0.122
3997,-0.161
3998,-0.159
3999,-0.264
4000,-0.107
4001,-0.159
4002,0.149
4003,-0.122
4004,-0.166
4005,-0.237
4006,-0.068
4007,0.007
4008,-0.078
4009,-0.149
4010,-0.173
4011,-0.247
4012,-0.12
4013,-0.046
4014,-0.195
4015,-0.049
4016,-0.198
4017,-0.229
4018,-0.295
4019,-0.22
4020,-0.051
4021,-0.051
4022,-0.31
4023,-0.21
4024,0.061
4025,-0.171
4026,-0.005
4027,0.154
4028,-0.112
4029,-0.225
4030,-0.139
4031,0.149
4032,-0.085
4033,-0.134
4034,-0.088
4035,-0.151
4036,-0.4
4037,-0.344
4038,0.063
4039,-0.056
4040,-0.061
4041,-0.11
4042,-0.208
4043,-0.1
4044,0.022
4045,-0.127
4046,-0.017
4047,0.139
4048,-0.195
4049,-0.242
4050,0.076
4051,-0.142
4052,-0.103
4053,0.029
4054,-0.049
4055,-0.383
4056,-0.347
4057,-0.1
4058,0.037
4059,-0.107
4060,-0.164
4061,-0.161
4062,-0.139
4063,-0.198
4064,0.066
4065,-0.212
4066,-0.142
4067,0.01
4068,-0.01
4069,-0.242
4070,-0.024
4071,-0.134
4072,-0.09
4073,-0.002
4074,-0.09
4075,-0.098
4076,-0.283
4077,-0.178
4078,-0.22
4079,-0.02
4080,-0.164
4081,-0.083
4082,0.037
4083,-0.283
4084,-0.129
4085,-0.188
4086,-0.007
4087,0.073
4088,0.005
4089,-0.21
4090,0.027
4091,-0.105
4092,-0.183
4093,0.073
4094,-0.229
4095,-0.146
4096,-0.374
4097,-0.134
4098,-0.122
4099,-0.215
4100,-0.105
4101,0.034
4102,-0.071
4103,-0.122
4104,-0.168
4105,-0.103
4106,-0.171
4107,-0.122
4108,0.027
4109,-0.229
4110,-0.166
4111,-0.093
4112,-0.32
4113,-0.015
4114,-0.142
4115,-0.039
4116,-0.134
4117,-0.083
4118,-0.173
4119,-0.059
4120,-0.073
4121,-0.022
4122,0.032
4123,-0.181
4124,-0.251
4125,-0.049
4126,-0.037
4127,-0.063
4128,0.291
4129,0.044
4130,-0.139
4131,-0.073
4132,0.051
4133,0.039
4134,-0.042
4135,-0.237
4136,-0.063
4137,-0.034
4138,-0.129
4139,-0.142
4140,-0.081
4141,0.002
4142,0.005
4143,-0.095
4144,-0.071
4145,-0.042
4146,-0.134
4147,-0.166
4148,0.02
4149,-0.125
4150,-0.134
4151,-0.105
4152,-0.103
4153,-0.195
4154,-0.195
4155,-0.103
4156,-0.127
4157,-0.276
4158,-0.286
4159,-0.161
4160,-0.024
4161,-0.151
4162,-0.151
4163,-0.056
4164,-0.212
4165,-0.151
4166,0.046
4167,-0.098
4168,-0.137
4169,-0.103
4170,-0.144
4171,-0.1
4172,-0.042
4173,-0.237
4174,-0.02
4175,0.046
4176,-0.09
4177,-0.107
4178,-0.042
4179,0.017
4180,-0.137
4181,-0.144
4182,-0.076
4183,-0.146
4184,-0.149
4185,-0.061
4186,-0.09
4187,0.012
4188,-0.037
4189,-0.042
4190,-0.093
4191,-0.178
4192,-0.012
4193,-0.125
4194,-0.056
4195,-0.283
4196,-0.249
4197,-0.222
4198,-0.166
4199,0.029
4200,0.02
4201,-0.044
4202,-0.073
4203,0.037
4204,-0.22
4205,-0.237
4206,-0.1
4207,-0.066
4208,-0.278
4209,-0.085
4210,-0.059
4211,-0.234
4212,-0.09
4213,-0.083
4214,0.032
4215,-0.142
4216,-0.151
4217,-0.288
4218,-0.071
4219,-0.073
4220,-0.042
4221,0.139
4222,-0.247
4223,-0.288
4224,-0.132
4225,0.081
4226,0.051
4227,-0.122
4228,-0.308
4229,0.1
4230,-0.066
4231,-0.129
4232,0.095
4233,-0.039
4234,-0.195
4235,-0.493
4236,-0.254
4237,-0.024
4238,-0.105
4239,-0.193
4240,-0.178
4241,-0.164
4242,-0.142
4243,-0.024
4244,0.029
4245,0.125
4246,-0.039
4247,-0.205
4248,-0.242
4249,-0.073
4250,-0.051
4251,-0.017
4252,-0.12
4253,-0.303
4254,0.017
4255,-0.061
4256,-0.178
4257,-0.088
4258,-0.156
4259,-0.22
4260,0.103
4261,-0.107
4262,-0.244
4263,0.073
4264,-0.132
4265,0.015
4266,-0.142
4267,-0.122
4268,-0.225
4269,-0.122
4270,-0.22
4271,-0.151
4272,-0.288
4273,-0.227
4274,-0.103
4275,-0.19
4276,-0.232
4277,-0.222
4278,-0.027
4279,-0.139
4280,-0.2
4281,-0.105
4282,-0.061
4283,-0.049
4284,-0.12
4285,0.059
4286,-0.156
4287,-0.205
4288,-0.024
4289,0.059
4290,-0.195
4291,0.051
4292,-0.083
4293,-0.144
4294,-0.066
4295,-0.059
4296,-0.132
4297,-0.049
4298,-0.017
4299,-0.254
4300,-0.122
4301,-0.234
4302,-0.237
4303,-0.344
4304,-0.156
4305,-0.081
4306,-0.024
4307,-0.068
4308,-0.12
4309,0.059
4310,-0.142
4311,-0.195
4312,-0.088
4313,-0.002
4314,-0.217
4315,-0.203
4316,0.112
4317,-0.11
4318,-0.334
4319,-0.479
4320,-0.073
4321,-0.115
4322,-0.071
4323,-0.09
4324,-0.059
4325,-0.032
4326,0.022
4327,-0.037
4328,-0.183
4329,-0.171
4330,-0.205
4331,0.066
4332,-0.02
4333,-0.186
4334,-0.339
4335,-0.149
4336,-0.09
4337,-0.164
4338,-0.176
4339,-0.303
4340,-0.195
4341,-0.317
4342,-0.022
4343,-0.168
4344,-0.012
4345,0.063
4346,-0.183
4347,-0.105
4348,-0.068
4349,0.078
4350,0.078
4351,-0.168
4352,-0.266
4353,-0.049
4354,-0.076
4355,-0.054
4356,-0.3
4357,-0.142
4358,0.081
4359,-0.237
4360,-0.254
4361,-0.173
4362,-0.056
4363,-0.254
4364,-0.095
4365,-0.063
4366,-0.149
4367,-0.242
4368,-0.151
4369,-0.046
4370,-0.149
4371,-0.098
4372,-0.168
4373,-0.081
4374,-0.193
4375,-0.12
4376,-0.078
4377,-0.413
4378,-0.344
4379,-0.271
4380,-0.166
4381,0.005
4382,-0.024
4383,-0.056
4384,0.051
4385,-0.112
4386,-0.105
4387,0.027
4388,-0.122
4389,-0.066
4390,0.007
4391,-0.151
4392,-0.225
4393,-0.083
4394,-0.278
4395,-0.273
4396,-0.188
4397,-0.154
4398,-0.237
4399,-0.247
4400,-0.073
4401,-0.176
4402,-0.237
4403,-0.129
4404,0.068
4405,-0.317
4406,-0.242
4407,0.039
4408,-0.127
4409,-0.151
4410,-0.066
4411,0.037
4412,-0.012
4413,-0.139
4414,-0.19
4415,-0.029
4416,-0.234
4417,-0.171
4418,0.017
4419,-0.164
4420,-0.154
4421,-0.078
4422,-0.054
4423,-0.178
4424,-0.098
4425,-0.085
4426,-0.146
4427,-0.046
4428,-0.244
4429,-0.122
4430,0.256
4431,-0.198
4432,-0.107
4433,-0.022
4434,-0.195
4435,-0.171
4436,-0.156
4437,-0.166
4438,-0.2
4439,-0.217
4440,-0.227
4441,-0.11
4442,-0.117
4443,-0.125
4444,-0.093
4445,-0.222
4446,-0.044
4447,0.09
4448,-0.078
4449,-0.034
4450,-0.027
4451,-0.183
4452,-0.2
4453,-0.129
4454,0.039
4455,0.073
4456,-0.281
4457,-0.234
4458,0.039
4459,-0.122
4460,-0.215
4461,-0.103
4462,0.002
4463,-0.186
4464,-0.127
4465,-0.093
4466,-0.01
4467,-0.171
4468,-0.195
4469,-0.156
4470,-0.049
4471,-0.317
4472,-0.286
4473,-0.171
4474,-0.312
4475,-0.088
4476,-0.037
4477,-0.12
4478,-0.376
4479,-0.188
4480,-0.139
4481,-0.078
4482,-0.244
4483,-0.017
4484,0.029
4485,-0.217
4486,-0.1
4487,-0.032
4488,-0.068
4489,-0.103
4490,0.11
4491,0.059
4492,0.032
4493,-0.173
4494,-0.173
4495,0.037
4496,-0.168
4497,-0.386
4498,-0.129
4499,0.054
4500,-0.156
4501,-0.222
4502,-0.193
4503,-0.085
4504,-0.149
4505,-0.195
4506,-0.083
4507,-0.063
4508,-0.21
4509,-0.208
4510,0.107
4511,-0.063
4512,-0.112
4513,-0.049
4514,-0.022
4515,-0.146
4516,-0.232
4517,-0.22
4518,-0.2
4519,-0.056
4520,-0.281
4521,-0.085
4522,-0.098
4523,-0.193
4524,-0.081
4525,-0.002
4526,-0.049
4527,-0.032
4528,-0.049
4529,-0.203
4530,0.0
4531,-0.063
4532,0.063
4533,0.0
4534,-0.105
4535,-0.02
4536,-0.078
4537,-0.081
4538,-0.117
4539,0.007
4540,-0.142
4541,-0.146
4542,-0.251
4543,-0.176
4544,-0.166
4545,-0.146
4546,-0.195
4547,-0.159
4548,-0.09
4549,-0.117
4550,-0.168
4551,-0.293
4552,-0.137
4553,-0.083
4554,-0.208
4555,-0.269
4556,-0.11
4557,-0.088
4558,-0.232
4559,-0.193
4560,-0.149
4561,-0.168
4562,-0.308
4563,-0.093
4564,-0.059
4565,-0.154
4566,-0.066
4567,0.076
4568,-0.059
4569,-0.054
4570,0.056
4571,-0.059
4572,-0.095
4573,-0.046
4574,-0.027
4575,-0.12
4576,0.066
4577,-0.076
4578,-0.178
4579,-0.103
4580,-0.178
4581,-0.159
4582,0.049
4583,-0.029
4584,-0.244
4585,-0.044
4586,-0.127
4587,0.044
4588,-0.132
4589,-0.254
4590,-0.115
4591,-0.112
4592,-0.046
4593,-0.166
4594,-0.193
4595,-0.181
4596,-0.159
4597,-0.142
4598,-0.007
4599,-0.076
4600,-0.222
4601,-0.005
4602,-0.132
4603,-0.181
4604,-0.112
4605,-0.017
4606,-0.051
4607,-0.22
4608,-0.278
4609,0.059
4610,0.085
4611,-0.02
4612,-0.066
4613,-0.02
4614,-0.012
4615,-0.144
4616,-0.085
4617,-0.093
4618,-0.269
4619,-0.295
4620,-0.117
4621,-0.183
4622,-0.374
4623,-0.161
4624,0.017
4625,0.085
4626,-0.183
4627,-0.112
4628,-0.364
4629,-0.095
4630,0.11
4631,0.12
4632,-0.11
4633,-0.015
4634,0.176
4635,-0.154
4636,-0.259
4637,-0.156
4638,0.005
4639,-0.244
4640,-0.266
4641,-0.237
4642,-0.276
4643,-0.256
4644,-0.105
4645,0.215
4646,-0.212
4647,0.002
4648,-0.071
4649,-0.039
4650,-0.078
4651,-0.093
4652,0.117
4653,0.161
4654,0.061
4655,-0.388
4656,-0.005
4657,0.093
4658,0.059
4659,-0.271
4660,-0.076
4661,-0.029
4662,-0.144
4663,-0.361
4664,-0.159
4665,0.232
4666,-0.078
4667,-0.115
4668,-0.156
4669,-0.168
4670,-0.166
4671,-0.12
4672,0.125
4673,-0.186
4674,-0.264
4675,-0.332
4676,-0.117
4677,0.034
4678,-0.291
4679,-0.193
4680,0.195
4681,-0.151
4682,-0.505
4683,-0.127
4684,-0.085
4685,-0.137
4686,-0.325
4687,0.002
4688,-0.039
4689,-0.076
4690,-0.129
4691,0.042
4692,0.039
4693,-0.068
4694,0.071
4695,0.095
4696,-0.042
4697,-0.298
4698,-0.132
4699,-0.176
4700,0.034
4701,-0.208
4702,-0.256
4703,-0.259
4704,-0.166
4705,-0.098
4706,0.0
4707,-0.039
4708,-0.081
4709,0.005
4710,-0.229
4711,-0.044
4712,0.007
4713,-0.078
4714,-0.137
4715,-0.029
4716,0.068
4717,-0.234
4718,-0.227
4719,-0.176
4720,-0.049
4721,-0.264
4722,-0.293
4723,-0.134
4724,-0.176
4725,-0.276
4726,-0.105
4727,-0.122
4728,-0.286
4729,-0.063
4730,-0.081
4731,0.208
4732,-0.012
4733,-0.159
4734,-0.056
4735,0.134
4736,0.063
4737,-0.222
4738,-0.056
4739,-0.061
4740,0.063
4741,-0.295
4742,-0.095
4743,-0.117
4744,-0.022
4745,-0.232
4746,-0.154
4747,-0.012
4748,-0.195
4749,-0.076
4750,-0.164
4751,-0.132
4752,-0.105
4753,0.073
4754,-0.11
4755,-0.181
4756,-0.264
4757,-0.11
4758,0.071
4759,-0.11
4760,-0.107
4761,-0.154
4762,-0.095
4763,-0.154
4764,-0.022
4765,-0.266
4766,-0.142
4767,-0.081
4768,-0.171
4769,-0.09
4770,-0.151
4771,-0.164
4772,-0.168
4773,-0.039
4774,-0.054
4775,0.076
4776,-0.166
4777,-0.046
4778,0.083
4779,-0.044
4780,-0.059
4781,-0.063
4782,0.022
4783,-0.259
4784,-0.205
4785,-0.122
4786,0.095
4787,-0.212
4788,-0.178
4789,0.144
4790,-0.078
4791,-0.132
4792,-0.095
4793,0.137
4794,-0.244
4795,-0.186
4796,-0.322
4797,-0.183
4798,-0.042
4799,-0.1
4800,-0.171
4801,-0.142
4802,-0.112
4803,-0.251
4804,0.02
4805,-0.134
4806,0.017
4807,-0.068
4808,-0.078
4809,-0.098
4810,0.015
4811,-0.088
4812,-0.208
4813,0.037
4814,-0.061
4815,-0.139
4816,-0.168
4817,-0.149
4818,-0.098
4819,-0.281
4820,-0.122
4821,0.02
4822,-0.12
4823,-0.339
4824,0.029
4825,-0.171
4826,-0.264
4827,-0.188
4828,-0.059
4829,-0.112
4830,-0.178
4831,-0.081
4832,-0.088
4833,0.056
4834,-0.156
4835,0.056
4836,-0.029
4837,-0.176
4838,-0.146
4839,0.012
4840,-0.129
4841,-0.222
4842,-0.098
4843,-0.166
4844,0.083
4845,-0.195
4846,-0.137
4847,-0.159
4848,-0.029
4849,-0.178
4850,-0.193
4851,-0.017
4852,-0.09
4853,-0.115
4854,-0.117
4855,0.11
4856,-0.181
4857,-0.054
4858,0.186
4859,0.078
4860,-0.303
4861,-0.342
4862,0.0
4863,-0.176
4864,-0.271
4865,-0.271
4866,-0.042
4867,-0.178
4868,-0.205
4869,0.007
4870,-0.154
4871,-0.142
4872,-0.085
4873,0.034
4874,-0.159
4875,0.027
4876,-0.09
4877,-0.054
4878,-0.215
4879,-0.229
4880,-0.303
4881,-0.139
4882,-0.061
4883,-0.154
4884,-0.237
4885,-0.298
4886,-0.09
4887,-0.183
4888,-0.159
4889,-0.203
4890,0.029
4891,-0.098
4892,-0.054
4893,0.056
4894,-0.037
4895,-0.024
4896,-0.037
4897,0.115
4898,-0.054
4899,-0.249
4900,-0.344
4901,-0.051
4902,-0.002
4903,-0.281
4904,-0.293
4905,-0.225
4906,-0.237
4907,-0.342
4908,-0.059
4909,0.017
4910,-0.063
4911,-0.134
4912,-0.095
4913,-0.132
4914,-0.125
4915,-0.083
4916,-0.017
4917,0.1
4918,-0.239
4919,-0.125
4920,-0.078
4921,-0.154
4922,-0.183
4923,-0.142
4924,-0.01
4925,-0.193
4926,-0.178
4927,-0.146
4928,0.012
4929,-0.159
4930,-0.076
4931,-0.178
4932,-0.078
4933,-0.022
4934,-0.071
4935,-0.029
4936,-0.046
4937,0.056
4938,-0.046
4939,0.029
4940,-0.186
4941,-0.022
4942,-0.208
4943,-0.146
4944,-0.181
4945,-0.31
4946,-0.164
4947,-0.105
4948,-0.161
4949,-0.281
4950,-0.024
4951,-0.308
4952,0.037
4953,0.164
4954,-0.142
4955,-0.078
4956,0.022
4957,-0.029
4958,-0.093
4959,-0.117
4960,-0.352
4961,-0.09
4962,-0.305
4963,-0.173
4964,0.022
4965,-0.01
4966,-0.242
4967,-0.173
4968,-0.046
4969,-0.33
4970,-0.103
4971,-0.122
4972,-0.081
4973,-0.039
4974,-0.039
4975,0.015
4976,0.015
4977,-0.063
4978,-0.098
4979,0.098
4980,-0.269
4981,-0.039
4982,-0.137
4983,-0.122
4984,-0.298
4985,-0.212
4986,-0.134
4987,-0.098
4988,-0.09
4989,-0.31
4990,-0.051
4991,-0.154
4992,-0.012
4993,-0.312
4994,-0.1
4995,-0.149
4996,-0.122
4997,-0.078
4998,-0.088
4999,-0.168
5000,-0.039
5001,-0.007
5002,-0.383
5003,-0.059
5004,-0.254
5005,-0.129
5006,-0.234
5007,-0.317
5008,-0.168
5009,-0.151
5010,-0.073
5011,-0.044
5012,0.012
5013,-0.254
5014,0.088
5015,-0.1
5016,-0.046
5017,-0.12
5018,-0.083
5019,0.0
5020,-0.007
5021,-0.051
5022,-0.168
5023,0.034
5024,-0.208
5025,0.02
5026,-0.149
5027,-0.215
5028,-0.154
5029,-0.146
5030,-0.137
5031,-0.183
5032,-0.146
5033,-0.146
5034,-0.081
5035,-0.273
5036,-0.061
5037,-0.293
5038,-0.085
5039,0.034
5040,-0.247
5041,-0.134
5042,-0.056
5043,0.0
5044,-0.107
5045,-0.095
5046,-0.229
5047,-0.081
5048,-0.217
5049,-0.247
5050,-0.149
5051,-0.12
5052,-0.288
5053,-0.159
5054,0.142
5055,-0.356
5056,-0.037
5057,0.071
5058,0.081
5059,-0.071
5060,0.017
5061,-0.256
5062,-0.164
5063,0.181
5064,-0.156
5065,-0.286
5066,-0.159
5067,-0.063
5068,-0.273
5069,-0.178
5070,-0.01
5071,0.076
5072,-0.22
5073,-0.474
5074,-0.007
5075,-0.151
5076,-0.266
5077,0.017
5078,0.103
5079,-0.042
5080,-0.027
5081,-0.132
5082,-0.122
5083,-0.11
5084,-0.046
5085,-0.012
5086,-0.176
5087,-0.12
5088,-0.215
5089,-0.247
5090,-0.33
5091,-0.012
5092,-0.176
5093,-0.239
5094,0.129
5095,-0.054
5096,-0.137
5097,-0.015
5098,0.093
5099,-0.007
5100,-0.029
5101,-0.134
5102,-0.115
5103,0.056
5104,-0.217
5105,-0.071
5106,-0.127
5107,-0.308
5108,-0.188
5109,-0.076
5110,-0.291
5111,-0.076
5112,-0.396
5113,-0.327
5114,0.129
5115,-0.337
5116,-0.332
5117,-0.012
5118,-0.029
5119,-0.186
5120,-0.034
5121,-0.193
5122,-0.029
5123,-0.256
5124,-0.361
5125,-0.159
5126,-0.068
5127,-0.247
5128,-0.117
5129,0.215
5130,-0.208
5131,-0.173
5132,-0.083
5133,-0.061
5134,0.144
5135,-0.232
5136,-0.137
5137,-0.024
5138,-0.022
5139,-0.19
5140,0.034
5141,-0.142
5142,-0.034
5143,-0.134
5144,-0.276
5145,-0.237
5146,-0.024
5147,0.024
5148,-0.117
5149,-0.098
5150,-0.232
5151,-0.056
5152,-0.105
5153,-0.078
5154,-0.208
5155,-0.21
5156,-0.039
5157,0.017
5158,-0.159
5159,-0.176
5160,0.137
5161,-0.054
5162,-0.171
5163,-0.205
5164,0.027
5165,-0.081
5166,-0.103
5167,-0.203
5168,-0.183
5169,0.015
5170,-0.129
5171,-0.151
5172,-0.164
5173,-0.066
5174,-0.125
5175,0.122
5176,-0.054
5177,-0.149
5178,-0.151
5179,0.059
5180,0.146
5181,0.022
5182,-0.188
5183,-0.078
5184,-0.098
5185,-0.227
5186,-0.349
5187,0.007
5188,-0.132
5189,-0.3
5190,-0.166
5191,0.007
5192,-0.132
5193,-0.271
5194,-0.112
5195,-0.168
5196,-0.176
5197,-0.154
5198,-0.063
5199,0.071
5200,0.022
5201,-0.256
5202,0.0
5203,-0.227
5204,-0.112
5205,-0.22
5206,-0.234
5207,0.049
5208,0.061
5209,-0.222
5210,-0.198
5211,-0.261
5212,-0.393
5213,-0.21
5214,-0.247
5215,-0.027
5216,-0.261
5217,-0.173
5218,0.002
5219,-0.01
5220,-0.176
5221,0.032
5222,0.132
5223,-0.142
5224,0.017
5225,-0.22
5226,-0.227
5227,-0.117
5228,-0.032
5229,-0.229
5230,-0.068
5231,-0.02
5232,-0.21
5233,0.039
5234,-0.054
5235,0.005
5236,-0.227
5237,-0.017
5238,-0.059
5239,0.083
5240,-0.22
5241,-0.22
5242,-0.22
5243,-0.303
5244,-0.056
5245,-0.278
5246,-0.015
5247,-0.266
5248,-0.464
5249,-0.471
5250,-0.173
5251,-0.286
5252,-0.222
5253,0.024
5254,-0.144
5255,-0.054
5256,-0.061
5257,0.347
5258,-0.129
5259,-0.112
5260,-0.02
5261,-0.049
5262,-0.088
5263,-0.063
5264,0.059
5265,-0.164
5266,-0.134
5267,-0.215
5268,0.063
5269,-0.293
5270,-0.027
5271,-0.154
5272,-0.278
5273,0.002
5274,-0.032
5275,-0.034
5276,-0.339
5277,0.044
5278,-0.352
5279,0.154
5280,-0.271
5281,-0.01
5282,-0.2
5283,-0.19
5284,-0.181
5285,-0.222
5286,-0.125
5287,-0.127
5288,-0.103
5289,-0.229
5290,-0.171
5291,-0.327
5292,-0.391
5293,-0.054
5294,-0.21
5295,-0.1
5296,-0.244
5297,0.054
5298,-0.215
5299,0.11
5300,-0.33
5301,-0.11
5302,-0.09
5303,0.027
5304,0.115
5305,-0.173
5306,-0.398
5307,-0.139
5308,0.063
5309,-0.288
5310,-0.208
5311,-0.103
5312,-0.403
5313,-0.159
5314,0.02
5315,-0.171
5316,-0.112
5317,-0.071
5318,-0.266
5319,-0.005
5320,-0.298
5321,-0.173
5322,-0.039
5323,0.046
5324,-0.149
5325,-0.105
5326,-0.029
5327,-0.022
5328,0.083
5329,-0.178
5330,-0.132
5331,-0.183
5332,-0.276
5333,-0.237
5334,-0.159
5335,-0.293
5336,-0.071
5337,-0.068
5338,-0.312
5339,0.002
5340,-0.171
5341,-0.017
5342,-0.046
5343,-0.103
5344,-0.11
5345,0.166
5346,-0.193
5347,-0.049
5348,-0.063
5349,-0.198
5350,0.09
5351,-0.078
5352,-0.181
5353,-0.251
5354,0.137
5355,-0.278
5356,-0.117
5357,-0.051
5358,-0.127
5359,-0.134
5360,-0.176
5361,-0.01
5362,0.049
5363,-0.029
5364,-0.244
5365,0.12
5366,-0.078
5367,-0.183
5368,-0.078
5369,-0.098
5370,0.061
5371,-0.308
5372,-0.232
5373,-0.103
5374,0.159
5375,-0.146
5376,-0.09
5377,-0.103
5378,-0.159
5379,-0.044
5380,0.005
5381,-0.032
5382,-0.2
5383,-0.156
5384,-0.242
5385,0.015
5386,-0.261
5387,-0.088
5388,0.078
5389,-0.071
5390,-0.149
5391,-0.032
5392,-0.088
5393,-0.298
5394,-0.034
5395,-0.105
5396,-0.105
5397,-0.229
5398,-0.161
5399,-0.01
5400,-0.171
5401,-0.244
5402,-0.085
5403,0.071
5404,-0.22
5405,-0.159
5406,-0.046
5407,0.144
5408,0.027
5409,-0.134
5410,-0.088
5411,-0.234
5412,-0.059
5413,-0.369
5414,0.027
5415,-0.022
5416,-0.125
5417,-0.215
5418,0.291
5419,-0.063
5420,-0.181
5421,-0.066
5422,-0.173
5423,-0.024
5424,-0.239
5425,-0.178
5426,0.103
5427,-0.063
5428,-0.344
5429,-0.024
5430,-0.295
5431,-0.496
5432,-0.017
5433,-0.305
5434,-0.3
5435,-0.034
5436,-0.1
5437,-0.193
5438,0.044
5439,-0.376
5440,-0.1
5441,-0.081
5442,-0.215
5443,0.183
5444,-0.312
5445,-0.315
5446,0.007
5447,-0.159
5448,-0.51
5449,0.164
5450,-0.073
5451,-0.134
5452,-0.256
5453,-0.144
5454,0.154
5455,-0.024
5456,-0.273
5457,-0.066
5458,0.12
5459,-0.325
5460,0.249
5461,0.139
5462,-0.515
5463,0.122
5464,-0.098
5465,-0.156
5466,0.054
5467,-0.125
5468,-0.337
5469,0.266
5470,-0.271
5471,-0.142
5472,0.095
5473,-0.259
5474,-0.09
5475,-0.029
5476,-0.22
5477,-0.098
5478,0.066
5479,-0.344
5480,0.093
5481,-0.381
5482,-0.361
5483,0.142
5484,-0.071
5485,-0.237
5486,-0.303
5487,-0.283
5488,-0.024
5489,0.122
5490,-0.427
5491,-0.12
5492,0.032
5493,-0.471
5494,-0.044
5495,-0.02
5496,-0.186
5497,-0.134
5498,-0.02
5499,-0.188
5500,0.227
5501,-0.171
5502,-0.208
5503,0.054
5504,-0.039
5505,-0.271
5506,-0.071
5507,-0.071
5508,-0.205
5509,-0.024
5510,-0.31
5511,-0.056
5512,0.103
5513,-0.066
5514,-0.076
5515,-0.046
5516,-0.178
5517,-0.176
5518,-0.19
5519,-0.171
5520,0.034
5521,-0.193
5522,-0.051
5523,-0.095
5524,-0.076
5525,-0.159
5526,0.054
5527,-0.107
5528,-0.193
5529,-0.012
5530,-0.249
5531,-0.098
5532,-0.195
5533,-0.266
5534,-0.122
5535,-0.037
5536,-0.354
5537,-0.073
5538,-0.017
5539,-0.154
5540,-0.061
5541,-0.129
5542,0.032
5543,0.012
5544,-0.122
5545,-0.283
5546,-0.068
5547,-0.117
5548,-0.19
5549,-0.249
5550,-0.244
5551,-0.122
5552,-0.2
5553,-0.227
5554,-0.193
5555,-0.298
5556,-0.43
5557,-0.186
5558,-0.195
5559,-0.049
5560,-0.015
5561,-0.032
5562,-0.002
5563,-0.1
5564,-0.051
5565,0.027
5566,0.117
5567,-0.427
5568,-0.376
5569,-0.063
5570,-0.188
5571,-0.237
5572,-0.366
5573,-0.332
5574,-0.178
5575,-0.19
5576,-0.283
5577,0.044
5578,0.042
5579,-0.09
5580,-0.002
5581,-0.078
5582,-0.01
5583,-0.002
5584,-0.112
5585,0.061
5586,0.193
5587,-0.193
5588,-0.173
5589,0.1
5590,-0.195
5591,-0.081
5592,-0.073
5593,-0.159
5594,-0.217
5595,-0.02
5596,-0.115
5597,0.056
5598,-0.249
5599,-0.015
5600,-0.2
5601,-0.291
5602,0.007
5603,-0.098
5604,-0.215
5605,-0.117
5606,0.049
5607,-0.132
5608,-0.068
5609,-0.105
5610,-0.039
5611,-0.32
5612,-0.112
5613,-0.186
5614,-0.112
5615,-0.127
5616,-0.232
5617,0.012
5618,-0.251
5619,-0.273
5620,-0.093
5621,-0.078
5622,-0.303
5623,-0.146
5624,0.088
5625,-0.237
5626,0.056
5627,-0.042
5628,-0.098
5629,0.007
5630,0.044
5631,-0.31
5632,-0.059
5633,-0.09
5634,-0.156
5635,0.083
5636,-0.166
5637,-0.105
5638,-0.237
5639,-0.193
5640,-0.161
5641,-0.051
5642,-0.149
5643,-0.315
5644,-0.029
5645,-0.061
5646,-0.112
5647,-0.312
5648,0.151
5649,-0.081
5650,0.215
5651,0.415
5652,-0.083
5653,-0.342
5654,-0.261
5655,0.012
5656,-0.347
5657,-0.146
5658,0.073
5659,0.01
5660,-0.269
5661,-0.234
5662,-0.244
5663,-0.107
5664,0.154
5665,-0.024
5666,-0.042
5667,-0.21
5668,-0.098
5669,-0.21
5670,-0.078
5671,-0.256
5672,-0.037
5673,-0.164
5674,-0.024
5675,-0.232
5676,-0.33
5677,-0.061
5678,-0.134
5679,-0.066
5680,-0.195
5681,-0.056
5682,-0.071
5683,-0.005
5684,-0.127
5685,-0.085
5686,-0.039
5687,-0.161
5688,-0.059
5689,-0.112
5690,-0.037
5691,-0.21
5692,-0.054
5693,-0.134
5694,-0.139
5695,-0.283
5696,-0.059
5697,-0.002
5698,-0.352
5699,-0.144
5700,-0.161
5701,-0.063
5702,-0.225
5703,-0.137
5704,0.012
5705,-0.02
5706,-0.09
5707,-0.078
5708,0.146
5709,-0.286
5710,-0.256
5711,-0.339
5712,-0.078
5713,-0.063
5714,-0.144
5715,-0.4
5716,-0.21
5717,-0.276
5718,-0.21
5719,-0.005
5720,-0.005
5721,0.024
5722,-0.188
5723,-0.295
5724,-0.088
5725,0.076
5726,-0.129
5727,0.015
5728,-0.139
5729,-0.222
5730,0.095
5731,-0.02
5732,-0.137
5733,-0.034
5734,-0.09
5735,-0.291
5736,-0.095
5737,-0.188
5738,-0.034
5739,-0.059
5740,-0.083
5741,-0.024
5742,-0.107
5743,0.056
5744,-0.029
5745,-0.12
5746,-0.444
5747,-0.168
5748,0.139
5749,-0.017
5750,-0.144
5751,0.227
5752,0.034
5753,-0.198
5754,-0.076
5755,0.032
5756,-0.02
5757,-0.295
5758,-0.52
5759,-0.098
5760,-0.125
5761,-0.215
5762,-0.098
5763,-0.178
5764,-0.032
5765,-0.115
5766,-0.159
5767,0.0
5768,-0.002
5769,-0.354
5770,-0.112
5771,-0.208
5772,-0.159
5773,-0.288
5774,-0.095
5775,-0.32
5776,0.02
5777,-0.071
5778,-0.237
5779,-0.115
5780,-0.049
5781,0.122
5782,-0.217
5783,0.017
5784,0.032
5785,-0.195
5786,-0.149
5787,0.098
5788,0.054
5789,-0.059
5790,0.037
5791,0.117
5792,-0.039
5793,-0.088
5794,-0.1
5795,0.007
5796,-0.076
5797,-0.237
5798,-0.024
5799,-0.095
5800,-0.117
5801,0.127
5802,-0.095
5803,-0.156
5804,-0.039
5805,-0.112
5806,-0.315
5807,0.046
5808,-0.088
5809,-0.303
5810,-0.171
5811,-0.051
5812,-0.117
5813,-0.164
5814,-0.293
5815,-0.181
5816,-0.139
5817,-0.229
5818,-0.11
5819,0.063
5820,-0.027
5821,-0.264
5822,-0.125
5823,-0.139
5824,-0.198
5825,-0.327
5826,-0.193
5827,-0.073
5828,-0.088
5829,-0.149
5830,-0.027
5831,0.034
5832,0.093
5833,-0.117
5834,-0.107
5835,-0.034
5836,0.076
5837,-0.12
5838,-0.076
5839,0.024
5840,-0.298
5841,-0.139
5842,-0.093
5843,-0.312
5844,-0.144
5845,-0.098
5846,-0.085
5847,-0.046
5848,-0.063
5849,-0.044
5850,-0.054
5851,-0.222
5852,-0.139
5853,-0.117
5854,-0.11
5855,-0.212
5856,-0.068
5857,-0.11
5858,-0.308
5859,-0.269
5860,-0.208
5861,-0.117
5862,-0.156
5863,-0.054
5864,-0.081
5865,-0.093
5866,-0.066
5867,-0.073
5868,-0.164
5869,-0.171
5870,0.134
5871,0.005
5872,-0.129
5873,-0.281
5874,0.076
5875,0.107
5876,-0.085
5877,-0.408
5878,-0.19
5879,-0.142
5880,-0.139
5881,-0.085
5882,-0.205
5883,-0.178
5884,-0.132
5885,-0.156
5886,-0.261
5887,-0.122
5888,-0.164
5889,-0.085
5890,0.051
5891,-0.066
5892,-0.095
5893,-0.01
5894,-0.105
5895,-0.259
5896,-0.044
5897,-0.039
5898,-0.178
5899,-0.122
5900,-0.071
5901,-0.107
5902,-0.19
5903,-0.188
5904,-0.046
5905,-0.093
5906,-0.227
5907,-0.002
5908,0.049
5909,-0.139
5910,-0.107
5911,-0.115
5912,-0.032
5913,-0.017
5914,-0.112
5915,-0.146
5916,-0.005
5917,-0.134
5918,0.02
5919,-0.032
5920,-0.115
5921,-0.149
5922,-0.198
5923,-0.208
5924,-0.085
5925,-0.244
5926,-0.188
5927,0.0
5928,-0.078
5929,-0.183
5930,-0.21
5931,-0.151
5932,-0.11
5933,-0.063
5934,-0.085
5935,-0.156
5936,-0.134
5937,-0.195
5938,-0.005
5939,-0.168
5940,-0.205
5941,-0.151
5942,-0.081
5943,-0.168
5944,-0.188
5945,-0.159
5946,-0.249
5947,-0.093
5948,-0.054
5949,0.039
5950,-0.046
5951,-0.059
5952,-0.171
5953,-0.117
5954,0.027
5955,-0.015
5956,-0.078
5957,-0.229
5958,-0.134
5959,-0.229
5960,-0.076
5961,-0.205
5962,-0.156
5963,-0.127
5964,-0.078
5965,-0.015
5966,-0.161
5967,-0.193
5968,-0.186
5969,-0.103
5970,-0.137
5971,-0.1
5972,-0.222
5973,-0.11
5974,0.215
5975,-0.01
5976,-0.193
5977,0.051
5978,0.02
5979,-0.359
5980,-0.195
5981,-0.168
5982,-0.251
5983,-0.095
5984,-0.203
5985,-0.149
5986,-0.139
5987,-0.222
5988,-0.076
5989,0.164
5990,-0.02
5991,-0.134
5992,-0.171
5993,-0.149
5994,-0.073
5995,-0.173
5996,-0.044
5997,-0.176
5998,-0.271
5999,-0.042
6000,-0.022
6001,-0.205
6002,-0.105
6003,-0.149
6004,-0.117
6005,-0.154
6006,-0.269
6007,-0.254
6008,-0.059
6009,0.0
6010,-0.203
6011,-0.081
6012,-0.1
6013,-0.11
6014,-0.21
6015,-0.227
6016,-0.029
6017,0.005
6018,-0.112
6019,-0.11
6020,-0.034
6021,-0.276
6022,-0.203
6023,-0.21
6024,-0.234
6025,-0.115
6026,-0.269
6027,-0.181
6028,-0.066
6029,-0.176
6030,-0.186
6031,0.049
6032,-0.073
6033,-0.007
6034,-0.029
6035,-0.139
6036,-0.164
6037,0.01
6038,0.02
6039,-0.137
6040,-0.132
6041,-0.085
6042,-0.073
6043,-0.122
6044,-0.107
6045,-0.076
6046,-0.146
6047,-0.176
6048,-0.007
6049,-0.015
6050,-0.022
6051,-0.034
6052,-0.283
6053,-0.242
6054,-0.117
6055,-0.298
6056,-0.266
6057,-0.122
6058,-0.173
6059,-0.249
6060,-0.227
6061,-0.203
6062,0.0
6063,-0.115
6064,-0.195
6065,0.007
6066,0.054
6067,-0.11
6068,0.017
6069,-0.051
6070,-0.181
6071,-0.066
6072,-0.093
6073,-0.027
6074,-0.059
6075,-0.083
6076,-0.037
6077,-0.217
6078,-0.063
6079,-0.054
6080,-0.103
6081,-0.295
6082,-0.103
6083,-0.168
6084,-0.115
6085,-0.061
6086,-0.095
6087,-0.154
6088,-0.212
6089,-0.044
6090,-0.046
6091,0.061
6092,-0.132
6093,-0.149
6094,-0.173
6095,-0.21
6096,-0.205
6097,-0.212
6098,-0.159
6099,-0.164
6100,-0.166
6101,-0.176
6102,-0.251
6103,-0.11
6104,-0.017
6105,-0.159
6106,-0.22
6107,-0.144
6108,-0.161
6109,-0.151
6110,-0.166
6111,0.022
6112,0.049
6113,0.044
6114,-0.068
6115,-0.115
6116,-0.078
6117,-0.129
6118,-0.247
6119,-0.022
6120,0.085
6121,0.049
6122,-0.076
6123,-0.137
6124,0.0
6125,-0.112
6126,-0.156
6127,-0.071
6128,0.093
6129,-0.063
6130,-0.149
6131,-0.098
6132,-0.049
6133,-0.144
6134,-0.188
6135,-0.068
6136,-0.12
6137,-0.164
6138,-0.183
6139,-0.1
6140,-0.066
6141,-0.273
6142,-0.283
6143,-0.012
6144,-0.146
6145,-0.322
6146,-0.078
6147,-0.144
6148,-0.132
6149,-0.061
6150,-0.098
6151,-0.01
6152,-0.071
6153,-0.039
6154,-0.034
6155,-0.039
6156,-0.11
6157,0.017
6158,-0.19
6159,-0.205
6160,-0.081
6161,-0.122
6162,-0.2
6163,-0.295
6164,-0.029
6165,0.007
6166,-0.083
6167,-0.222
6168,-0.137
6169,-0.085
6170,-0.042
6171,-0.134
6172,-0.1
6173,-0.186
6174,-0.2
6175,0.154
6176,-0.005
6177,-0.193
6178,-0.12
6179,0.076
6180,-0.12
6181,-0.181
6182,-0.085
6183,-0.161
6184,-0.142
6185,-0.168
6186,-0.115
6187,-0.256
6188,-0.081
6189,-0.032
6190,0.015
6191,-0.134
6192,-0.017
6193,-0.078
6194,-0.068
6195,-0.071
6196,0.0
6197,-0.042
6198,-0.051
6199,-0.002
6200,-0.137
6201,-0.215
6202,-0.154
6203,-0.005
6204,-0.19
6205,-0.32
6206,-0.142
6207,-0.01
6208,-0.02
6209,-0.129
6210,-0.083
6211,-0.098
6212,-0.183
6213,-0.156
6214,-0.159
6215,-0.044
6216,-0.103
6217,-0.039
6218,0.01
6219,-0.1
6220,-0.239
6221,-0.112
6222,-0.107
6223,0.042
6224,-0.005
6225,-0.039
6226,-0.264
6227,-0.205
6228,-0.032
6229,-0.02
6230,0.024
6231,0.105
6232,-0.032
6233,-0.105
6234,0.002
6235,-0.156
6236,0.044
6237,0.105
6238,-0.156
6239,-0.215
6240,-0.215
6241,-0.156
6242,-0.22
6243,-0.132
6244,0.049
6245,0.002
6246,-0.139
6247,-0.33
6248,-0.183
6249,-0.229
6250,0.005
6251,0.039
6252,0.051
6253,-0.078
6254,-0.256
6255,-0.244
6256,-0.056
6257,-0.232
6258,-0.186
6259,-0.059
6260,-0.322
6261,-0.349
6262,-0.042
6263,0.024
6264,-0.051
6265,-0.322
6266,-0.354
6267,-0.183
6268,-0.234
6269,0.059
6270,0.161
6271,-0.159
6272,-0.044
6273,-0.015
6274,-0.186
6275,-0.117
6276,-0.078
6277,-0.144
6278,0.005
6279,-0.188
6280,-0.229
6281,-0.081
6282,-0.11
6283,-0.105
6284,-0.002
6285,-0.125
6286,-0.183
6287,-0.293
6288,-0.2
6289,-0.081
6290,0.066
6291,-0.186
6292,-0.205
6293,-0.105
6294,-0.061
6295,-0.156
6296,-0.249
6297,0.002
6298,0.012
6299,0.022
6300,-0.183
6301,-0.02
6302,-0.029
6303,-0.342
6304,-0.21
6305,0.076
6306,0.088
6307,-0.295
6308,-0.164
6309,-0.181
6310,-0.083
6311,-0.205
6312,-0.139
6313,-0.081
6314,-0.093
6315,-0.127
6316,0.107
6317,-0.015
6318,-0.095
6319,0.032
6320,-0.09
6321,-0.242
6322,-0.068
6323,-0.071
6324,-0.129
6325,-0.066
6326,-0.093
6327,-0.061
6328,-0.122
6329,-0.269
6330,-0.037
6331,-0.059
6332,-0.142
6333,-0.029
6334,-0.093
6335,-0.371
6336,-0.229
6337,-0.007
6338,-0.059
6339,-0.2
6340,-0.237
6341,-0.251
6342,-0.229
6343,-0.259
6344,-0.298
6345,-0.125
6346,-0.183
6347,-0.234
6348,-0.115
6349,-0.227
6350,-0.098
6351,-0.168
6352,-0.117
6353,-0.098
6354,0.068
6355,-0.09
6356,-0.01
6357,-0.027
6358,0.017
6359,0.015
6360,-0.203
6361,-0.122
6362,-0.132
6363,-0.159
6364,-0.232
6365,-0.298
6366,-0.259
6367,0.034
6368,-0.081
6369,-0.154
6370,-0.312
6371,-0.33
6372,-0.156
6373,-0.181
6374,-0.063
6375,-0.081
6376,-0.352
6377,-0.281
6378,-0.09
6379,-0.22
6380,-0.457
6381,-0.227
6382,-0.134
6383,-0.278
6384,-0.225
6385,-0.046
6386,-0.164
6387,-0.217
6388,-0.181
6389,0.105
6390,-0.017
6391,-0.291
6392,-0.09
6393,-0.09
6394,-0.083
6395,-0.332
6396,0.029
6397,0.225
6398,0.02
6399,-0.308
6400,-0.037
6401,-0.044
6402,-0.11
6403,-0.227
6404,-0.095
6405,-0.198
6406,-0.271
6407,-0.156
6408,-0.132
6409,-0.161
6410,-0.198
6411,-0.232
6412,-0.132
6413,-0.107
6414,-0.393
6415,-0.271
6416,-0.022
6417,-0.112
6418,-0.208
6419,-0.166
6420,-0.132
6421,-0.029
6422,-0.002
6423,-0.117
6424,-0.154
6425,-0.081
6426,-0.137
6427,-0.156
6428,-0.115
6429,-0.093
6430,-0.222
6431,-0.183
6432,0.005
6433,-0.024
6434,-0.088
6435,-0.146
6436,-0.024
6437,-0.146
6438,-0.103
6439,0.015
6440,0.042
6441,-0.005
6442,-0.02
6443,0.027
6444,-0.017
6445,-0.205
6446,-0.11
6447,0.068
6448,-0.037
6449,-0.2
6450,-0.215
6451,-0.049
6452,-0.12
6453,-0.391
6454,-0.286
6455,0.015
6456,-0.037
6457,-0.273
6458,-0.208
6459,-0.022
6460,0.017
6461,-0.195
6462,-0.149
6463,-0.061
6464,-0.125
6465,-0.215
6466,-0.164
6467,0.11
6468,-0.073
6469,-0.315
6470,-0.156
6471,-0.034
6472,-0.251
6473,-0.059
6474,-0.022
6475,-0.044
6476,-0.085
6477,-0.227
6478,-0.078
6479,0.027
6480,-0.339
6481,-0.269
6482,0.095
6483,-0.024
6484,-0.129
6485,-0.19
6486,-0.129
6487,0.032
6488,-0.254
6489,-0.225
6490,-0.132
6491,-0.259
6492,-0.454
6493,0.044
6494,-0.032
6495,-0.242
6496,-0.286
6497,-0.205
6498,-0.073
6499,-0.125
6500,-0.1
6501,-0.044
6502,-0.059
6503,-0.156
6504,-0.227
6505,-0.278
6506,-0.117
6507,0.076
6508,-0.159
6509,-0.137
6510,0.107
6511,-0.012
6512,-0.142
6513,-0.046
6514,-0.09
6515,-0.234
6516,-0.19
6517,0.007
6518,-0.029
6519,-0.178
6520,-0.12
6521,-0.066
6522,-0.034
6523,-0.1
6524,-0.186
6525,-0.12
6526,-0.093
6527,-0.198
6528,-0.046
6529,-0.093
6530,-0.283
6531,-0.229
6532,-0.239
6533,-0.044
6534,-0.132
6535,-0.088
6536,0.01
6537,-0.173
6538,-0.342
6539,0.022
6540,0.134
6541,-0.154
6542,-0.098
6543,-0.127
6544,-0.066
6545,0.093
6546,-0.117
6547,-0.156
6548,0.005
6549,-0.107
6550,-0.195
6551,-0.049
6552,-0.085
6553,0.042
6554,-0.017
6555,0.029
6556,0.09
6557,-0.164
6558,-0.215
6559,0.037
6560,0.098
6561,-0.002
6562,-0.044
6563,-0.208
6564,-0.073
6565,-0.112
6566,-0.142
6567,-0.227
6568,-0.232
6569,-0.234
6570,-0.139
6571,-0.142
6572,-0.085
6573,-0.071
6574,-0.056
6575,-0.117
6576,-0.161
6577,-0.232
6578,-0.227
6579,-0.02
6580,-0.149
6581,-0.105
6582,0.02
6583,-0.056
6584,-0.105
6585,-0.061
6586,-0.015
6587,-0.051
6588,-0.149
6589,-0.21
6590,-0.034
6591,-0.115
6592,-0.161
6593,-0.098
6594,0.024
6595,-0.171
6596,-0.127
6597,0.034
6598,0.007
6599,-0.112
6600,-0.122
6601,-0.107
6602,0.022
6603,-0.029
6604,-0.242
6605,-0.254
6606,0.051
6607,-0.076
6608,-0.115
6609,-0.227
6610,-0.193
6611,-0.144
6612,0.056
6613,-0.193
6614,-0.244
6615,-0.139
6616,-0.107
6617,-0.059
6618,-0.115
6619,-0.19
6620,-0.054
6621,0.024
6622,-0.137
6623,-0.261
6624,-0.374
6625,-0.208
6626,-0.171
6627,-0.051
6628,-0.083
6629,-0.112
6630,-0.12
6631,-0.081
6632,0.037
6633,-0.027
6634,-0.073
6635,-0.249
6636,-0.161
6637,-0.044
6638,-0.3
6639,-0.22
6640,0.012
6641,0.063
6642,-0.049
6643,-0.061
6644,-0.183
6645,0.046
6646,-0.063
6647,-0.154
6648,-0.027
6649,-0.005
6650,-0.234
6651,-0.059
6652,-0.066
6653,-0.276
6654,-0.188
6655,0.007
6656,-0.015
6657,-0.1
6658,-0.156
6659,-0.21
6660,-0.02
6661,-0.039
6662,-0.286
6663,-0.312
6664,-0.127
6665,-0.132
6666,-0.166
6667,-0.181
6668,-0.103
6669,0.193
6670,-0.21
6671,-0.291
6672,0.022
6673,-0.034
6674,-0.095
6675,-0.083
6676,-0.168
6677,-0.095
6678,-0.01
6679,-0.144
6680,0.085
6681,-0.095
6682,-0.112
6683,-0.054
6684,0.183
6685,-0.159
6686,-0.173
6687,-0.256
6688,-0.3
6689,-0.166
6690,-0.085
6691,-0.186
6692,0.027
6693,-0.12
6694,0.032
6695,-0.088
6696,-0.173
6697,-0.237
6698,0.042
6699,-0.022
6700,0.007
6701,-0.117
6702,-0.029
6703,-0.049
6704,-0.356
6705,-0.305
6706,-0.203
6707,-0.183
6708,-0.149
6709,-0.115
6710,-0.256
6711,-0.159
6712,-0.066
6713,0.037
6714,-0.146
6715,-0.215
6716,-0.044
6717,-0.034
6718,-0.115
6719,-0.186
6720,0.02
6721,-0.154
6722,-0.356
6723,-0.242
6724,-0.061
6725,-0.164
6726,-0.256
6727,-0.125
6728,0.046
6729,-0.056
6730,-0.208
6731,-0.156
6732,-0.081
6733,-0.139
6734,-0.068
6735,-0.171
6736,-0.073
6737,-0.11
6738,0.046
6739,-0.098
6740,-0.032
6741,-0.061
6742,-0.254
6743,-0.015
6744,-0.098
6745,-0.334
6746,-0.01
6747,-0.032
6748,-0.327
6749,-0.068
6750,-0.115
6751,-0.256
6752,-0.056
6753,-0.095
6754,-0.122
6755,0.051
6756,0.063
6757,-0.161
6758,0.042
6759,-0.107
6760,-0.159
6761,-0.017
6762,-0.012
6763,0.186
6764,-0.044
6765,-0.256
6766,-0.024
6767,-0.09
6768,-0.342
6769,-0.122
6770,-0.012
6771,-0.117
6772,-0.278
6773,-0.315
6774,-0.212
6775,0.022
6776,-0.21
6777,-0.134
6778,0.044
6779,-0.271
6780,-0.33
6781,-0.361
6782,-0.188
6783,-0.032
6784,0.137
6785,0.063
6786,-0.474
6787,-0.3
6788,-0.217
6789,-0.41
6790,-0.332
6791,-0.374
6792,-0.342
6793,0.132
6794,-0.132
6795,-0.237
6796,0.117
6797,0.056
6798,-0.117
6799,-0.034
6800,-0.034
6801,-0.027
6802,-0.085
6803,0.024
6804,-0.073
6805,-0.259
6806,-0.01
6807,-0.088
6808,-0.115
6809,-0.139
6810,-0.095
6811,-0.068
6812,-0.002
6813,-0.344
6814,-0.234
6815,-0.083
6816,-0.105
6817,-0.154
6818,0.049
6819,-0.063
6820,-0.029
6821,-0.073
6822,-0.198
6823,-0.203
6824,0.0
6825,-0.208
6826,-0.132
6827,-0.244
6828,-0.295
6829,-0.322
6830,-0.142
6831,-0.054
6832,-0.088
6833,-0.449
6834,-0.354
6835,-0.115
6836,-0.173
6837,-0.049
6838,-0.022
6839,0.039
6840,-0.085
6841,-0.002
6842,0.083
6843,0.168
6844,-0.068
6845,-0.129
6846,-0.129
6847,-0.063
6848,-0.173
6849,-0.115
6850,-0.122
6851,-0.193
6852,-0.22
6853,-0.095
6854,-0.195
6855,-0.176
6856,-0.027
6857,-0.042
6858,-0.005
6859,-0.156
6860,-0.222
6861,-0.044
6862,0.02
6863,-0.142
6864,-0.144
6865,-0.081
6866,-0.078
6867,-0.176
6868,-0.193
6869,-0.149
6870,-0.273
6871,-0.295
6872,-0.181
6873,-0.237
6874,-0.31
6875,-0.149
6876,-0.166
6877,0.015
6878,-0.127
6879,-0.039
6880,0.156
6881,0.01
6882,-0.159
6883,-0.154
6884,0.068
6885,-0.107
6886,0.029
6887,-0.132
6888,-0.078
6889,-0.078
6890,-0.146
6891,-0.085
6892,-0.1
6893,-0.149
6894,-0.19
6895,-0.051
6896,0.007
6897,-0.156
6898,-0.276
6899,-0.19
6900,-0.015
6901,-0.063
6902,-0.181
6903,-0.208
6904,-0.068
6905,-0.1
6906,-0.112
6907,-0.095
6908,-0.164
6909,-0.283
6910,-0.12
6911,-0.049
6912,-0.19
6913,-0.261
6914,-0.164
6915,-0.103
6916,-0.061
6917,-0.046
6918,-0.149
6919,0.044
6920,-0.059
6921,0.01
6922,0.017
6923,0.02
6924,-0.127
6925,-0.112
6926,-0.334
6927,-0.063
6928,0.149
6929,-0.173
6930,-0.178
6931,-0.122
6932,-0.098
6933,-0.076
6934,-0.125
6935,-0.046
6936,-0.093
6937,-0.115
6938,-0.176
6939,-0.132
6940,-0.278
6941,-0.305
6942,-0.22
6943,-0.161
6944,-0.095
6945,-0.127
6946,-0.037
6947,-0.1
6948,-0.112
6949,-0.332
6950,-0.005
6951,-0.151
6952,-0.232
6953,-0.181
6954,-0.151
6955,-0.125
6956,-0.139
6957,-0.1
6958,0.0
6959,0.061
6960,-0.024
6961,-0.132
6962,-0.046
6963,0.103
6964,-0.017
6965,0.034
6966,0.103
6967,-0.066
6968,-0.095
6969,-0.1
6970,0.01
6971,0.002
6972,-0.054
6973,-0.361
6974,-0.2
6975,-0.027
6976,-0.134
6977,-0.178
6978,-0.098
6979,0.02
6980,-0.103
6981,-0.139
6982,-0.183
6983,-0.11
6984,-0.166
6985,-0.154
6986,-0.042
6987,-0.137
6988,-0.171
6989,-0.212
6990,-0.232
6991,-0.137
6992,-0.232
6993,-0.237
6994,0.059
6995,-0.122
6996,-0.203
6997,-0.022
6998,-0.132
6999,-0.09
7000,-0.032
7001,-0.059
7002,-0.054
7003,0.073
7004,-0.049
7005,0.1
7006,0.039
7007,-0.193
7008,0.137
7009,-0.068
7010,-0.444
7011,-0.076
7012,-0.129
7013,-0.376
7014,0.039
7015,-0.129
7016,-0.205
7017,0.059
7018,-0.249
7019,-0.305
7020,-0.154
7021,-0.229
7022,-0.183
7023,-0.034
7024,0.083
7025,-0.005
7026,-0.303
7027,-0.312
7028,0.071
7029,-0.085
7030,-0.103
7031,0.112
7032,-0.154
7033,-0.481
7034,-0.173
7035,-0.134
7036,-0.127
7037,-0.164
7038,-0.012
7039,-0.022
7040,-0.1
7041,0.0
7042,0.12
7043,-0.046
7044,-0.164
7045,-0.078
7046,-0.02
7047,-0.193
7048,-0.188
7049,-0.22
7050,-0.222
7051,-0.164
7052,-0.176
7053,-0.227
7054,0.081
7055,-0.195
7056,-0.137
7057,-0.225
7058,-0.229
7059,-0.112
7060,-0.015
7061,-0.205
7062,-0.107
7063,-0.012
7064,-0.205
7065,-0.261
7066,-0.11
7067,0.129
7068,0.037
7069,-0.264
7070,-0.222
7071,-0.039
7072,-0.146
7073,-0.151
7074,0.024
7075,-0.037
7076,-0.173
7077,-0.056
7078,-0.122
7079,-0.286
7080,-0.093
7081,0.066
7082,0.007
7083,-0.195
7084,-0.049
7085,-0.166
7086,-0.137
7087,0.168
7088,-0.251
7089,-0.264
7090,-0.098
7091,-0.056
7092,-0.117
7093,-0.203
7094,-0.386
7095,-0.173
7096,-0.159
7097,-0.063
7098,-0.017
7099,-0.291
7100,-0.295
7101,-0.405
7102,-0.193
7103,-0.171
7104,-0.127
7105,-0.208
7106,-0.1
7107,0.178
7108,-0.227
7109,-0.227
7110,-0.073
7111,0.01
7112,-0.244
7113,-0.295
7114,-0.042
7115,0.059
7116,-0.195
7117,-0.203
7118,0.005
7119,-0.32
7120,-0.122
7121,-0.002
7122,-0.142
7123,-0.066
7124,0.027
7125,-0.098
7126,-0.061
7127,-0.029
7128,-0.098
7129,-0.125
7130,-0.198
7131,-0.171
7132,-0.239
7133,-0.181
7134,-0.215
7135,-0.051
7136,-0.195
7137,-0.264
7138,-0.125
7139,-0.105
7140,-0.205
7141,-0.188
7142,-0.117
7143,-0.078
7144,-0.078
7145,-0.01
7146,-0.081
7147,0.017
7148,-0.178
7149,-0.007
7150,-0.095
7151,-0.186
7152,-0.183
7153,-0.039
7154,0.0
7155,0.002
7156,-0.112
7157,-0.144
7158,-0.198
7159,-0.247
7160,-0.171
7161,-0.088
7162,0.032
7163,-0.251
7164,-0.215
7165,-0.154
7166,-0.042
7167,0.068
7168,-0.068
7169,-0.103
7170,-0.2
7171,-0.083
7172,-0.12
7173,-0.044
7174,-0.21
7175,-0.178
7176,-0.007
7177,-0.19
7178,-0.193
7179,-0.11
7180,0.051
7181,-0.112
7182,-0.225
7183,-0.19
7184,-0.034
7185,-0.2
7186,-0.093
7187,0.032
7188,-0.159
7189,-0.181
7190,-0.024
7191,-0.107
7192,-0.332
7193,-0.234
7194,-0.259
7195,-0.2
7196,-0.278
7197,-0.081
7198,0.061
7199,-0.215
7200,-0.105
7201,-0.066
7202,-0.125
7203,-0.229
7204,0.09
7205,-0.046
7206,0.173
7207,-0.071
7208,-0.093
7209,0.017
7210,-0.107
7211,-0.093
7212,-0.088
7213,0.02
7214,-0.12
7215,-0.039
7216,-0.212
7217,-0.083
7218,-0.227
7219,-0.01
7220,-0.078
7221,-0.342
7222,-0.205
7223,-0.01
7224,-0.161
7225,-0.425
7226,-0.122
7227,-0.129
7228,0.056
7229,-0.012
7230,-0.203
7231,-0.264
7232,-0.259
7233,-0.051
7234,-0.017
7235,0.049
7236,-0.244
7237,-0.2
7238,-0.259
7239,-0.081
7240,-0.046
7241,-0.173
7242,-0.081
7243,0.024
7244,-0.103
7245,-0.181
7246,0.081
7247,-0.1
7248,-0.054
7249,-0.088
7250,0.005
7251,-0.178
7252,-0.234
7253,-0.134
7254,-0.215
7255,-0.273
7256,-0.273
7257,0.029
7258,-0.31
7259,-0.2
7260,-0.19
7261,-0.095
7262,0.083
7263,0.076
7264,-0.012
7265,-0.151
7266,-0.098
7267,-0.093
7268,0.027
7269,-0.146
7270,-0.271
7271,-0.051
7272,0.01
7273,-0.31
7274,-0.498
7275,-0.044
7276,-0.171
7277,0.042
7278,-0.137
7279,-0.117
7280,-0.183
7281,-0.107
7282,-0.286
7283,0.105
7284,0.171
7285,-0.159
7286,-0.049
7287,-0.068
7288,-0.09
7289,-0.051
7290,0.01
7291,-0.256
7292,-0.061
7293,-0.134
7294,-0.164
7295,-0.09
7296,-0.234
7297,-0.132
7298,-0.186
7299,-0.103
7300,-0.061
7301,0.059
7302,-0.232
7303,0.012
7304,-0.139
7305,-0.227
7306,0.049
7307,-0.09
7308,-0.144
7309,-0.205
7310,-0.046
7311,-0.2
7312,-0.107
7313,-0.286
7314,-0.164
7315,-0.225
7316,-0.205
7317,-0.217
7318,-0.144
7319,-0.098
7320,-0.203
7321,0.002
7322,-0.234
7323,0.078
7324,-0.017
7325,-0.149
7326,0.007
7327,0.081
7328,0.002
7329,-0.1
7330,0.149
7331,0.078
7332,-0.103
7333,-0.261
7334,0.0
7335,-0.229
7336,-0.286
7337,-0.149
7338,-0.222
7339,-0.081
7340,-0.183
7341,-0.125
7342,-0.081
7343,0.039
7344,0.015
7345,0.046
7346,-0.054
7347,-0.183
7348,-0.381
7349,-0.21
7350,0.037
7351,-0.122
7352,-0.203
7353,-0.203
7354,0.01
7355,-0.168
7356,-0.232
7357,-0.098
7358,-0.19
7359,-0.215
7360,-0.305
7361,0.027
7362,0.022
7363,-0.034
7364,-0.151
7365,0.051
7366,0.093
7367,-0.022
7368,-0.217
7369,-0.122
7370,0.125
7371,-0.144
7372,-0.068
7373,-0.107
7374,-0.115
7375,-0.256
7376,-0.225
7377,-0.264
7378,0.0
7379,-0.178
7380,-0.347
7381,0.0
7382,-0.325
7383,-0.149
7384,-0.227
7385,-0.098
7386,-0.098
7387,-0.11
7388,-0.208
7389,-0.127
7390,-0.349
7391,-0.342
7392,-0.056
7393,-0.173
7394,-0.1
7395,-0.151
7396,0.139
7397,-0.056
7398,-0.151
7399,-0.396
7400,0.083
7401,-0.186
7402,-0.291
7403,0.391
7404,0.144
7405,-0.093
7406,-0.291
7407,0.051
7408,0.178
7409,0.085
7410,-0.068
7411,-0.176
7412,-0.09
7413,-0.334
7414,-0.068
7415,-0.12
7416,-0.073
7417,-0.09
7418,-0.046
7419,-0.146
7420,-0.098
7421,-0.137
7422,-0.11
7423,0.049
7424,-0.205
7425,-0.217
7426,-0.251
7427,0.078
7428,0.01
7429,0.002
7430,-0.066
7431,0.042
7432,-0.193
7433,-0.403
7434,-0.088
7435,-0.083
7436,-0.088
7437,-0.183
7438,0.063
7439,-0.2
7440,-0.264
7441,-0.276
7442,-0.061
7443,-0.093
7444,-0.142
7445,-0.083
7446,-0.061
7447,-0.083
7448,-0.115
7449,0.054
7450,-0.134
7451,-0.139
7452,-0.032
7453,-0.134
7454,-0.117
7455,-0.146
7456,0.0
7457,-0.173
7458,-0.093
7459,-0.271
7460,-0.173
7461,-0.139
7462,-0.112
7463,-0.186
7464,-0.181
7465,-0.195
7466,-0.098
7467,0.015
7468,0.017
7469,0.049
7470,-0.2
7471,-0.156
7472,-0.002
7473,-0.039
7474,-0.117
7475,-0.171
7476,0.1
7477,-0.029
7478,-0.107
7479,-0.242
7480,0.093
7481,-0.256
7482,-0.286
7483,-0.076
7484,-0.12
7485,-0.256
7486,-0.022
7487,0.017
7488,-0.227
7489,0.007
7490,-0.01
7491,-0.015
7492,-0.085
7493,0.032
7494,-0.061
7495,-0.088
7496,-0.105
7497,-0.171
7498,-0.183
7499,-0.173
7500,0.01
7501,-0.137
7502,-0.034
7503,-0.149
7504,-0.227
7505,0.042
7506,-0.044
7507,-0.217
7508,-0.176
7509,-0.01
7510,-0.032
7511,0.059
7512,-0.044
7513,-0.093
7514,-0.156
7515,0.095
7516,-0.02
7517,-0.171
7518,-0.242
7519,-0.215
7520,-0.186
7521,-0.198
7522,-0.183
7523,-0.156
7524,-0.132
7525,-0.166
7526,-0.142
7527,-0.12
7528,-0.181
7529,0.012
7530,-0.159
7531,-0.083
7532,-0.085
7533,-0.051
7534,-0.193
7535,-0.129
7536,-0.142
7537,-0.176
7538,-0.159
7539,-0.11
7540,-0.103
7541,-0.122
7542,-0.198
7543,-0.237
7544,0.029
7545,-0.09
7546,-0.21
7547,-0.09
7548,-0.085
7549,-0.085
7550,-0.222
7551,-0.085
7552,-0.1
7553,0.032
7554,-0.215
7555,-0.09
7556,-0.002
7557,-0.029
7558,-0.134
7559,-0.1
7560,-0.293
7561,-0.425
7562,-0.146
7563,-0.073
7564,-0.105
7565,-0.039
7566,0.007
7567,-0.022
7568,0.002
7569,-0.044
7570,-0.088
7571,-0.024
7572,-0.085
7573,0.002
7574,0.044
7575,-0.032
7576,-0.176
7577,-0.142
7578,-0.068
7579,-0.129
7580,-0.166
7581,-0.212
7582,-0.205
7583,-0.222
7584,-0.083
7585,-0.144
7586,0.107
7587,-0.034
7588,-0.193
7589,-0.1
7590,-0.051
7591,-0.083
7592,-0.068
7593,-0.12
7594,-0.225
7595,-0.1
7596,-0.078
7597,-0.005
7598,-0.098
7599,-0.315
7600,-0.154
7601,-0.115
7602,-0.186
7603,-0.2
7604,-0.078
7605,-0.234
7606,-0.088
7607,-0.132
7608,-0.19
7609,-0.078
7610,-0.027
7611,0.081
7612,-0.088
7613,-0.203
7614,-0.032
7615,0.022
7616,-0.122
7617,-0.173
7618,-0.12
7619,0.037
7620,-0.073
7621,-0.22
7622,-0.11
7623,-0.005
7624,-0.134
7625,-0.076
7626,-0.017
7627,-0.093
7628,-0.161
7629,0.002
7630,0.012
7631,-0.09
7632,-0.269
7633,0.078
7634,0.078
7635,-0.034
7636,-0.12
7637,-0.173
7638,-0.352
7639,-0.171
7640,-0.115
7641,-0.115
7642,-0.098
7643,-0.266
7644,-0.234
7645,-0.237
7646,-0.249
7647,-0.056
7648,0.168
7649,-0.037
7650,0.002
7651,-0.237
7652,-0.054
7653,-0.029
7654,0.2
7655,-0.088
7656,-0.256
7657,-0.159
7658,-0.181
7659,0.037
7660,-0.095
7661,-0.146
7662,-0.088
7663,-0.007
7664,-0.195
7665,-0.098
7666,-0.027
7667,-0.166
7668,0.134
7669,-0.125
7670,-0.205
7671,-0.09
7672,-0.002
7673,-0.039
7674,-0.051
7675,-0.234
7676,-0.171
7677,-0.078
7678,-0.093
7679,-0.098
7680,-0.188
7681,-0.237
7682,-0.203
7683,-0.078
7684,-0.413
7685,-0.342
7686,0.0
7687,0.0
7688,0.09
7689,-0.066
7690,-0.022
7691,0.037
7692,0.168
7693,-0.032
7694,-0.144
7695,-0.22
7696,-0.088
7697,-0.024
7698,-0.09
7699,-0.049
7700,-0.125
7701,-0.046
7702,-0.217
7703,-0.21
7704,-0.146
7705,-0.015
7706,-0.078
7707,-0.063
7708,-0.249
7709,-0.168
7710,-0.02
7711,-0.02
7712,-0.115
7713,-0.146
7714,-0.022
7715,-0.083
7716,-0.193
7717,-0.244
7718,-0.186
7719,0.012
7720,-0.139
7721,-0.059
7722,-0.295
7723,-0.334
7724,-0.056
7725,-0.051
7726,-0.11
7727,0.012
7728,-0.085
7729,-0.061
7730,0.105
7731,-0.295
7732,-0.098
7733,0.024
7734,-0.081
7735,-0.071
7736,-0.032
7737,-0.134
7738,-0.195
7739,-0.107
7740,-0.083
7741,0.076
7742,-0.127
7743,-0.137
7744,-0.056
7745,-0.217
7746,-0.308
7747,-0.076
7748,-0.044
7749,-0.173
7750,-0.076
7751,-0.264
7752,-0.122
7753,-0.115
7754,-0.134
7755,-0.117
7756,0.024
7757,-0.227
7758,-0.3
7759,-0.059
7760,-0.281
7761,-0.173
7762,-0.149
7763,-0.349
7764,-0.208
7765,-0.139
7766,-0.137
7767,-0.352
7768,0.007
7769,-0.19
7770,0.037
7771,-0.071
7772,-0.056
7773,-0.027
7774,-0.078
7775,-0.369
7776,0.051
7777,-0.19
7778,-0.178
7779,0.071
7780,-0.168
7781,-0.127
7782,-0.11
7783,-0.215
7784,0.098
7785,0.042
7786,-0.295
7787,-0.132
7788,-0.107
7789,-0.129
7790,-0.078
7791,-0.227
7792,-0.156
7793,0.046
7794,-0.061
7795,-0.117
7796,0.137
7797,-0.237
7798,-0.105
7799,0.105
7800,-0.244
7801,-0.266
7802,-0.027
7803,-0.115
7804,-0.054
7805,-0.178
7806,-0.21
7807,0.0
7808,-0.198
7809,-0.193
7810,0.168
7811,-0.276
7812,-0.283
7813,0.051
7814,-0.098
7815,-0.198
7816,-0.015
7817,0.037
7818,-0.144
7819,-0.273
7820,-0.022
7821,0.198
7822,-0.117
7823,-0.127
7824,-0.081
7825,-0.029
7826,-0.208
7827,-0.132
7828,-0.098
7829,-0.076
7830,-0.012
7831,-0.129
7832,-0.2
7833,-0.164
7834,-0.085
7835,-0.2
7836,-0.098
7837,0.007
7838,-0.215
7839,-0.229
7840,-0.107
7841,0.029
7842,-0.249
7843,-0.217
7844,-0.11
7845,-0.066
7846,-0.166
7847,-0.212
7848,-0.115
7849,-0.044
7850,-0.032
7851,-0.002
7852,0.034
7853,-0.132
7854,-0.024
7855,-0.037
7856,-0.254
7857,-0.205
7858,-0.054
7859,-0.151
7860,-0.2
7861,-0.21
7862,-0.117
7863,-0.278
7864,-0.222
7865,-0.095
7866,-0.264
7867,-0.251
7868,-0.012
7869,-0.144
7870,-0.212
7871,-0.066
7872,-0.002
7873,-0.183
7874,-0.071
7875,-0.1
7876,0.005
7877,-0.117
7878,-0.11
7879,0.015
7880,0.022
7881,-0.381
7882,-0.212
7883,0.02
7884,-0.107
7885,-0.171
7886,-0.256
7887,-0.171
7888,-0.105
7889,-0.208
7890,-0.095
7891,0.105
7892,0.164
7893,-0.027
7894,-0.029
7895,-0.042
7896,0.078
7897,0.037
7898,0.015
7899,-0.029
7900,-0.015
7901,-0.146
7902,-0.046
7903,-0.012
7904,-0.435
7905,-0.303
7906,-0.173
7907,-0.176
7908,-0.21
7909,-0.308
7910,-0.051
7911,-0.159
7912,-0.288
7913,0.154
7914,0.01
7915,-0.249
7916,-0.242
7917,-0.171
7918,0.093
7919,-0.183
7920,-0.295
7921,-0.173
7922,-0.115
7923,-0.122
7924,0.039
7925,-0.02
7926,-0.212
7927,-0.024
7928,-0.276
7929,-0.122
7930,-0.098
7931,0.085
7932,-0.051
7933,-0.144
7934,-0.369
7935,0.012
7936,0.134
7937,-0.461
7938,-0.093
7939,0.088
7940,-0.322
7941,0.002
7942,0.166
7943,-0.193
7944,-0.156
7945,-0.354
7946,-0.137
7947,-0.098
7948,-0.334
7949,0.01
7950,-0.056
7951,-0.32
7952,-0.039
7953,0.042
7954,-0.225
7955,0.107
7956,0.061
7957,-0.247
7958,-0.071
7959,-0.005
7960,-0.5
7961,-0.227
7962,-0.293
7963,-0.376
7964,0.217
7965,-0.066
7966,-0.02
7967,-0.002
7968,-0.327
7969,0.132
7970,0.144
7971,-0.144
7972,-0.178
7973,0.076
7974,-0.117
7975,0.078
7976,-0.093
7977,-0.156
7978,-0.139
7979,-0.142
7980,-0.293
7981,-0.293
7982,-0.039
7983,-0.071
7984,-0.286
7985,-0.337
7986,-0.098
7987,-0.22
7988,-0.269
7989,0.017
7990,0.054
7991,-0.059
7992,-0.266
7993,-0.098
7994,-0.066
7995,0.032
7996,-0.164
7997,-0.105
7998,-0.149
7999,-0.063
8000,0.034
8001,-0.105
8002,-0.139
8003,-0.142
8004,-0.156
8005,-0.273
8006,-0.115
8007,-0.051
8008,-0.137
8009,-0.129
8010,-0.178
8011,-0.212
8012,-0.156
8013,0.107
8014,0.083
8015,-0.002
8016,-0.183
8017,0.19
8018,0.139
8019,-0.339
8020,-0.237
8021,-0.044
8022,-0.127
8023,-0.237
8024,-0.034
8025,-0.354
8026,-0.254
8027,0.017
8028,-0.332
8029,-0.366
8030,-0.217
8031,-0.178
8032,-0.063
8033,-0.071
8034,-0.308
8035,-0.107
8036,-0.256
8037,-0.103
8038,0.161
8039,0.032
8040,-0.12
8041,-0.266
8042,-0.112
8043,-0.264
8044,0.037
8045,-0.156
8046,-0.244
8047,-0.327
8048,0.022
8049,0.339
8050,-0.215
8051,-0.139
8052,0.093
8053,-0.105
8054,-0.105
8055,0.154
8056,0.002
8057,-0.149
8058,0.098
8059,-0.203
8060,-0.073
8061,-0.112
8062,0.002
8063,-0.19
8064,-0.012
8065,-0.364
8066,-0.256
8067,-0.283
8068,-0.225
8069,-0.017
8070,-0.225
8071,-0.337
8072,-0.151
8073,0.012
8074,-0.208
8075,0.015
8076,-0.01
8077,-0.078
8078,-0.166
8079,-0.232
8080,-0.022
8081,-0.037
8082,-0.161
8083,-0.332
8084,-0.042
8085,-0.095
8086,-0.012
8087,-0.249
8088,-0.188
8089,-0.007
8090,-0.01
8091,-0.1
8092,0.0
8093,0.066
8094,-0.286
8095,-0.017
8096,0.017
8097,-0.037
8098,-0.205
8099,-0.088
8100,-0.12
8101,-0.149
8102,-0.173
8103,-0.266
8104,-0.002
8105,-0.273
8106,-0.366
8107,-0.186
8108,-0.151
8109,-0.405
8110,-0.156
8111,-0.024
8112,-0.054
8113,0.103
8114,-0.029
8115,0.088
8116,-0.11
8117,-0.117
8118,-0.012
8119,0.137
8120,-0.195
8121,-0.264
8122,-0.266
8123,-0.156
8124,-0.171
8125,-0.234
8126,-0.081
8127,-0.146
8128,-0.2
8129,-0.286
8130,-0.234
8131,-0.251
8132,-0.256
8133,-0.076
8134,-0.183
8135,0.081
8136,0.042
8137,-0.095
8138,-0.098
8139,0.066
8140,0.007
8141,-0.044
8142,-0.01
8143,-0.159
8144,-0.088
8145,-0.117
8146,-0.081
8147,-0.076
8148,-0.085
8149,-0.176
8150,-0.166
8151,-0.188
8152,-0.071
8153,-0.09
8154,0.046
8155,0.081
8156,-0.242
8157,-0.1
8158,-0.032
8159,-0.137
8160,0.063
8161,-0.051
8162,-0.09
8163,-0.056
8164,-0.107
8165,-0.049
8166,-0.2
8167,-0.227
8168,-0.02
8169,-0.198
8170,-0.193
8171,-0.139
8172,-0.098
8173,-0.129
8174,-0.112
8175,-0.083
8176,-0.171
8177,-0.281
8178,-0.105
8179,0.161
8180,-0.154
8181,0.017
8182,-0.073
8183,-0.21
8184,0.066
8185,0.071
8186,-0.286
8187,-0.125
8188,0.066
8189,-0.242
8190,-0.144
8191,-0.173
8192,-0.168
8193,-0.002
8194,-0.112
8195,-0.308
8196,-0.125
8197,-0.449
8198,-0.212
8199,0.159
8200,-0.232
8201,-0.117
8202,-0.059
8203,-0.269
8204,0.005
8205,-0.083
8206,-0.42
8207,0.049
8208,-0.017
8209,-0.334
8210,0.017
8211,-0.449
8212,-0.383
8213,-0.02
8214,-0.142
8215,-0.195
8216,0.19
8217,-0.239
8218,-0.076
8219,0.193
8220,-0.151
8221,0.071
8222,0.095
8223,-0.122
8224,-0.068
8225,-0.137
8226,-0.43
8227,-0.012
8228,-0.1
8229,-0.144
8230,-0.02
8231,-0.022
8232,-0.215
8233,-0.32
8234,-0.217
8235,-0.332
8236,-0.066
8237,-0.178
8238,-0.125
8239,0.022
8240,-0.183
8241,-0.066
8242,-0.044
8243,-0.042
8244,-0.283
8245,-0.269
8246,-0.332
8247,-0.112
8248,0.022
8249,-0.181
8250,-0.249
8251,-0.22
8252,-0.063
8253,0.01
8254,0.151
8255,-0.115
8256,0.176
8257,-0.034
8258,-0.059
8259,-0.056
8260,-0.212
8261,-0.098
8262,-0.034
8263,-0.007
8264,-0.193
8265,0.022
8266,-0.393
8267,-0.215
8268,0.042
8269,-0.024
8270,-0.137
8271,-0.098
8272,-0.156
8273,-0.229
8274,-0.134
8275,-0.144
8276,0.078
8277,-0.244
8278,-0.227
8279,-0.059
8280,-0.115
8281,-0.029
8282,-0.183
8283,-0.251
8284,-0.195
8285,0.029
8286,-0.251
8287,-0.107
8288,-0.2
8289,-0.208
8290,-0.317
8291,-0.269
8292,-0.146
8293,-0.188
8294,-0.125
8295,-0.237
8296,0.032
8297,-0.144
8298,-0.132
8299,-0.059
8300,0.078
8301,-0.085
8302,-0.132
8303,-0.015
8304,-0.085
8305,-0.078
8306,-0.181
8307,-0.127
8308,-0.159
8309,-0.183
8310,-0.186
8311,-0.073
8312,-0.029
8313,-0.142
8314,-0.039
8315,-0.054
8316,-0.176
8317,-0.286
8318,0.105
8319,-0.134
8320,-0.071
8321,-0.291
8322,-0.181
8323,-0.051
8324,-0.305
8325,-0.129
8326,-0.146
8327,-0.144
8328,-0.308
8329,-0.088
8330,-0.269
8331,-0.291
8332,0.09
8333,-0.1
8334,-0.039
8335,-0.139
8336,-0.032
8337,-0.203
8338,0.051
8339,-0.137
8340,-0.227
8341,-0.156
8342,-0.146
8343,-0.117
8344,-0.203
8345,-0.051
8346,-0.139
8347,-0.083
8348,-0.1
8349,-0.063
8350,-0.347
8351,-0.232
8352,-0.046
8353,-0.198
8354,-0.078
8355,0.012
8356,-0.125
8357,-0.303
8358,-0.115
8359,-0.203
8360,-0.056
8361,-0.166
8362,-0.21
8363,-0.154
8364,-0.181
8365,-0.02
8366,-0.19
8367,-0.176
8368,-0.291
8369,-0.081
8370,0.039
8371,-0.09
8372,-0.107
8373,-0.115
8374,-0.032
8375,-0.061
8376,-0.061
8377,-0.1
8378,0.049
8379,-0.11
8380,0.0
8381,-0.066
8382,-0.01
8383,-0.103
8384,-0.205
8385,-0.105
8386,-0.132
8387,-0.127
8388,-0.137
8389,-0.015
8390,-0.237
8391,-0.146
8392,-0.149
8393,-0.298
8394,-0.176
8395,-0.107
8396,-0.166
8397,-0.156
8398,-0.032
8399,-0.33
8400,-0.059
8401,-0.095
8402,-0.083
8403,-0.115
8404,-0.049
8405,-0.151
8406,-0.361
8407,-0.22
8408,-0.215
8409,-0.129
8410,-0.227
8411,-0.1
8412,-0.195
8413,-0.137
8414,-0.137
8415,-0.112
8416,-0.015
8417,-0.146
8418,0.115
8419,0.012
8420,-0.059
8421,-0.225
8422,0.171
8423,-0.264
8424,-0.288
8425,-0.037
8426,-0.002
8427,-0.164
8428,-0.164
8429,-0.122
8430,0.02
8431,0.024
8432,-0.259
8433,-0.09
8434,-0.103
8435,-0.171
8436,-0.02
8437,-0.049
8438,-0.193
8439,-0.227
8440,-0.02
8441,-0.171
8442,-0.105
8443,-0.134
8444,-0.015
8445,-0.056
8446,-0.083
8447,-0.127
8448,-0.115
8449,-0.186
8450,-0.271
8451,-0.076
8452,-0.105
8453,-0.056
8454,-0.183
8455,-0.09
8456,-0.269
8457,-0.364
8458,-0.085
8459,-0.129
8460,-0.222
8461,0.0
8462,0.173
8463,-0.205
8464,-0.02
8465,-0.291
8466,0.002
8467,-0.212
8468,-0.068
8469,-0.015
8470,-0.337
8471,-0.125
8472,-0.039
8473,0.088
8474,-0.085
8475,-0.039
8476,-0.151
8477,-0.232
8478,-0.344
8479,0.012
8480,-0.134
8481,-0.283
8482,-0.21
8483,-0.112
8484,-0.188
8485,-0.215
8486,0.034
8487,-0.2
8488,-0.112
8489,-0.044
8490,-0.107
8491,-0.076
8492,-0.195
8493,-0.049
8494,0.11
8495,-0.068
8496,-0.481
8497,0.034
8498,-0.002
8499,-0.203
8500,0.029
8501,-0.015
8502,0.037
8503,-0.112
8504,-0.103
8505,-0.303
8506,0.105
8507,-0.181
8508,-0.081
8509,-0.178
8510,-0.261
8511,-0.166
8512,-0.137
8513,-0.237
8514,-0.317
8515,-0.005
8516,-0.356
8517,-0.054
8518,-0.303
8519,-0.015
8520,-0.012
8521,-0.09
8522,-0.002
8523,-0.122
8524,0.151
8525,-0.044
8526,-0.024
8527,-0.22
8528,-0.142
8529,-0.2
8530,-0.21
8531,-0.112
8532,-0.078
8533,-0.222
8534,-0.305
8535,0.034
8536,-0.098
8537,-0.081
8538,-0.181
8539,-0.122
8540,0.046
8541,0.063
8542,-0.12
8543,-0.122
8544,0.007
8545,-0.232
8546,-0.046
8547,-0.127
8548,-0.208
8549,-0.19
8550,0.073
8551,-0.217
8552,-0.2
8553,-0.037
8554,-0.129
8555,-0.015
8556,-0.215
8557,-0.088
8558,-0.112
8559,-0.19
8560,-0.146
8561,0.049
8562,-0.173
8563,-0.212
8564,0.093
8565,-0.168
8566,-0.103
8567,-0.164
8568,-0.054
8569,-0.085
8570,-0.017
8571,-0.271
8572,-0.034
8573,-0.188
8574,-0.369
8575,-0.037
8576,0.039
8577,-0.068
8578,-0.134
8579,-0.012
8580,-0.105
8581,-0.005
8582,-0.22
8583,-0.154
8584,-0.063
8585,-0.12
8586,-0.034
8587,-0.198
8588,-0.024
8589,-0.01
8590,-0.107
8591,-0.225
8592,0.042
8593,-0.032
8594,-0.127
8595,-0.127
8596,-0.195
8597,-0.22
8598,-0.066
8599,-0.081
8600,-0.171
8601,-0.105
8602,-0.215
8603,-0.103
8604,-0.178
8605,-0.166
8606,-0.029
8607,-0.071
8608,-0.017
8609,-0.129
8610,-0.293
8611,-0.298
8612,0.044
8613,-0.198
8614,-0.178
8615,-0.249
8616,-0.232
8617,-0.242
8618,-0.276
8619,-0.049
8620,-0.095
8621,-0.134
8622,-0.178
8623,0.073
8624,-0.115
8625,-0.129
8626,-0.171
8627,-0.022
8628,-0.098
8629,-0.232
8630,0.007
8631,0.02
8632,-0.02
8633,-0.127
8634,-0.02
8635,-0.068
8636,-0.046
8637,-0.229
8638,-0.073
8639,-0.007
8640,-0.198
8641,-0.063
8642,-0.134
8643,-0.01
8644,-0.105
8645,-0.066
8646,-0.061
8647,-0.059
8648,0.042
8649,-0.127
8650,-0.151
8651,-0.173
8652,0.015
8653,-0.186
8654,-0.122
8655,-0.139
8656,-0.066
8657,-0.271
8658,-0.298
8659,-0.105
8660,0.0
8661,0.017
8662,-0.259
8663,-0.21
8664,-0.1
8665,0.151
8666,0.134
8667,-0.027
8668,-0.225
8669,-0.076
8670,0.073
8671,0.002
8672,0.002
8673,-0.249
8674,-0.024
8675,-0.02
8676,-0.225
8677,-0.322
8678,-0.042
8679,-0.159
8680,-0.122
8681,0.095
8682,-0.132
8683,-0.203
8684,-0.134
8685,0.015
8686,-0.044
8687,-0.066
8688,0.022
8689,0.015
8690,-0.159
8691,-0.193
8692,0.051
8693,-0.061
8694,0.015
8695,-0.159
8696,-0.156
8697,-0.234
8698,0.078
8699,-0.242
8700,-0.1
8701,-0.117
8702,-0.269
8703,-0.122
8704,-0.229
8705,-0.178
8706,-0.098
8707,-0.005
8708,-0.037
8709,-0.044
8710,-0.12
8711,-0.22
8712,-0.098
8713,-0.098
8714,0.039
8715,-0.227
8716,-0.115
8717,-0.151
8718,-0.178
8719,-0.21
8720,-0.151
8721,-0.259
8722,-0.264
8723,-0.1
8724,-0.11
8725,-0.203
8726,-0.183
8727,0.015
8728,-0.002
8729,-0.129
8730,-0.117
8731,-0.21
8732,-0.193
8733,-0.073
8734,-0.139
8735,-0.227
8736,-0.103
8737,-0.156
8738,-0.166
8739,-0.144
8740,-0.11
8741,-0.208
8742,-0.144
8743,0.012
8744,-0.105
8745,-0.061
8746,-0.273
8747,-0.161
8748,0.027
8749,-0.142
8750,-0.134
8751,0.132
8752,-0.161
8753,-0.276
8754,-0.232
8755,-0.068
8756,0.117
8757,-0.271
8758,-0.239
8759,-0.159
8760,-0.117
8761,-0.337
8762,-0.215
8763,-0.073
8764,-0.09
8765,-0.21
8766,-0.237
8767,0.027
8768,-0.115
8769,-0.095
8770,-0.115
8771,0.017
8772,-0.212
8773,-0.281
8774,-0.054
8775,-0.002
8776,-0.09
8777,-0.183
8778,-0.139
8779,-0.11
8780,-0.076
8781,-0.239
8782,-0.33
8783,-0.188
8784,-0.085
8785,-0.01
8786,0.037
8787,-0.015
8788,-0.188
8789,-0.154
8790,0.024
8791,-0.032
8792,-0.212
8793,-0.12
8794,-0.127
8795,-0.012
8796,-0.005
8797,0.015
8798,0.088
8799,-0.115
8800,-0.198
8801,-0.203
8802,-0.076
8803,-0.181
8804,-0.337
8805,-0.083
8806,-0.19
8807,-0.19
8808,-0.173
8809,-0.149
8810,-0.117
8811,-0.037
8812,-0.225
8813,-0.085
8814,-0.12
8815,-0.222
8816,-0.352
8817,-0.242
8818,-0.068
8819,-0.19
8820,-0.264
8821,-0.251
8822,-0.032
8823,-0.186
8824,-0.261
8825,-0.132
8826,0.012
8827,-0.103
8828,-0.176
8829,0.024
8830,0.005
8831,0.056
8832,0.02
8833,0.193
8834,-0.149
8835,-0.227
8836,-0.137
8837,-0.061
8838,-0.151
8839,-0.254
8840,-0.244
8841,-0.203
8842,-0.012
8843,-0.259
8844,-0.247
8845,-0.186
8846,0.044
8847,-0.046
8848,-0.083
8849,-0.112
8850,-0.063
8851,-0.037
8852,-0.027
8853,0.115
8854,-0.195
8855,-0.264
8856,-0.122
8857,0.017
8858,-0.171
8859,-0.142
8860,-0.112
8861,-0.181
8862,-0.176
8863,-0.105
8864,0.042
8865,-0.215
8866,-0.171
8867,-0.002
8868,-0.176
8869,-0.371
8870,-0.051
8871,0.134
8872,-0.049
8873,-0.117
8874,-0.161
8875,0.071
8876,-0.061
8877,-0.186
8878,-0.203
8879,-0.061
8880,-0.09
8881,-0.144
8882,-0.198
8883,-0.232
8884,-0.022
8885,-0.024
8886,-0.049
8887,-0.21
8888,-0.166
8889,-0.032
8890,0.046
8891,-0.066
8892,-0.132
8893,-0.032
8894,0.007
8895,-0.015
8896,-0.134
8897,-0.134
8898,-0.073
8899,-0.044
8900,-0.208
8901,-0.159
8902,-0.088
8903,-0.188
8904,-0.137
8905,-0.205
8906,-0.051
8907,-0.085
8908,0.039
8909,0.01
8910,-0.039
8911,-0.129
8912,-0.103
8913,-0.027
8914,-0.154
8915,-0.264
8916,-0.305
8917,-0.205
8918,-0.212
8919,-0.029
8920,-0.085
8921,-0.083
8922,-0.137
8923,-0.044
8924,-0.139
8925,-0.188
8926,-0.073
8927,-0.383
8928,-0.229
8929,-0.066
8930,-0.154
8931,-0.239
8932,-0.073
8933,-0.083
8934,-0.037
8935,-0.151
8936,-0.168
8937,0.122
8938,-0.071
8939,-0.046
8940,0.0
8941,-0.056
8942,-0.056
8943,-0.127
8944,-0.251
8945,-0.249
8946,-0.266
8947,-0.178
8948,0.002
8949,-0.173
8950,-0.02
8951,0.071
8952,-0.11
8953,-0.22
8954,-0.12
8955,-0.063
8956,-0.002
8957,0.078
8958,-0.107
8959,-0.12
8960,0.049
8961,-0.095
8962,-0.112
8963,-0.217
8964,-0.098
8965,0.017
8966,0.056
8967,-0.322
8968,-0.222
8969,-0.032
8970,-0.117
8971,-0.039
8972,-0.088
8973,-0.146
8974,0.154
8975,0.117
8976,-0.137
8977,-0.208
8978,-0.339
8979,0.005
8980,0.144
8981,-0.259
8982,-0.481
8983,-0.181
8984,-0.042
8985,-0.095
8986,0.002
8987,0.129
8988,0.073
8989,0.02
8990,0.098
8991,-0.337
8992,-0.398
8993,-0.107
8994,0.081
8995,0.161
8996,-0.056
8997,-0.181
8998,-0.195
8999,0.168
9000,-0.081
9001,-0.117
9002,-0.012
9003,-0.02
9004,-0.269
9005,-0.227
9006,-0.01
9007,-0.193
9008,-0.159
9009,-0.203
9010,-0.081
9011,-0.195
9012,-0.19
9013,0.054
9014,0.127
9015,-0.032
9016,-0.068
9017,0.0
9018,-0.156
9019,-0.139
9020,-0.12
9021,-0.007
9022,-0.139
9023,-0.171
9024,-0.144
9025,-0.181
9026,-0.137
9027,-0.054
9028,-0.059
9029,-0.12
9030,-0.132
9031,-0.078
9032,0.049
9033,-0.198
9034,-0.107
9035,-0.139
9036,0.046
9037,0.002
9038,-0.098
9039,-0.044
9040,0.098
9041,-0.046
9042,-0.049
9043,0.115
9044,-0.081
9045,-0.188
9046,-0.125
9047,-0.081
9048,-0.066
9049,-0.234
9050,-0.127
9051,-0.002
9052,0.0
9053,-0.234
9054,-0.344
9055,-0.151
9056,0.051
9057,-0.02
9058,-0.154
9059,-0.168
9060,-0.298
9061,-0.115
9062,-0.027
9063,0.005
9064,-0.173
9065,-0.154
9066,-0.01
9067,0.01
9068,-0.063
9069,-0.2
9070,-0.103
9071,-0.005
9072,-0.083
9073,-0.208
9074,-0.073
9075,-0.129
9076,-0.037
9077,-0.139
9078,-0.063
9079,-0.176
9080,-0.061
9081,-0.154
9082,-0.159
9083,-0.22
9084,-0.061
9085,-0.098
9086,-0.22
9087,-0.017
9088,-0.063
9089,-0.027
9090,-0.078
9091,0.01
9092,-0.137
9093,-0.19
9094,-0.159
9095,-0.178
9096,-0.117
9097,-0.105
9098,-0.095
9099,-0.225
9100,-0.264
9101,-0.254
9102,-0.076
9103,-0.125
9104,-0.085
9105,-0.159
9106,-0.132
9107,-0.085
9108,-0.134
9109,0.022
9110,-0.115
9111,-0.195
9112,-0.049
9113,-0.022
9114,-0.081
9115,0.0
9116,-0.073
9117,-0.137
9118,-0.039
9119,-0.007
9120,-0.144
9121,-0.239
9122,-0.203
9123,-0.076
9124,-0.139
9125,-0.129
9126,0.105
9127,-0.239
9128,-0.144
9129,-0.059
9130,-0.112
9131,0.171
9132,-0.183
9133,-0.405
9134,-0.137
9135,-0.242
9136,-0.149
9137,0.029
9138,-0.256
9139,-0.2
9140,0.117
9141,-0.264
9142,-0.098
9143,-0.061
9144,-0.166
9145,-0.037
9146,-0.183
9147,-0.254
9148,-0.051
9149,0.017
9150,-0.142
9151,-0.076
9152,-0.034
9153,-0.107
9154,-0.137
9155,-0.105
9156,-0.117
9157,-0.195
9158,-0.222
9159,-0.166
9160,-0.134
9161,-0.151
9162,-0.19
9163,-0.22
9164,-0.115
9165,-0.105
9166,-0.034
9167,-0.186
9168,-0.195
9169,0.01
9170,-0.107
9171,-0.161
9172,0.017
9173,-0.203
9174,-0.193
9175,-0.042
9176,-0.107
9177,-0.198
9178,-0.254
9179,-0.276
9180,-0.186
9181,-0.33
9182,-0.278
9183,-0.032
9184,-0.005
9185,-0.317
9186,-0.271
9187,-0.193
9188,0.095
9189,-0.225
9190,-0.234
9191,-0.042
9192,0.073
9193,-0.017
9194,-0.032
9195,-0.127
9196,-0.039
9197,0.054
9198,-0.205
9199,-0.205
9200,-0.095
9201,-0.139
9202,-0.11
9203,-0.083
9204,-0.312
9205,-0.171
9206,-0.142
9207,-0.283
9208,-0.1
9209,-0.437
9210,-0.308
9211,-0.051
9212,0.098
9213,-0.049
9214,-0.112
9215,-0.176
9216,-0.054
9217,0.024
9218,-0.203
9219,-0.081
9220,0.085
9221,0.166
9222,-0.059
9223,-0.076
9224,-0.322
9225,-0.151
9226,0.027
9227,-0.264
9228,-0.156
9229,-0.183
9230,-0.1
9231,-0.168
9232,-0.059
9233,-0.129
9234,-0.142
9235,0.088
9236,0.19
9237,-0.137
9238,-0.195
9239,0.09
9240,-0.134
9241,-0.151
9242,-0.002
9243,0.02
9244,-0.161
9245,-0.083
9246,-0.291
9247,-0.125
9248,-0.037
9249,-0.239
9250,-0.149
9251,-0.061
9252,-0.105
9253,-0.186
9254,-0.051
9255,-0.266
9256,0.063
9257,-0.022
9258,-0.166
9259,-0.132
9260,-0.33
9261,-0.249
9262,-0.146
9263,-0.115
9264,-0.22
9265,-0.208
9266,-0.195
9267,0.039
9268,-0.132
9269,-0.19
9270,0.01
9271,-0.088
9272,-0.037
9273,-0.322
9274,-0.063
9275,0.068
9276,-0.022
9277,-0.242
9278,-0.11
9279,-0.051
9280,-0.276
9281,-0.164
9282,-0.134
9283,-0.027
9284,-0.149
9285,-0.244
9286,-0.374
9287,-0.117
9288,-0.273
9289,-0.276
9290,-0.098
9291,-0.117
9292,-0.188
9293,-0.193
9294,0.046
9295,0.02
9296,-0.107
9297,-0.232
9298,-0.11
9299,-0.242
9300,-0.239
9301,-0.076
9302,-0.078
9303,0.007
9304,-0.225
9305,-0.269
9306,-0.024
9307,-0.081
9308,-0.176
9309,-0.078
9310,-0.024
9311,-0.078
9312,0.066
9313,-0.056
9314,0.049
9315,-0.247
9316,-0.244
9317,-0.005
9318,0.137
9319,-0.205
9320,-0.122
9321,-0.181
9322,-0.168
9323,0.015
9324,-0.095
9325,-0.125
9326,-0.239
9327,-0.264
9328,-0.183
9329,-0.132
9330,-0.144
9331,-0.039
9332,-0.022
9333,-0.037
9334,-0.1
9335,-0.166
9336,-0.146
9337,-0.029
9338,-0.059
9339,-0.183
9340,-0.049
9341,-0.234
9342,-0.391
9343,-0.078
9344,0.129
9345,-0.056
9346,-0.144
9347,-0.195
9348,-0.188
9349,0.029
9350,-0.183
9351,0.007
9352,-0.071
9353,-0.081
9354,-0.054
9355,-0.085
9356,-0.107
9357,-0.056
9358,-0.063
9359,-0.059
9360,-0.007
9361,-0.181
9362,-0.085
9363,0.027
9364,-0.139
9365,-0.139
9366,-0.161
9367,0.022
9368,-0.056
9369,-0.088
9370,-0.166
9371,-0.063
9372,-0.11
9373,-0.125
9374,-0.071
9375,-0.173
9376,-0.066
9377,-0.046
9378,-0.039
9379,-0.298
9380,-0.029
9381,-0.132
9382,-0.164
9383,-0.039
9384,-0.103
9385,-0.005
9386,-0.044
9387,-0.154
9388,0.059
9389,-0.017
9390,-0.164
9391,-0.142
9392,-0.051
9393,-0.037
9394,-0.037
9395,-0.332
9396,0.044
9397,0.105
9398,-0.098
9399,-0.059
9400,0.037
9401,-0.161
9402,-0.125
9403,-0.076
9404,-0.088
9405,0.105
9406,-0.083
9407,-0.298
9408,-0.046
9409,0.034
9410,-0.103
9411,-0.012
9412,0.02
9413,-0.146
9414,-0.032
9415,-0.166
9416,-0.125
9417,-0.134
9418,-0.156
9419,-0.283
9420,-0.195
9421,-0.159
9422,-0.1
9423,-0.225
9424,-0.256
9425,-0.085
9426,0.007
9427,-0.134
9428,-0.107
9429,0.125
9430,0.059
9431,-0.127
9432,-0.129
9433,-0.081
9434,-0.161
9435,-0.103
9436,-0.139
9437,-0.159
9438,-0.042
9439,-0.012
9440,-0.127
9441,-0.073
9442,-0.112
9443,-0.168
9444,0.054
9445,-0.024
9446,-0.151
9447,-0.132
9448,-0.071
9449,-0.051
9450,-0.12
9451,-0.21
9452,-0.078
9453,0.098
9454,-0.059
9455,-0.071
9456,-0.1
9457,0.024
9458,-0.139
9459,-0.12
9460,-0.103
9461,-0.037
9462,-0.164
9463,-0.183
9464,-0.125
9465,-0.105
9466,-0.22
9467,0.027
9468,0.071
9469,-0.193
9470,-0.059
9471,0.005
9472,-0.073
9473,-0.049
9474,0.09
9475,-0.142
9476,-0.134
9477,-0.232
9478,-0.015
9479,0.112
9480,-0.103
9481,-0.034
9482,0.037
9483,-0.137
9484,-0.269
9485,-0.105
9486,-0.132
9487,-0.149
9488,-0.281
9489,-0.415
9490,0.095
9491,-0.193
9492,-0.251
9493,-0.266
9494,0.117
9495,0.0
9496,-0.261
9497,-0.293
9498,-0.037
9499,0.032
9500,-0.042
9501,-0.095
9502,-0.034
9503,-0.293
9504,-0.195
9505,-0.103
9506,-0.166
9507,-0.159
9508,-0.205
9509,-0.195
9510,0.024
9511,-0.168
9512,-0.127
9513,-0.012
9514,-0.193
9515,-0.132
9516,0.107
9517,-0.139
9518,-0.166
9519,0.022
9520,0.095
9521,-0.066
9522,-0.046
9523,-0.325
9524,-0.225
9525,0.068
9526,-0.039
9527,-0.227
9528,-0.215
9529,-0.083
9530,-0.032
9531,-0.122
9532,-0.166
9533,-0.161
9534,0.02
9535,-0.239
9536,-0.305
9537,-0.103
9538,-0.247
9539,-0.139
9540,-0.098
9541,-0.435
9542,-0.361
9543,-0.032
9544,0.073
9545,0.063
9546,-0.493
9547,-0.317
9548,0.081
9549,-0.159
9550,-0.312
9551,0.098
9552,-0.039
9553,-0.222
9554,-0.022
9555,0.156
9556,-0.095
9557,-0.071
9558,-0.144
9559,-0.081
9560,-0.083
9561,-0.1
9562,-0.044
9563,0.117
9564,-0.088
9565,-0.193
9566,-0.291
9567,-0.266
9568,-0.183
9569,-0.156
9570,-0.151
9571,-0.151
9572,-0.085
9573,-0.054
9574,-0.085
9575,-0.232
9576,-0.159
9577,-0.071
9578,-0.042
9579,0.007
9580,-0.139
9581,-0.188
9582,-0.127
9583,-0.029
9584,-0.085
9585,-0.171
9586,-0.149
9587,-0.33
9588,-0.31
9589,-0.125
9590,-0.161
9591,-0.31
9592,-0.286
9593,-0.139
9594,-0.139
9595,-0.098
9596,-0.115
9597,0.015
9598,0.046
9599,0.105
9600,-0.034
9601,0.085
9602,-0.02
9603,-0.107
9604,-0.12
9605,-0.012
9606,-0.01
9607,-0.11
9608,-0.205
9609,-0.071
9610,-0.078
9611,-0.227
9612,-0.176
9613,-0.217
9614,-0.22
9615,-0.229
9616,-0.066
9617,-0.002
9618,-0.308
9619,-0.273
9620,-0.183
9621,-0.12
9622,-0.178
9623,-0.112
9624,-0.1
9625,-0.093
9626,-0.288
9627,-0.129
9628,-0.059
9629,-0.09
9630,-0.117
9631,-0.081
9632,-0.127
9633,-0.129
9634,-0.083
9635,0.068
9636,-0.068
9637,-0.02
9638,-0.178
9639,-0.017
9640,-0.024
9641,-0.22
9642,-0.017
9643,-0.1
9644,-0.034
9645,-0.02
9646,0.044
9647,-0.166
9648,-0.151
9649,-0.122
9650,0.059
9651,-0.085
9652,-0.251
9653,-0.017
9654,0.017
9655,-0.095
9656,-0.154
9657,-0.02
9658,-0.112
9659,-0.017
9660,0.029
9661,-0.266
9662,-0.278
9663,-0.059
9664,-0.139
9665,-0.168
9666,-0.186
9667,-0.142
9668,-0.105
9669,-0.151
9670,-0.227
9671,-0.195
9672,-0.098
9673,-0.071
9674,-0.181
9675,-0.081
9676,-0.039
9677,-0.049
9678,-0.063
9679,0.017
9680,-0.159
9681,-0.183
9682,0.027
9683,-0.188
9684,-0.305
9685,-0.166
9686,0.032
9687,-0.059
9688,-0.217
9689,-0.203
9690,-0.105
9691,-0.127
9692,-0.1
9693,0.0
9694,0.164
9695,-0.168
9696,-0.356
9697,0.254
9698,0.024
9699,0.024
9700,-0.044
9701,-0.259
9702,-0.173
9703,-0.273
9704,-0.281
9705,-0.239
9706,-0.076
9707,-0.22
9708,-0.208
9709,-0.337
9710,-0.361
9711,-0.068
9712,0.032
9713,-0.037
9714,0.029
9715,-0.251
9716,-0.259
9717,-0.081
9718,0.022
9719,-0.012
9720,-0.093
9721,-0.156
9722,-0.044
9723,-0.273
9724,-0.151
9725,0.171
9726,0.098
9727,-0.286
9728,-0.261
9729,-0.173
9730,-0.181
9731,-0.112
9732,-0.195
9733,-0.232
9734,-0.166
9735,-0.161
9736,-0.01
9737,0.037
9738,-0.352
9739,-0.188
9740,0.166
9741,0.168
9742,-0.19
9743,-0.181
9744,-0.269
9745,-0.161
9746,-0.247
9747,-0.205
9748,-0.017
9749,-0.273
9750,-0.254
9751,-0.273
9752,-0.5
9753,-0.386
9754,0.085
9755,0.061
9756,0.068
9757,-0.078
9758,-0.205
9759,0.095
9760,0.056
9761,-0.149
9762,-0.01
9763,0.142
9764,-0.049
9765,-0.205
9766,-0.183
9767,0.081
9768,0.037
9769,-0.339
9770,-0.188
9771,-0.09
9772,-0.176
9773,-0.132
9774,-0.161
9775,-0.178
9776,-0.105
9777,0.024
9778,-0.063
9779,-0.146
9780,-0.12
9781,0.046
9782,0.054
9783,-0.01
9784,0.046
9785,-0.027
9786,-0.127
9787,-0.159
9788,-0.115
9789,-0.276
9790,-0.12
9791,-0.21
9792,-0.1
9793,-0.208
9794,-0.115
9795,-0.115
9796,-0.049
9797,-0.01
9798,-0.088
9799,-0.071
9800,-0.034
9801,0.059
9802,-0.229
9803,0.19
9804,-0.093
9805,-0.098
9806,0.01
9807,-0.071
9808,-0.242
9809,-0.227
9810,-0.127
9811,-0.178
9812,-0.227
9813,-0.225
9814,0.034
9815,0.066
9816,-0.029
9817,0.039
9818,-0.2
9819,-0.247
9820,0.042
9821,0.183
9822,-0.112
9823,-0.049
9824,-0.283
9825,-0.234
9826,-0.088
9827,-0.134
9828,-0.237
9829,-0.212
9830,-0.125
9831,0.0
9832,-0.039
9833,-0.195
9834,0.015
9835,-0.171
9836,-0.103
9837,0.051
9838,-0.132
9839,-0.081
9840,-0.054
9841,-0.088
9842,-0.144
9843,-0.149
9844,-0.227
9845,-0.071
9846,-0.081
9847,0.071
9848,0.093
9849,-0.081
9850,-0.356
9851,-0.369
9852,-0.12
9853,-0.239
9854,-0.159
9855,-0.071
9856,0.012
9857,-0.188
9858,-0.359
9859,-0.291
9860,0.063
9861,0.046
9862,-0.093
9863,-0.002
9864,-0.127
9865,-0.2
9866,-0.112
9867,-0.024
9868,-0.156
9869,-0.032
9870,-0.142
9871,-0.027
9872,-0.11
9873,-0.081
9874,-0.039
9875,-0.11
9876,-0.063
9877,-0.125
9878,-0.122
9879,-0.173
9880,0.034
9881,-0.051
9882,-0.002
9883,-0.007
9884,-0.132
9885,-0.159
9886,-0.002
9887,0.034
9888,-0.059
9889,-0.095
9890,-0.244
9891,-0.059
9892,-0.22
9893,-0.234
9894,-0.171
9895,-0.227
9896,-0.039
9897,-0.103
9898,0.002
9899,-0.015
9900,-0.129
9901,-0.203
9902,-0.012
9903,0.0
9904,0.027
9905,-0.09
9906,-0.193
9907,-0.144
9908,-0.168
9909,-0.161
9910,-0.122
9911,-0.203
9912,-0.261
9913,-0.071
9914,-0.171
9915,-0.295
9916,0.005
9917,-0.051
9918,-0.137
9919,-0.156
9920,0.066
9921,0.024
9922,-0.115
9923,-0.046
9924,-0.024
9925,-0.149
9926,-0.159
9927,-0.159
9928,-0.112
9929,-0.105
9930,-0.117
9931,-0.068
9932,-0.227
9933,-0.173
9934,0.051
9935,-0.103
9936,-0.332
9937,-0.151
9938,-0.022
9939,-0.122
9940,-0.125
9941,-0.054
9942,0.098
9943,-0.117
9944,-0.044
9945,-0.068
9946,-0.227
9947,-0.295
9948,-0.085
9949,0.037
9950,-0.127
9951,-0.105
9952,-0.12
9953,-0.081
9954,-0.305
9955,-0.173
9956,0.044
9957,-0.212
9958,-0.347
9959,-0.078
9960,-0.061
9961,-0.259
9962,0.042
9963,-0.105
9964,-0.002
9965,-0.037
9966,-0.164
9967,-0.269
9968,-0.312
9969,-0.134
9970,-0.122
9971,0.09
9972,-0.193
9973,-0.105
9974,-0.173
9975,-0.093
9976,-0.093
9977,0.005
9978,-0.193
9979,-0.088
9980,0.051
9981,-0.071
9982,-0.115
9983,-0.254
9984,-0.09
9985,-0.281
9986,-0.127
9987,-0.215
9988,-0.173
9989,-0.168
9990,-0.281
9991,-0.164
9992,-0.2
9993,-0.178
9994,-0.244
9995,0.005
9996,-0.146
9997,-0.156
9998,-0.156
9999,-0.059
10000,0.044
10001,-0.1
10002,-0.093
10003,-0.125
10004,-0.127
10005,-0.171
10006,0.066
10007,0.024
10008,0.015
10009,-0.139
10010,-0.09
10011,-0.186
10012,-0.188
10013,0.034
10014,-0.046
10015,-0.078
10016,-0.181
10017,-0.054
10018,-0.166
10019,-0.088
10020,-0.066
10021,-0.034
10022,-0.181
10023,-0.205
10024,-0.076
10025,-0.291
10026,-0.171
10027,-0.168
10028,-0.027
10029,-0.154
10030,-0.205
10031,-0.229
10032,-0.156
10033,-0.125
10034,-0.237
10035,-0.056
10036,-0.254
10037,-0.022
10038,-0.176
10039,0.049
10040,0.002
10041,-0.139
10042,-0.271
10043,0.076
10044,0.068
10045,-0.132
10046,-0.027
10047,0.093
10048,0.063
10049,-0.266
10050,-0.212
10051,-0.266
10052,-0.066
10053,0.11
10054,-0.103
10055,-0.234
10056,-0.242
10057,-0.115
10058,-0.144
10059,0.059
10060,-0.066
10061,-0.11
10062,-0.215
10063,-0.132
10064,-0.19
10065,-0.281
10066,-0.293
10067,-0.237
10068,-0.303
10069,-0.291
10070,-0.151
10071,-0.09
10072,-0.215
10073,-0.132
10074,0.017
10075,-0.02
10076,0.049
10077,-0.049
10078,-0.349
10079,-0.151
10080,0.244
10081,-0.095
10082,-0.125
10083,-0.085
10084,-0.19
10085,-0.393
10086,-0.061
10087,0.044
10088,0.09
10089,-0.405
10090,-0.134
10091,-0.188
10092,-0.044
10093,-0.271
10094,-0.12
10095,-0.173
10096,-0.181
10097,-0.015
10098,-0.032
10099,0.044
10100,-0.088
10101,0.032
10102,-0.198
10103,-0.098
10104,-0.151
10105,-0.225
10106,-0.286
10107,-0.054
10108,0.095
10109,-0.139
10110,-0.166
10111,-0.283
10112,0.112
10113,-0.208
10114,-0.193
10115,-0.002
10116,-0.232
10117,-0.286
10118,-0.022
10119,-0.142
10120,-0.276
10121,-0.002
10122,-0.068
10123,0.168
10124,0.012
10125,-0.132
10126,0.02
10127,0.0
10128,-0.176
10129,-0.132
10130,-0.049
10131,-0.295
10132,-0.112
10133,-0.535
10134,-0.244
10135,0.103
10136,-0.017
10137,-0.095
10138,0.203
10139,-0.032
10140,-0.056
10141,0.034
10142,-0.22
10143,0.054
10144,-0.2
10145,-0.149
10146,-0.007
10147,0.0
10148,-0.283
10149,0.0
10150,-0.005
10151,-0.134
10152,-0.181
10153,-0.278
10154,0.115
10155,-0.11
10156,-0.203
10157,-0.33
10158,-0.039
10159,-0.1
10160,-0.154
10161,0.022
10162,-0.015
10163,0.054
10164,-0.31
10165,-0.139
10166,0.037
10167,-0.049
10168,-0.288
10169,-0.212
10170,-0.156
10171,-0.127
10172,-0.034
10173,-0.142
10174,-0.098
10175,-0.193
10176,-0.176
10177,-0.12
10178,0.037
10179,-0.117
10180,-0.078
10181,0.02
10182,-0.005
10183,-0.066
10184,-0.237
10185,-0.186
10186,-0.107
10187,0.02
10188,-0.151
10189,-0.12
10190,-0.107
10191,-0.076
10192,-0.183
10193,-0.291
10194,-0.144
10195,-0.181
10196,-0.144
10197,-0.173
10198,-0.002
10199,-0.212
10200,-0.2
10201,0.061
10202,0.054
10203,-0.09
10204,-0.115
10205,0.278
10206,-0.051
10207,-0.225
10208,-0.105
10209,0.02
10210,-0.115
10211,0.029
10212,-0.049
10213,-0.09
10214,-0.303
10215,-0.205
10216,0.007
10217,-0.178
10218,-0.151
10219,-0.107
10220,0.088
10221,-0.234
10222,-0.293
10223,-0.068
10224,-0.105
10225,-0.117
10226,-0.037
10227,0.122
10228,-0.181
10229,-0.166
10230,-0.171
10231,-0.068
10232,-0.259
10233,-0.227
10234,-0.042
10235,-0.234
10236,-0.161
10237,-0.225
10238,-0.085
10239,-0.232
10240,-0.129
10241,-0.225
10242,0.024
10243,-0.149
10244,-0.044
10245,0.0
10246,0.015
10247,0.061
10248,-0.117
10249,-0.068
10250,-0.129
10251,0.037
10252,-0.251
10253,-0.032
10254,-0.015
10255,-0.139
10256,-0.227
10257,-0.186
10258,-0.107
10259,-0.232
10260,-0.095
10261,-0.137
10262,0.037
10263,-0.203
10264,-0.149
10265,-0.046
10266,0.01
10267,-0.09
10268,-0.156
10269,-0.039
10270,-0.142
10271,0.02
10272,-0.222
10273,-0.017
10274,-0.007
10275,-0.081
10276,-0.134
10277,-0.178
10278,0.007
10279,-0.181
10280,-0.049
10281,-0.034
10282,0.049
10283,-0.151
10284,-0.09
10285,-0.151
10286,-0.112
10287,-0.22
10288,-0.237
10289,-0.01
10290,-0.159
10291,-0.144
10292,-0.249
10293,-0.095
10294,-0.225
10295,-0.215
10296,-0.19
10297,-0.125
10298,-0.127
10299,-0.161
10300,-0.149
10301,-0.159
10302,0.076
10303,-0.129
10304,0.046
10305,-0.034
10306,-0.149
10307,-0.107
10308,-0.073
10309,-0.071
10310,-0.173
10311,-0.12
10312,-0.1
10313,-0.044
10314,-0.176
10315,-0.32
10316,-0.181
10317,-0.081
10318,-0.146
10319,-0.178
10320,-0.1
10321,-0.103
10322,-0.005
10323,-0.171
10324,0.071
10325,-0.083
10326,-0.073
10327,0.0
10328,0.076
10329,-0.078
10330,-0.002
10331,-0.061
10332,-0.144
10333,-0.09
10334,-0.212
10335,-0.054
10336,-0.081
10337,-0.134
10338,-0.264
10339,-0.198
10340,-0.205
10341,-0.095
10342,0.044
10343,-0.212
10344,-0.088
10345,-0.042
10346,-0.02
10347,-0.068
10348,-0.032
10349,-0.09
10350,0.073
10351,-0.022
10352,-0.134
10353,-0.098
10354,-0.115
10355,-0.11
10356,-0.063
10357,0.005
10358,-0.129
10359,-0.215
10360,-0.161
10361,-0.117
10362,-0.122
10363,-0.098
10364,0.01
10365,-0.125
10366,-0.159
10367,-0.12
10368,0.088
10369,-0.137
10370,-0.034
10371,-0.027
10372,-0.024
10373,-0.264
10374,-0.195
10375,-0.056
10376,-0.164
10377,-0.232
10378,-0.251
10379,-0.134
10380,-0.41
10381,-0.317
10382,0.051
10383,-0.203
10384,0.061
10385,0.076
10386,-0.017
10387,-0.098
10388,-0.002
10389,-0.183
10390,-0.117
10391,-0.107
10392,-0.088
10393,0.037
10394,-0.217
10395,-0.186
10396,-0.073
10397,-0.168
10398,-0.3
10399,-0.098
10400,-0.295
10401,-0.208
10402,-0.034
10403,0.022
10404,-0.007
10405,-0.068
10406,-0.105
10407,-0.017
10408,-0.024
10409,-0.19
10410,-0.117
10411,-0.056
10412,-0.137
10413,-0.081
10414,-0.017
10415,-0.171
10416,-0.154
10417,-0.115
10418,-0.271
10419,-0.173
10420,-0.142
10421,0.063
10422,-0.063
10423,-0.125
10424,-0.176
10425,-0.093
10426,-0.283
10427,-0.107
10428,0.027
10429,-0.127
10430,-0.183
10431,-0.244
10432,-0.139
10433,-0.173
10434,-0.193
10435,-0.154
10436,0.002
10437,-0.107
10438,-0.366
10439,-0.176
10440,-0.054
10441,-0.066
10442,-0.254
10443,-0.088
10444,-0.105
10445,-0.068
10446,-0.139
10447,-0.015
10448,0.017
10449,-0.193
10450,-0.122
10451,-0.103
10452,0.093
10453,-0.171
10454,-0.193
10455,-0.142
10456,-0.024
10457,-0.295
10458,-0.259
10459,-0.022
10460,-0.156
10461,-0.195
10462,-0.134
10463,-0.156
10464,-0.137
10465,-0.093
10466,-0.208
10467,-0.076
10468,-0.081
10469,-0.139
10470,0.032
10471,-0.117
10472,-0.293
10473,-0.154
10474,0.022
10475,-0.032
10476,-0.095
10477,-0.325
10478,-0.115
10479,0.034
10480,-0.176
10481,-0.125
10482,-0.032
10483,-0.117
10484,-0.256
10485,0.027
10486,-0.095
10487,-0.09
10488,0.027
10489,0.146
10490,0.029
10491,-0.056
10492,-0.249
10493,-0.205
10494,-0.117
10495,-0.09
10496,-0.12
10497,-0.269
10498,-0.256
10499,-0.154
10500,-0.107
10501,-0.149
10502,-0.166
10503,-0.237
10504,-0.266
10505,-0.134
10506,-0.193
10507,-0.105
10508,-0.078
10509,-0.115
10510,-0.298
10511,0.024
10512,-0.073
10513,-0.312
10514,-0.403
10515,-0.007
10516,-0.054
10517,-0.078
10518,-0.171
10519,-0.229
10520,-0.312
10521,-0.281
10522,-0.076
10523,0.103
10524,-0.09
10525,-0.093
10526,-0.117
10527,-0.02
10528,-0.256
10529,0.039
10530,-0.173
10531,-0.024
10532,-0.156
10533,-0.259
10534,-0.012
10535,-0.068
10536,-0.178
10537,0.002
10538,-0.127
10539,-0.295
10540,-0.022
10541,-0.247
10542,-0.149
10543,-0.005
10544,-0.225
10545,-0.154
10546,-0.066
10547,-0.142
10548,-0.161
10549,-0.007
10550,-0.049
10551,0.017
10552,-0.181
10553,-0.205
10554,-0.215
10555,-0.095
10556,0.032
10557,-0.034
10558,0.042
10559,-0.298
10560,0.005
10561,-0.076
10562,-0.068
10563,-0.254
10564,0.012
10565,-0.068
10566,0.012
10567,-0.122
10568,-0.137
10569,-0.112
10570,-0.105
10571,-0.286
10572,-0.198
10573,0.037
10574,-0.132
10575,-0.1
10576,-0.078
10577,-0.164
10578,-0.281
10579,-0.139
10580,0.137
10581,-0.024
10582,-0.215
10583,-0.247
10584,0.107
10585,-0.205
10586,-0.105
10587,-0.098
10588,-0.039
10589,-0.227
10590,-0.286
10591,0.032
10592,-0.093
10593,-0.134
10594,-0.132
10595,-0.181
10596,-0.288
10597,-0.173
10598,-0.095
10599,-0.078
10600,-0.144
10601,-0.21
10602,-0.237
10603,-0.12
10604,-0.024
10605,-0.239
10606,-0.127
10607,0.0
10608,0.159
10609,-0.034
10610,-0.215
10611,-0.205
10612,0.027
10613,-0.095
10614,-0.186
10615,-0.039
10616,-0.112
10617,-0.132
10618,-0.103
10619,-0.076
10620,-0.215
10621,-0.193
10622,-0.378
10623,-0.166
10624,-0.1
10625,-0.171
10626,0.037
10627,-0.149
10628,-0.103
10629,-0.093
10630,-0.164
10631,-0.227
10632,-0.144
10633,-0.09
10634,-0.239
10635,-0.103
10636,-0.208
10637,-0.269
10638,-0.144
10639,-0.125
10640,-0.146
10641,0.015
10642,-0.161
10643,-0.186
10644,-0.049
10645,-0.127
10646,-0.044
10647,-0.024
10648,-0.071
10649,-0.029
10650,0.034
10651,-0.051
10652,0.149
10653,-0.022
10654,-0.159
10655,0.002
10656,-0.09
10657,-0.122
10658,-0.188
10659,-0.105
10660,-0.051
10661,-0.154
10662,-0.195
10663,-0.166
10664,-0.09
10665,0.0
10666,-0.007
10667,-0.09
10668,-0.327
10669,-0.188
10670,0.098
10671,-0.247
10672,-0.269
10673,0.115
10674,-0.105
10675,-0.286
10676,-0.078
10677,-0.154
10678,-0.291
10679,-0.132
10680,-0.161
10681,-0.081
10682,-0.359
10683,-0.081
10684,-0.166
10685,-0.112
10686,-0.012
10687,0.015
10688,-0.408
10689,0.015
10690,0.007
10691,-0.09
10692,-0.112
10693,0.049
10694,0.022
10695,-0.154
10696,-0.122
10697,-0.156
10698,-0.061
10699,-0.142
10700,-0.144
10701,-0.01
10702,-0.244
10703,-0.015
10704,-0.129
10705,-0.342
10706,-0.181
10707,0.059
10708,0.02
10709,0.002
10710,-0.208
10711,-0.215
10712,-0.024
10713,-0.103
10714,0.042
10715,-0.027
10716,-0.044
10717,-0.203
10718,-0.178
10719,-0.264
10720,-0.183
10721,0.037
10722,-0.093
10723,-0.061
10724,-0.168
10725,-0.117
10726,-0.149
10727,0.002
10728,-0.125
10729,-0.054
10730,-0.044
10731,-0.002
10732,0.024
10733,-0.305
10734,-0.088
10735,-0.156
10736,-0.09
10737,-0.22
10738,-0.154
10739,-0.232
10740,-0.122
10741,-0.19
10742,-0.044
10743,-0.093
10744,-0.112
10745,-0.015
10746,-0.1
10747,-0.11
10748,-0.059
10749,-0.159
10750,-0.312
10751,-0.071
10752,0.071
10753,-0.103
10754,-0.208
10755,0.059
10756,-0.078
10757,-0.22
10758,-0.332
10759,-0.19
10760,-0.181
10761,-0.11
10762,-0.288
10763,-0.217
10764,-0.327
10765,-0.022
10766,0.027
10767,0.183
10768,-0.21
10769,-0.127
10770,-0.095
10771,0.115
10772,0.081
10773,-0.183
10774,-0.122
10775,0.071
10776,-0.144
10777,-0.186
10778,-0.081
10779,-0.176
10780,0.029
10781,-0.085
10782,-0.125
10783,-0.049
10784,-0.283
10785,-0.02
10786,-0.051
10787,-0.146
10788,-0.315
10789,0.115
10790,-0.2
10791,0.024
10792,0.039
10793,-0.237
10794,-0.166
10795,0.005
10796,-0.269
10797,-0.244
10798,0.369
10799,0.076
10800,-0.208
10801,-0.347
10802,-0.168
10803,-0.151
10804,-0.232
10805,-0.159
10806,-0.007
10807,-0.054
10808,-0.403
10809,-0.188
10810,-0.237
10811,-0.103
10812,-0.081
10813,-0.005
10814,-0.227
10815,-0.19
10816,-0.044
10817,-0.01
10818,0.063
10819,-0.032
10820,-0.012
10821,-0.315
10822,-0.212
10823,-0.042
10824,-0.156
10825,-0.222
10826,-0.256
10827,0.046
10828,-0.085
10829,-0.051
10830,-0.154
10831,-0.11
10832,-0.122
10833,0.107
10834,-0.142
10835,-0.276
10836,-0.183
10837,-0.115
10838,0.015
10839,-0.144
10840,-0.085
10841,-0.251
10842,-0.117
10843,-0.198
10844,-0.107
10845,-0.208
10846,-0.139
10847,-0.193
10848,-0.22
10849,0.044
10850,-0.1
10851,-0.156
10852,0.076
10853,0.078
10854,-0.159
10855,-0.071
10856,-0.103
10857,-0.291
10858,-0.173
10859,-0.132
10860,-0.156
10861,-0.288
10862,-0.005
10863,-0.181
10864,-0.347
10865,-0.198
10866,-0.002
10867,0.017
10868,-0.217
10869,-0.127
10870,-0.2
10871,0.081
10872,0.027
10873,-0.002
10874,-0.188
10875,-0.242
10876,-0.361
10877,-0.037
10878,0.01
10879,-0.188
10880,-0.264
10881,-0.083
10882,-0.188
10883,-0.425
10884,-0.076
10885,-0.171
10886,-0.125
10887,-0.073
10888,-0.159
10889,-0.056
10890,0.042
10891,-0.042
10892,-0.203
10893,-0.085
10894,-0.183
10895,0.068
10896,0.032
10897,-0.186
10898,-0.168
10899,0.054
10900,-0.1
10901,-0.286
10902,-0.251
10903,-0.251
10904,-0.137
10905,-0.188
10906,-0.149
10907,0.034
10908,-0.378
10909,-0.312
10910,0.149
10911,0.076
10912,-0.359
10913,-0.205
10914,0.125
10915,0.112
10916,-0.144
10917,-0.027
10918,-0.178
10919,-0.054
10920,-0.161
10921,0.054
10922,0.151
10923,-0.288
10924,-0.232
10925,-0.178
10926,-0.107
10927,-0.195
10928,-0.347
10929,-0.427
10930,-0.22
10931,-0.112
10932,-0.146
10933,0.029
10934,-0.127
10935,-0.12
10936,-0.076
10937,0.073
10938,-0.098
10939,-0.015
10940,-0.122
10941,0.0
10942,-0.039
10943,-0.205
10944,-0.017
10945,-0.017
10946,-0.205
10947,-0.215
10948,0.015
10949,-0.156
10950,-0.205
10951,-0.122
10952,-0.146
10953,0.002
10954,-0.173
10955,-0.234
10956,-0.19
10957,-0.037
10958,-0.215
10959,-0.129
10960,-0.078
10961,-0.164
10962,-0.129
10963,-0.12
10964,-0.076
10965,-0.315
10966,-0.232
10967,-0.056
10968,0.012
10969,-0.171
10970,-0.039
10971,-0.127
10972,-0.215
10973,-0.049
10974,0.034
10975,-0.002
10976,-0.142
10977,-0.015
10978,0.012
10979,-0.046
10980,-0.151
10981,0.01
10982,0.01
10983,-0.195
10984,-0.049
10985,-0.007
10986,-0.159
10987,-0.098
10988,-0.029
10989,-0.19
10990,-0.149
10991,-0.139
10992,0.027
10993,-0.132
10994,-0.237
10995,-0.078
10996,-0.061
10997,-0.073
10998,-0.039
10999,-0.105
11000,-0.149
11001,-0.151
11002,-0.11
11003,-0.107
11004,-0.293
11005,-0.195
11006,0.029
11007,-0.176
11008,-0.093
11009,0.005
11010,0.002
11011,-0.227
11012,-0.066
11013,0.024
11014,-0.144
11015,-0.227
11016,-0.032
11017,-0.046
11018,-0.276
11019,-0.188
11020,-0.039
11021,0.181
11022,-0.095
11023,-0.383
11024,-0.344
11025,-0.007
11026,-0.068
11027,-0.112
11028,0.046
11029,-0.068
11030,-0.259
11031,-0.186
11032,-0.042
11033,-0.195
11034,-0.178
11035,-0.222
11036,-0.151
11037,-0.22
11038,-0.049
11039,-0.039
11040,-0.073
11041,-0.054
11042,-0.291
11043,-0.227
11044,-0.127
11045,-0.142
11046,-0.295
11047,-0.12
11048,-0.11
11049,-0.227
11050,0.024
11051,0.046
11052,-0.098
11053,-0.078
11054,-0.039
11055,-0.085
11056,-0.024
11057,-0.181
11058,-0.339
11059,-0.044
11060,-0.081
11061,-0.178
11062,-0.234
11063,-0.11
11064,-0.125
11065,-0.076
11066,-0.239
11067,-0.11
11068,-0.088
11069,-0.181
11070,-0.09
11071,-0.012
11072,-0.105
11073,0.076
11074,0.002
11075,-0.139
11076,-0.044
11077,-0.073
11078,-0.193
11079,-0.339
11080,-0.198
11081,0.015
11082,-0.12
11083,-0.066
11084,-0.151
11085,-0.154
11086,-0.266
11087,-0.002
11088,-0.081
11089,-0.212
11090,-0.122
11091,0.037
11092,-0.127
11093,-0.322
11094,-0.22
11095,-0.186
11096,-0.132
11097,-0.061
11098,-0.261
11099,-0.256
11100,-0.044
11101,-0.222
11102,-0.066
11103,-0.039
11104,-0.198
11105,-0.002
11106,-0.161
11107,-0.225
11108,-0.024
11109,0.027
11110,-0.198
11111,-0.193
11112,-0.21
11113,-0.105
11114,0.056
11115,-0.054
11116,-0.271
11117,-0.144
11118,0.02
11119,0.01
11120,-0.024
11121,-0.1
11122,-0.151
11123,-0.178
11124,-0.359
11125,-0.217
11126,0.081
11127,-0.132
11128,-0.09
11129,-0.09
11130,-0.374
11131,-0.083
11132,-0.19
11133,0.032
11134,-0.132
11135,-0.095
11136,-0.105
11137,-0.439
11138,-0.002
11139,0.208
11140,0.093
11141,-0.176
11142,-0.149
11143,-0.283
11144,-0.166
11145,-0.037
11146,-0.085
11147,-0.312
11148,-0.188
11149,-0.168
11150,-0.259
11151,-0.098
11152,-0.222
11153,-0.229
11154,0.037
11155,0.227
11156,-0.215
11157,-0.208
11158,0.039
11159,0.139
11160,-0.037
11161,-0.112
11162,-0.195
11163,-0.01
11164,-0.178
11165,-0.12
11166,-0.032
11167,-0.2
11168,-0.046
11169,-0.083
11170,-0.22
11171,-0.227
11172,-0.178
11173,-0.168
11174,-0.159
11175,-0.071
11176,-0.237
11177,-0.151
11178,-0.061
11179,-0.061
11180,-0.176
11181,-0.308
11182,0.2
11183,-0.222
11184,-0.256
11185,-0.093
11186,-0.071
11187,-0.374
11188,-0.303
11189,-0.181
11190,-0.103
11191,-0.164
11192,-0.342
11193,-0.056
11194,-0.046
11195,-0.181
11196,-0.107
11197,-0.056
11198,-0.215
11199,-0.159
11200,-0.015
11201,-0.159
11202,-0.137
11203,-0.09
11204,-0.037
11205,-0.205
11206,-0.002
11207,-0.137
11208,-0.09
11209,-0.273
11210,-0.203
11211,-0.176
11212,-0.122
11213,-0.071
11214,-0.154
11215,-0.139
11216,-0.273
11217,-0.178
11218,-0.051
11219,-0.098
11220,-0.02
11221,-0.046
11222,-0.039
11223,-0.044
11224,-0.063
11225,-0.149
11226,-0.027
11227,-0.098
11228,-0.271
11229,0.002
11230,-0.19
11231,-0.107
11232,-0.144
11233,-0.081
11234,-0.283
11235,-0.305
11236,-0.444
11237,-0.027
11238,-0.098
11239,-0.212
11240,-0.127
11241,0.054
11242,-0.208
11243,-0.288
11244,-0.061
11245,-0.027
11246,-0.215
11247,-0.076
11248,0.081
11249,-0.203
11250,-0.12
11251,-0.076
11252,-0.383
11253,-0.171
11254,-0.129
11255,-0.251
11256,-0.186
11257,-0.063
11258,-0.095
11259,-0.217
11260,-0.156
11261,-0.044
11262,0.059
11263,-0.02
11264,-0.046
11265,-0.115
11266,0.029
11267,-0.229
11268,-0.029
11269,-0.195
11270,-0.278
11271,-0.242
11272,-0.137
11273,-0.364
11274,-0.349
11275,-0.159
11276,-0.017
11277,-0.227
11278,-0.195
11279,0.0
11280,0.01
11281,-0.078
11282,0.046
11283,0.063
11284,-0.291
11285,-0.22
11286,-0.054
11287,-0.146
11288,-0.139
11289,-0.21
11290,-0.103
11291,-0.034
11292,-0.107
11293,-0.273
11294,-0.049
11295,-0.142
11296,-0.178
11297,-0.034
11298,-0.242
11299,-0.054
11300,0.015
11301,-0.127
11302,-0.156
11303,-0.178
11304,-0.198
11305,0.078
11306,0.195
11307,-0.237
11308,-0.107
11309,-0.178
11310,-0.054
11311,-0.181
11312,-0.134
11313,-0.212
11314,-0.037
11315,-0.059
11316,-0.159
11317,-0.134
11318,-0.01
11319,-0.103
11320,-0.085
11321,-0.056
11322,-0.09
11323,-0.212
11324,-0.107
11325,-0.056
11326,-0.068
11327,-0.176
11328,-0.227
11329,-0.105
11330,-0.11
11331,-0.081
11332,-0.273
11333,-0.215
11334,-0.137
11335,-0.093
11336,-0.173
11337,-0.166
11338,-0.046
11339,-0.146
11340,-0.237
11341,-0.132
11342,-0.022
11343,0.068
11344,-0.078
11345,-0.02
11346,-0.137
11347,-0.049
11348,-0.081
11349,-0.071
11350,-0.269
11351,-0.142
11352,-0.298
11353,-0.105
11354,-0.068
11355,-0.251
11356,-0.261
11357,-0.105
11358,-0.132
11359,-0.059
11360,-0.059
11361,-0.146
11362,-0.044
11363,-0.107
11364,-0.12
11365,0.022
11366,-0.098
11367,0.034
11368,0.049
11369,-0.21
11370,-0.203
11371,0.073
11372,-0.125
11373,-0.161
11374,-0.11
11375,-0.237
11376,-0.129
11377,-0.095
11378,-0.09
11379,-0.178
11380,-0.098
11381,0.11
11382,0.088
11383,-0.21
11384,-0.205
11385,0.117
11386,-0.022
11387,-0.117
11388,-0.103
11389,-0.154
11390,-0.032
11391,-0.115
11392,-0.078
11393,-0.19
11394,-0.2
11395,-0.186
11396,-0.027
11397,-0.112
11398,-0.261
11399,-0.154
11400,-0.093
11401,-0.11
11402,-0.024
11403,-0.19
11404,-0.105
11405,0.012
11406,-0.093
11407,-0.193
11408,-0.212
11409,-0.078
11410,0.02
11411,-0.166
11412,-0.208
11413,-0.159
11414,-0.098
11415,-0.159
11416,-0.132
11417,-0.227
11418,-0.09
11419,-0.071
11420,-0.056
11421,0.022
11422,-0.051
11423,-0.117
11424,-0.022
11425,0.078
11426,0.017
11427,-0.078
11428,-0.137
11429,-0.059
11430,-0.098
11431,-0.154
11432,-0.159
11433,-0.117
11434,0.0
11435,-0.051
11436,-0.129
11437,-0.151
11438,-0.039
11439,0.01
11440,-0.107
11441,-0.342
11442,-0.151
11443,0.076
11444,-0.137
11445,-0.146
11446,-0.083
11447,-0.11
11448,-0.188
11449,-0.127
11450,-0.237
11451,-0.085
11452,-0.085
11453,0.049
11454,-0.176
11455,-0.242
11456,-0.122
11457,-0.139
11458,-0.117
11459,-0.085
11460,-0.049
11461,-0.171
11462,-0.049
11463,0.005
11464,-0.002
11465,-0.156
11466,-0.137
11467,-0.078
11468,-0.171
11469,-0.132
11470,-0.215
11471,-0.01
11472,-0.159
11473,-0.161
11474,-0.127
11475,-0.139
11476,-0.254
11477,-0.085
11478,-0.129
11479,-0.288
11480,-0.188
11481,-0.164
11482,-0.142
11483,-0.183
11484,-0.083
11485,-0.144
11486,-0.056
11487,-0.029
11488,-0.066
11489,-0.078
11490,-0.251
11491,-0.254
11492,-0.139
11493,-0.022
11494,-0.088
11495,-0.237
11496,-0.264
11497,-0.178
11498,-0.12
11499,-0.164
11500,-0.015
11501,-0.127
11502,0.02
11503,-0.1
11504,-0.015
11505,-0.007
11506,-0.078
11507,-0.205
11508,-0.259
11509,0.115
11510,0.032
11511,-0.071
11512,-0.125
11513,-0.156
11514,-0.225
11515,-0.044
11516,-0.195
11517,-0.139
11518,0.037
11519,-0.237
11520,-0.178
11521,-0.044
11522,-0.093
11523,-0.115
11524,-0.071
11525,-0.208
11526,-0.107
11527,-0.107
11528,0.083
11529,0.022
11530,-0.1
11531,-0.071
11532,-0.305
11533,-0.269
11534,-0.054
11535,-0.059
11536,-0.208
11537,-0.037
11538,-0.168
11539,-0.222
11540,-0.09
11541,-0.146
11542,-0.02
11543,-0.176
11544,-0.173
11545,0.037
11546,-0.068
11547,-0.156
11548,-0.078
11549,-0.049
11550,-0.188
11551,-0.093
11552,-0.193
11553,-0.278
11554,-0.176
11555,-0.188
11556,-0.095
11557,-0.012
11558,-0.029
11559,-0.149
11560,-0.125
11561,-0.3
11562,-0.217
11563,-0.037
11564,-0.088
11565,-0.283
11566,0.007
11567,-0.132
11568,-0.19
11569,-0.237
11570,-0.222
11571,-0.21
11572,-0.205
11573,-0.225
11574,-0.12
11575,-0.137
11576,-0.237
11577,-0.115
11578,-0.059
11579,-0.088
11580,-0.173
11581,-0.151
11582,-0.22
11583,-0.083
11584,-0.085
11585,-0.103
11586,-0.002
11587,-0.251
11588,-0.117
11589,-0.146
11590,-0.159
11591,-0.144
11592,-0.068
11593,-0.193
11594,-0.127
11595,-0.024
11596,-0.156
11597,-0.022
11598,0.032
11599,-0.09
11600,-0.276
11601,-0.239
11602,-0.046
11603,0.007
11604,-0.085
11605,-0.144
11606,0.073
11607,-0.132
11608,-0.105
11609,-0.256
11610,-0.129
11611,-0.146
11612,-0.142
11613,-0.085
11614,-0.149
11615,-0.264
11616,-0.261
11617,-0.09
11618,-0.371
11619,-0.156
11620,-0.081
11621,-0.015
11622,0.068
11623,0.137
11624,0.005
11625,0.024
11626,-0.029
11627,-0.137
11628,-0.054
11629,0.037
11630,0.01
11631,-0.134
11632,-0.103
11633,-0.117
11634,-0.105
11635,-0.063
11636,-0.354
11637,-0.139
11638,-0.042
11639,-0.039
11640,-0.178
11641,-0.029
11642,-0.059
11643,-0.212
11644,-0.1
11645,-0.088
11646,-0.212
11647,-0.33
11648,-0.164
11649,-0.181
11650,-0.203
11651,-0.222
11652,-0.073
11653,-0.203
11654,-0.259
11655,-0.19
11656,-0.208
11657,-0.11
11658,-0.222
11659,-0.051
11660,0.01
11661,-0.078
11662,-0.061
11663,-0.005
11664,0.007
11665,-0.088
11666,-0.037
11667,-0.022
11668,0.0
11669,-0.107
11670,0.042
11671,-0.093
11672,-0.237
11673,-0.176
11674,-0.149
11675,-0.056
11676,-0.188
11677,-0.176
11678,-0.237
11679,-0.161
11680,-0.093
11681,-0.029
11682,-0.073
11683,-0.156
11684,-0.039
11685,-0.039
11686,-0.095
11687,-0.183
11688,-0.173
11689,-0.168
11690,-0.051
11691,-0.222
11692,-0.037
11693,-0.049
11694,-0.139
11695,-0.266
11696,-0.229
11697,-0.1
11698,0.1
11699,-0.073
11700,-0.168
11701,-0.051
11702,0.029
11703,-0.005
11704,0.105
11705,-0.061
11706,-0.061
11707,-0.022
11708,-0.054
11709,-0.081
11710,0.098
11711,-0.164
11712,-0.1
11713,-0.151
11714,-0.098
11715,-0.103
11716,-0.137
11717,-0.066
11718,-0.154
11719,-0.217
11720,-0.322
11721,-0.229
11722,-0.015
11723,-0.02
11724,-0.244
11725,-0.032
11726,0.081
11727,0.081
11728,-0.051
11729,-0.291
11730,-0.125
11731,-0.115
11732,-0.132
11733,-0.227
11734,-0.017
11735,-0.276
11736,-0.31
11737,-0.078
11738,-0.076
11739,-0.195
11740,-0.215
11741,-0.054
11742,-0.156
11743,-0.159
11744,-0.051
11745,0.09
11746,-0.068
11747,-0.063
11748,0.007
11749,0.027
11750,0.073
11751,-0.154
11752,-0.105
11753,-0.115
11754,-0.168
11755,-0.125
11756,-0.21
11757,-0.107
11758,-0.2
11759,-0.181
11760,-0.21
11761,-0.063
11762,-0.171
11763,-0.171
11764,-0.186
11765,-0.068
11766,-0.122
11767,-0.11
11768,-0.032
11769,-0.022
11770,-0.02
11771,0.0
11772,0.083
11773,0.032
11774,-0.007
11775,-0.139
11776,-0.068
11777,-0.056
11778,-0.154
11779,-0.017
11780,-0.037
11781,-0.061
11782,-0.186
11783,-0.159
11784,-0.193
11785,0.046
11786,0.005
11787,-0.1
11788,-0.039
11789,-0.051
11790,-0.015
11791,-0.059
11792,-0.1
11793,-0.178
11794,-0.073
11795,-0.132
11796,-0.129
11797,-0.09
11798,-0.205
11799,-0.215
11800,0.007
11801,-0.076
11802,-0.227
11803,-0.103
11804,-0.161
11805,-0.066
11806,0.015
11807,0.039
11808,0.017
11809,0.103
11810,-0.054
11811,-0.027
11812,-0.112
11813,-0.107
11814,-0.01
11815,-0.229
11816,-0.146
11817,-0.051
11818,-0.12
11819,-0.168
11820,-0.112
11821,-0.129
11822,-0.156
11823,-0.188
11824,-0.222
11825,0.142
11826,-0.156
11827,-0.11
11828,0.176
11829,-0.056
11830,-0.496
11831,0.063
11832,0.046
11833,-0.2
11834,-0.149
11835,-0.037
11836,0.017
11837,-0.356
11838,-0.212
11839,-0.164
11840,-0.015
11841,-0.151
11842,-0.125
11843,-0.195
11844,-0.085
11845,-0.098
11846,-0.039
11847,-0.076
11848,-0.02
11849,-0.193
11850,-0.264
11851,-0.193
11852,-0.029
11853,-0.115
11854,-0.078
11855,-0.295
11856,-0.039
11857,-0.32
11858,-0.217
11859,-0.186
11860,-0.237
11861,-0.273
11862,-0.066
11863,-0.1
11864,-0.017
11865,-0.137
11866,-0.161
11867,-0.046
11868,-0.09
11869,0.027
11870,-0.188
11871,-0.1
11872,-0.002
11873,-0.032
11874,-0.183
11875,-0.176
11876,-0.154
11877,-0.183
11878,-0.21
11879,-0.156
11880,-0.173
11881,-0.186
11882,-0.247
11883,-0.251
11884,-0.132
11885,-0.156
11886,-0.229
11887,-0.066
11888,-0.168
11889,-0.146
11890,-0.178
11891,0.068
11892,0.017
11893,-0.317
11894,-0.278
11895,-0.059
11896,-0.078
11897,-0.283
11898,-0.044
11899,-0.154
11900,0.024
11901,-0.286
11902,-0.164
11903,-0.049
11904,-0.208
11905,-0.156
11906,0.056
11907,-0.139
11908,-0.144
11909,0.078
11910,-0.149
11911,-0.081
11912,0.029
11913,-0.049
11914,0.024
11915,0.09
11916,-0.21
11917,-0.176
11918,-0.042
11919,-0.2
11920,-0.012
11921,-0.291
11922,-0.164
11923,-0.034
11924,-0.151
11925,-0.149
11926,-0.056
11927,-0.098
11928,-0.098
11929,-0.051
11930,-0.186
11931,-0.171
11932,-0.149
11933,-0.088
11934,-0.166
11935,-0.168
11936,-0.122
11937,-0.063
11938,-0.186
11939,-0.217
11940,-0.029
11941,-0.327
11942,-0.095
11943,-0.122
11944,-0.071
11945,-0.259
11946,-0.078
11947,-0.034
11948,-0.261
11949,-0.366
11950,0.088
11951,0.01
11952,-0.107
11953,-0.063
11954,-0.305
11955,-0.19
11956,-0.151
11957,-0.183
11958,-0.205
11959,-0.278
11960,-0.344
11961,-0.256
11962,0.051
11963,-0.247
11964,-0.159
11965,-0.244
11966,-0.1
11967,-0.11
11968,-0.188
11969,-0.247
11970,-0.222
11971,-0.042
11972,-0.203
11973,0.042
11974,-0.281
11975,-0.132
11976,-0.161
11977,-0.115
11978,-0.112
11979,-0.198
11980,-0.217
11981,-0.188
11982,-0.046
11983,-0.139
11984,0.042
11985,-0.066
11986,0.0
11987,-0.168
11988,0.017
11989,-0.129
11990,-0.112
11991,-0.007
11992,-0.098
11993,-0.149
11994,-0.161
11995,-0.117
11996,-0.278
11997,-0.156
11998,-0.286
11999,-0.22
12000,-0.193
12001,-0.203
12002,-0.232
12003,-0.403
12004,-0.144
12005,-0.229
12006,-0.298
12007,-0.269
12008,-0.122
12009,-0.081
12010,-0.132
12011,-0.2
12012,-0.039
12013,0.066
12014,-0.115
12015,-0.125
12016,-0.046
12017,-0.007
12018,-0.232
12019,-0.002
12020,-0.042
12021,-0.161
12022,-0.222
12023,-0.12
12024,0.12
12025,-0.176
12026,-0.239
12027,-0.151
12028,-0.105
12029,-0.193
12030,-0.127
12031,-0.02
12032,-0.049
12033,-0.127
12034,-0.19
12035,-0.034
12036,-0.122
12037,-0.017
12038,-0.2
12039,-0.115
12040,-0.093
12041,0.044
12042,-0.103
12043,-0.171
12044,-0.12
12045,-0.117
12046,-0.09
12047,-0.029
12048,-0.161
12049,-0.303
12050,-0.212
12051,-0.205
12052,0.032
12053,0.044
12054,-0.229
12055,-0.139
12056,-0.154
12057,-0.09
12058,-0.225
12059,-0.171
12060,-0.029
12061,-0.063
12062,-0.166
12063,-0.051
12064,-0.088
12065,-0.081
12066,-0.166
12067,-0.2
12068,-0.195
12069,-0.317
12070,-0.139
12071,-0.085
12072,0.09
12073,-0.139
12074,-0.22
12075,-0.049
12076,-0.11
12077,-0.352
12078,-0.266
12079,-0.127
12080,-0.269
12081,0.037
12082,-0.251
12083,-0.312
12084,-0.122
12085,0.002
12086,-0.137
12087,-0.142
12088,-0.083
12089,-0.156
12090,-0.112
12091,-0.066
12092,-0.088
12093,-0.122
12094,-0.09
12095,-0.173
12096,-0.242
12097,-0.024
12098,-0.073
12099,-0.127
12100,-0.061
12101,-0.044
12102,-0.415
12103,-0.107
12104,-0.149
12105,-0.178
12106,-0.068
12107,-0.105
12108,-0.203
12109,-0.039
12110,-0.056
12111,-0.212
12112,-0.042
12113,-0.056
12114,-0.02
12115,-0.132
12116,-0.142
12117,-0.068
12118,-0.2
12119,-0.068
12120,-0.002
12121,-0.146
12122,-0.354
12123,-0.178
12124,-0.156
12125,-0.09
12126,-0.066
12127,-0.029
12128,-0.203
12129,-0.3
12130,-0.132
12131,-0.061
12132,0.134
12133,-0.122
12134,-0.22
12135,-0.139
12136,0.029
12137,-0.127
12138,-0.247
12139,-0.022
12140,-0.295
12141,-0.107
12142,0.012
12143,-0.015
12144,-0.132
12145,-0.044
12146,-0.2
12147,-0.103
12148,0.034
12149,-0.154
12150,-0.071
12151,-0.195
12152,0.029
12153,-0.168
12154,-0.059
12155,-0.083
12156,-0.032
12157,-0.02
12158,-0.034
12159,-0.171
12160,-0.293
12161,0.181
12162,0.125
12163,-0.059
12164,-0.276
12165,-0.229
12166,-0.176
12167,-0.024
12168,0.01
12169,-0.205
12170,-0.134
12171,-0.098
12172,-0.12
12173,-0.134
12174,-0.005
12175,-0.112
12176,-0.183
12177,0.054
12178,0.071
12179,-0.151
12180,-0.293
12181,0.066
12182,-0.02
12183,-0.154
12184,-0.225
12185,-0.029
12186,-0.115
12187,-0.149
12188,0.085
12189,-0.112
12190,-0.288
12191,-0.322
12192,-0.088
12193,-0.137
12194,-0.071
12195,-0.168
12196,-0.078
12197,-0.039
12198,-0.046
12199,-0.005
12200,-0.234
12201,-0.156
12202,-0.103
12203,-0.046
12204,-0.176
12205,0.117
12206,-0.161
12207,-0.159
12208,0.037
12209,-0.085
12210,-0.061
12211,-0.298
12212,-0.071
12213,0.034
12214,0.044
12215,-0.269
12216,-0.083
12217,-0.134
12218,0.095
12219,-0.154
12220,-0.391
12221,-0.039
12222,-0.039
12223,-0.039
12224,-0.283
12225,-0.002
12226,-0.12
12227,0.024
12228,-0.017
12229,0.051
12230,0.005
12231,-0.293
12232,-0.01
12233,-0.01
12234,-0.117
12235,-0.273
12236,-0.093
12237,-0.308
12238,-0.325
12239,-0.327
12240,-0.1
12241,-0.132
12242,-0.234
12243,-0.278
12244,-0.193
12245,0.029
12246,-0.015
12247,-0.107
12248,-0.432
12249,-0.227
12250,0.286
12251,-0.125
12252,0.037
12253,0.068
12254,-0.02
12255,-0.12
12256,-0.254
12257,-0.195
12258,0.037
12259,-0.322
12260,-0.388
12261,-0.076
12262,0.193
12263,-0.271
12264,-0.435
12265,0.225
12266,-0.291
12267,-0.183
12268,0.056
12269,0.012
12270,-0.115
12271,-0.208
12272,-0.017
12273,-0.208
12274,-0.256
12275,-0.151
12276,0.066
12277,-0.312
12278,-0.251
12279,0.073
12280,0.073
12281,-0.161
12282,-0.173
12283,0.103
12284,-0.056
12285,-0.061
12286,-0.09
12287,-0.017
12288,-0.227
12289,-0.312
12290,0.1
12291,0.166
12292,-0.156
12293,-0.061
12294,0.085
12295,-0.151
12296,-0.2
12297,-0.247
12298,0.046
12299,-0.249
12300,-0.5
12301,-0.278
12302,-0.154
12303,-0.273
12304,-0.225
12305,-0.105
12306,-0.139
12307,-0.103
12308,-0.09
12309,0.046
12310,-0.107
12311,-0.105
12312,0.002
12313,0.059
12314,-0.125
12315,-0.269
12316,-0.132
12317,-0.002
12318,-0.01
12319,-0.015
12320,0.066
12321,-0.168
12322,-0.315
12323,-0.171
12324,-0.044
12325,-0.183
12326,-0.059
12327,0.227
12328,-0.273
12329,-0.188
12330,-0.31
12331,-0.066
12332,-0.249
12333,-0.137
12334,-0.1
12335,-0.264
12336,-0.271
12337,-0.2
12338,-0.054
12339,-0.203
12340,-0.215
12341,-0.095
12342,-0.051
12343,-0.293
12344,-0.078
12345,-0.049
12346,-0.261
12347,-0.225
12348,-0.095
12349,0.051
12350,-0.188
12351,-0.195
12352,-0.129
12353,0.149
12354,0.071
12355,-0.022
12356,-0.103
12357,-0.039
12358,-0.042
12359,-0.203
12360,-0.073
12361,-0.176
12362,-0.105
12363,-0.051
12364,-0.024
12365,-0.325
12366,-0.242
12367,-0.107
12368,-0.227
12369,0.012
12370,-0.066
12371,-0.137
12372,-0.029
12373,-0.083
12374,-0.325
12375,-0.059
12376,-0.051
12377,-0.178
12378,-0.098
12379,-0.251
12380,-0.227
12381,-0.159
12382,-0.002
12383,-0.132
12384,-0.178
12385,-0.332
12386,0.039
12387,-0.115
12388,-0.298
12389,-0.059
12390,-0.037
12391,0.117
12392,-0.156
12393,-0.083
12394,-0.073
12395,0.081
12396,-0.1
12397,0.032
12398,-0.039
12399,-0.281
12400,-0.181
12401,0.005
12402,0.002
12403,-0.134
12404,-0.293
12405,-0.151
12406,-0.093
12407,-0.078
12408,-0.056
12409,-0.117
12410,-0.33
12411,-0.225
12412,-0.229
12413,-0.176
12414,-0.125
12415,-0.19
12416,-0.249
12417,-0.076
12418,-0.232
12419,-0.093
12420,-0.066
12421,-0.391
12422,-0.247
12423,-0.068
12424,-0.254
12425,-0.183
12426,0.088
12427,-0.237
12428,-0.071
12429,-0.059
12430,-0.22
12431,-0.095
12432,-0.161
12433,0.215
12434,0.039
12435,-0.002
12436,-0.22
12437,-0.01
12438,-0.222
12439,0.022
12440,-0.198
12441,-0.259
12442,-0.146
12443,-0.339
12444,-0.251
12445,-0.266
12446,0.049
12447,-0.281
12448,-0.027
12449,0.203
12450,-0.312
12451,-0.215
12452,-0.039
12453,0.037
12454,-0.183
12455,-0.139
12456,0.039
12457,0.176
12458,-0.42
12459,-0.1
12460,0.085
12461,-0.01
12462,-0.129
12463,-0.173
12464,-0.081
12465,-0.413
12466,-0.198
12467,-0.115
12468,-0.127
12469,-0.173
12470,-0.098
12471,-0.029
12472,0.076
12473,-0.09
12474,-0.161
12475,0.11
12476,-0.088
12477,-0.022
12478,0.005
12479,-0.129
12480,-0.115
12481,-0.046
12482,-0.146
12483,-0.315
12484,-0.176
12485,-0.305
12486,-0.02
12487,-0.107
12488,-0.063
12489,-0.203
12490,-0.127
12491,-0.09
12492,0.11
12493,-0.112
12494,-0.256
12495,-0.066
12496,-0.063
12497,-0.046
12498,-0.066
12499,-0.015
12500,-0.208
12501,-0.264
12502,-0.349
12503,0.0
12504,-0.281
12505,-0.19
12506,-0.085
12507,-0.063
12508,-0.142
12509,-0.127
12510,0.01
12511,-0.156
12512,0.01
12513,-0.063
12514,-0.254
12515,-0.259
12516,-0.173
12517,-0.007
12518,-0.027
12519,-0.017
12520,-0.173
12521,0.022
12522,-0.225
12523,-0.083
12524,-0.19
12525,-0.1
12526,-0.081
12527,-0.137
12528,-0.171
12529,-0.227
12530,-0.107
12531,-0.144
12532,0.024
12533,-0.156
12534,0.056
12535,-0.068
12536,-0.081
12537,-0.132
12538,-0.22
12539,-0.051
12540,0.022
12541,-0.103
12542,-0.225
12543,-0.139
12544,0.005
12545,-0.208
12546,-0.1
12547,-0.154
12548,-0.107
12549,-0.242
12550,-0.005
12551,-0.288
12552,-0.156
12553,-0.01
12554,0.022
12555,-0.217
12556,-0.078
12557,0.11
12558,-0.034
12559,-0.144
12560,-0.212
12561,0.012
12562,-0.095
12563,-0.046
12564,-0.171
12565,0.046
12566,0.0
12567,-0.159
12568,-0.037
12569,-0.071
12570,0.061
12571,-0.22
12572,-0.046
12573,0.0
12574,-0.085
12575,-0.259
12576,0.122
12577,0.049
12578,-0.391
12579,-0.261
12580,0.02
12581,-0.186
12582,-0.276
12583,-0.164
12584,-0.254
12585,-0.188
12586,-0.203
12587,-0.156
12588,-0.208
12589,-0.308
12590,-0.1
12591,-0.098
12592,-0.027
12593,-0.271
12594,-0.059
12595,-0.281
12596,0.054
12597,-0.071
12598,0.054
12599,0.134
12600,-0.059
12601,-0.264
12602,-0.137
12603,-0.081
12604,0.005
12605,-0.032
12606,-0.259
12607,-0.015
12608,-0.054
12609,-0.278
12610,-0.129
12611,-0.151
12612,-0.139
12613,-0.205
12614,0.059
12615,-0.237
12616,-0.11
12617,-0.232
12618,-0.12
12619,-0.024
12620,-0.122
12621,-0.437
12622,-0.103
12623,0.044
12624,-0.232
12625,-0.103
12626,0.044
12627,-0.098
12628,-0.261
12629,-0.112
12630,0.066
12631,-0.037
12632,-0.173
12633,-0.09
12634,-0.012
12635,-0.239
12636,-0.11
12637,-0.088
12638,0.042
12639,-0.02
12640,0.029
12641,-0.151
12642,-0.063
12643,-0.012
12644,-0.081
12645,-0.068
12646,-0.164
12647,-0.151
12648,-0.188
12649,-0.085
12650,-0.032
12651,-0.01
12652,-0.164
12653,-0.298
12654,-0.039
12655,-0.117
12656,-0.21
12657,-0.303
12658,0.083
12659,0.012
12660,0.01
12661,-0.288
12662,-0.239
12663,-0.43
12664,-0.371
12665,-0.024
12666,-0.093
12667,-0.295
12668,-0.181
12669,-0.01
12670,-0.146
12671,-0.156
12672,-0.02
12673,0.002
12674,0.007
12675,-0.164
12676,0.125
12677,0.098
12678,0.051
12679,-0.164
12680,-0.042
12681,-0.02
12682,-0.115
12683,-0.093
12684,0.017
12685,-0.056
12686,-0.078
12687,-0.156
12688,-0.212
12689,-0.044
12690,-0.195
12691,-0.144
12692,-0.02
12693,-0.146
12694,-0.281
12695,-0.227
12696,-0.173
12697,-0.193
12698,-0.115
12699,-0.176
12700,-0.183
12701,-0.21
12702,-0.029
12703,-0.125
12704,-0.237
12705,-0.12
12706,-0.144
12707,-0.105
12708,-0.217
12709,-0.056
12710,-0.107
12711,0.022
12712,-0.042
12713,-0.02
12714,-0.237
12715,-0.229
12716,0.078
12717,-0.176
12718,-0.261
12719,-0.049
12720,-0.027
12721,-0.188
12722,-0.088
12723,-0.334
12724,-0.137
12725,-0.073
12726,-0.283
12727,-0.154
12728,-0.034
12729,-0.027
12730,-0.146
12731,-0.127
12732,-0.178
12733,-0.005
12734,-0.146
12735,-0.037
12736,0.051
12737,-0.293
12738,-0.176
12739,-0.161
12740,-0.076
12741,-0.134
12742,-0.022
12743,-0.042
12744,-0.034
12745,-0.3
12746,-0.32
12747,-0.249
12748,-0.173
12749,-0.195
12750,-0.11
12751,-0.112
12752,-0.178
12753,-0.178
12754,-0.222
12755,-0.112
12756,0.044
12757,-0.166
12758,-0.151
12759,-0.12
12760,0.01
12761,-0.068
12762,-0.149
12763,-0.247
12764,-0.01
12765,-0.11
12766,-0.227
12767,-0.134
12768,-0.132
12769,-0.234
12770,-0.093
12771,-0.081
12772,-0.183
12773,-0.161
12774,-0.088
12775,0.024
12776,-0.122
12777,-0.144
12778,0.015
12779,-0.029
12780,-0.205
12781,-0.186
12782,-0.078
12783,-0.276
12784,-0.159
12785,-0.227
12786,-0.066
12787,-0.037
12788,-0.115
12789,-0.085
12790,-0.076
12791,-0.261
12792,-0.303
12793,-0.005
12794,-0.029
12795,0.005
12796,0.063
12797,-0.032
12798,-0.232
12799,-0.012
12800,0.007
12801,-0.066
12802,-0.098
12803,-0.176
12804,-0.098
12805,-0.1
12806,-0.239
12807,-0.098
12808,-0.081
12809,-0.371
12810,-0.195
12811,-0.107
12812,-0.107
12813,-0.117
12814,-0.225
12815,-0.029
12816,-0.068
12817,-0.085
12818,-0.083
12819,0.02
12820,-0.166
12821,-0.142
12822,-0.066
12823,-0.188
12824,-0.2
12825,-0.168
12826,-0.129
12827,-0.178
12828,-0.32
12829,-0.103
12830,-0.049
12831,-0.151
12832,0.027
12833,0.046
12834,-0.117
12835,0.056
12836,0.02
12837,-0.09
12838,0.049
12839,0.032
12840,-0.09
12841,-0.063
12842,-0.032
12843,-0.159
12844,-0.034
12845,-0.151
12846,-0.146
12847,-0.193
12848,-0.249
12849,-0.251
12850,-0.193
12851,-0.249
12852,-0.142
12853,-0.139
12854,-0.159
12855,-0.054
12856,-0.039
12857,-0.02
12858,-0.198
12859,-0.083
12860,0.154
12861,-0.022
12862,-0.232
12863,-0.266
12864,-0.212
12865,-0.156
12866,-0.127
12867,-0.308
12868,-0.154
12869,-0.21
12870,-0.205
12871,-0.12
12872,-0.1
12873,-0.034
12874,0.037
12875,-0.007
12876,-0.12
12877,0.083
12878,0.039
12879,-0.029
12880,0.044
12881,-0.203
12882,-0.264
12883,-0.161
12884,-0.129
12885,-0.02
12886,-0.156
12887,-0.254
12888,-0.19
12889,-0.339
12890,-0.227
12891,-0.288
12892,-0.303
12893,-0.19
12894,-0.081
12895,-0.105
12896,-0.237
12897,-0.022
12898,-0.012
12899,0.007
12900,0.049
12901,-0.029
12902,-0.103
12903,-0.059
12904,-0.127
12905,-0.212
12906,-0.222
12907,-0.085
12908,-0.02
12909,-0.337
12910,-0.339
12911,-0.215
12912,-0.049
12913,-0.178
12914,-0.039
12915,0.017
12916,-0.022
12917,0.037
12918,-0.061
12919,0.129
12920,-0.032
12921,-0.066
12922,0.002
12923,0.12
12924,-0.142
12925,-0.281
12926,-0.247
12927,-0.21
12928,-0.237
12929,-0.183
12930,-0.149
12931,-0.225
12932,-0.071
12933,-0.281
12934,-0.144
12935,-0.093
12936,-0.237
12937,-0.129
12938,-0.085
12939,-0.112
12940,-0.244
12941,0.005
12942,0.037
12943,-0.007
12944,-0.227
12945,-0.398
12946,-0.042
12947,-0.059
12948,-0.164
12949,-0.105
12950,-0.205
12951,-0.237
12952,-0.085
12953,-0.183
12954,-0.1
12955,-0.1
12956,-0.073
12957,-0.078
12958,0.049
12959,0.027
12960,-0.076
12961,0.022
12962,-0.034
12963,-0.088
12964,-0.122
12965,0.076
12966,0.044
12967,-0.156
12968,-0.347
12969,-0.237
12970,-0.037
12971,-0.02
12972,-0.063
12973,-0.159
12974,-0.034
12975,-0.1
12976,-0.068
12977,-0.186
12978,-0.09
12979,-0.061
12980,0.024
12981,0.095
12982,0.037
12983,-0.122
12984,-0.22
12985,-0.098
12986,-0.093
12987,-0.264
12988,-0.271
12989,-0.085
12990,-0.039
12991,-0.305
12992,-0.193
12993,-0.161
12994,-0.146
12995,-0.2
12996,0.112
12997,-0.015
12998,-0.122
12999,-0.081
13000,0.139
13001,-0.081
13002,-0.244
13003,-0.1
13004,-0.083
13005,-0.054
13006,-0.144
13007,0.02
13008,-0.159
13009,-0.059
13010,-0.088
13011,-0.176
13012,-0.21
13013,-0.061
13014,-0.159
13015,-0.161
13016,0.073
13017,-0.015
13018,-0.149
13019,-0.215
13020,0.012
13021,-0.112
13022,0.002
13023,0.105
13024,0.032
13025,-0.203
13026,-0.339
13027,-0.11
13028,-0.115
13029,-0.105
13030,-0.225
13031,-0.251
13032,-0.4
13033,-0.149
13034,-0.2
13035,-0.264
13036,-0.034
13037,-0.073
13038,-0.088
13039,-0.2
13040,-0.083
13041,-0.042
13042,0.09
13043,-0.105
13044,-0.081
13045,0.073
13046,-0.127
13047,-0.142
13048,0.02
13049,0.017
13050,-0.166
13051,-0.046
13052,-0.137
13053,-0.137
13054,-0.222
13055,-0.183
13056,0.132
13057,-0.051
13058,-0.122
13059,-0.183
13060,0.007
13061,0.002
13062,0.0
13063,-0.134
13064,0.107
13065,-0.007
13066,-0.117
13067,-0.176
13068,-0.239
13069,-0.198
13070,-0.132
13071,-0.037
13072,-0.232
13073,-0.059
13074,-0.181
13075,-0.115
13076,-0.19
13077,-0.146
13078,-0.068
13079,-0.149
13080,-0.037
13081,-0.02
13082,-0.088
13083,-0.164
13084,-0.122
13085,-0.049
13086,-0.044
13087,-0.085
13088,-0.156
13089,-0.02
13090,-0.105
13091,-0.11
13092,-0.076
13093,-0.037
13094,-0.283
13095,-0.139
13096,0.034
13097,-0.186
13098,-0.225
13099,-0.095
13100,0.005
13101,-0.21
13102,-0.11
13103,-0.127
13104,-0.037
13105,-0.032
13106,0.027
13107,-0.051
13108,-0.056
13109,-0.195
13110,-0.125
13111,-0.09
13112,-0.195
13113,-0.183
13114,-0.19
13115,0.01
13116,-0.212
13117,-0.264
13118,-0.024
13119,-0.02
13120,-0.037
13121,0.012
13122,0.227
13123,-0.137
13124,-0.11
13125,-0.117
13126,-0.02
13127,-0.127
13128,-0.01
13129,-0.278
13130,-0.208
13131,-0.203
13132,-0.154
13133,0.146
13134,-0.242
13135,-0.215
13136,-0.039
13137,-0.063
13138,-0.276
13139,-0.081
13140,-0.051
13141,-0.125
13142,-0.037
13143,-0.122
13144,-0.137
13145,-0.151
13146,0.017
13147,-0.173
13148,-0.166
13149,-0.142
13150,-0.249
13151,-0.181
13152,-0.066
13153,0.115
13154,-0.264
13155,-0.066
13156,-0.112
13157,-0.107
13158,-0.244
13159,-0.215
13160,-0.068
13161,-0.042
13162,-0.176
13163,-0.146
13164,0.032
13165,-0.049
13166,-0.037
13167,-0.029
13168,-0.027
13169,-0.234
13170,-0.264
13171,-0.059
13172,-0.056
13173,-0.19
13174,-0.212
13175,-0.12
13176,-0.344
13177,-0.112
13178,-0.044
13179,-0.022
13180,-0.237
13181,-0.283
13182,-0.088
13183,-0.012
13184,-0.063
13185,-0.2
13186,-0.081
13187,-0.112
13188,-0.066
13189,-0.227
13190,-0.195
13191,-0.208
13192,-0.112
13193,-0.276
13194,-0.22
13195,-0.159
13196,-0.259
13197,-0.21
13198,-0.022
13199,-0.054
13200,-0.046
13201,-0.015
13202,-0.132
13203,0.081
13204,-0.02
13205,-0.208
13206,0.098
13207,-0.071
13208,-0.139
13209,-0.103
13210,-0.032
13211,-0.076
13212,-0.161
13213,-0.193
13214,-0.217
13215,-0.295
13216,-0.217
13217,-0.01
13218,-0.137
13219,-0.085
13220,-0.088
13221,0.029
13222,-0.056
13223,-0.046
13224,-0.261
13225,-0.11
13226,-0.015
13227,-0.364
13228,-0.33
13229,-0.176
13230,0.183
13231,-0.146
13232,-0.276
13233,-0.239
13234,-0.176
13235,-0.232
13236,-0.149
13237,-0.11
13238,-0.259
13239,-0.09
13240,-0.149
13241,-0.024
13242,-0.242
13243,-0.012
13244,0.11
13245,0.122
13246,-0.161
13247,-0.127
13248,0.049
13249,-0.117
13250,-0.122
13251,-0.156
13252,-0.054
13253,-0.237
13254,-0.112
13255,-0.078
13256,-0.051
13257,-0.281
13258,-0.139
13259,0.178
13260,-0.239
13261,-0.254
13262,-0.083
13263,-0.144
13264,-0.271
13265,-0.249
13266,-0.078
13267,0.002
13268,-0.19
13269,-0.293
13270,-0.11
13271,-0.342
13272,0.007
13273,0.061
13274,0.029
13275,-0.244
13276,0.076
13277,-0.212
13278,-0.244
13279,-0.005
13280,-0.066
13281,0.125
13282,-0.093
13283,-0.244
13284,-0.183
13285,-0.161
13286,-0.139
13287,-0.063
13288,-0.168
13289,-0.168
13290,-0.215
13291,-0.225
13292,-0.029
13293,-0.186
13294,-0.022
13295,-0.3
13296,-0.071
13297,0.022
13298,-0.046
13299,-0.054
13300,0.002
13301,-0.068
13302,-0.186
13303,-0.178
13304,-0.391
13305,-0.256
13306,-0.154
13307,0.154
13308,-0.154
13309,-0.432
13310,-0.073
13311,-0.088
13312,-0.132
13313,-0.171
13314,-0.059
13315,-0.215
13316,-0.1
13317,0.032
13318,0.005
13319,-0.054
13320,0.073
13321,-0.083
13322,0.081
13323,-0.066
13324,-0.227
13325,-0.132
13326,-0.393
13327,-0.205
13328,-0.088
13329,-0.251
13330,0.188
13331,0.012
13332,-0.264
13333,-0.212
13334,0.066
13335,-0.156
13336,-0.081
13337,-0.439
13338,-0.127
13339,-0.164
13340,-0.112
13341,-0.222
13342,0.117
13343,-0.134
13344,-0.088
13345,-0.012
13346,-0.237
13347,0.051
13348,0.154
13349,-0.3
13350,-0.278
13351,-0.22
13352,-0.149
13353,0.037
13354,-0.259
13355,-0.33
13356,-0.112
13357,-0.266
13358,-0.078
13359,-0.151
13360,-0.205
13361,-0.281
13362,-0.015
13363,-0.017
13364,-0.149
13365,-0.081
13366,-0.171
13367,-0.029
13368,-0.078
13369,-0.156
13370,-0.056
13371,-0.059
13372,-0.188
13373,-0.073
13374,-0.334
13375,-0.281
13376,-0.156
13377,-0.125
13378,0.122
13379,-0.193
13380,-0.12
13381,0.017
13382,-0.132
13383,-0.046
13384,-0.264
13385,-0.122
13386,0.083
13387,-0.149
13388,-0.293
13389,-0.132
13390,-0.186
13391,-0.046
13392,-0.061
13393,-0.325
13394,-0.132
13395,-0.244
13396,-0.11
13397,-0.078
13398,-0.208
13399,-0.432
13400,0.076
13401,-0.295
13402,-0.146
13403,0.139
13404,-0.115
13405,-0.222
13406,0.31
13407,-0.09
13408,-0.435
13409,-0.046
13410,0.029
13411,-0.242
13412,0.083
13413,-0.232
13414,-0.215
13415,0.076
13416,-0.212
13417,-0.249
13418,0.044
13419,-0.403
13420,0.149
13421,-0.037
13422,-0.293
13423,-0.112
13424,-0.037
13425,-0.327
13426,-0.049
13427,-0.107
13428,-0.12
13429,-0.225
13430,-0.081
13431,-0.01
13432,-0.271
13433,-0.217
13434,-0.178
13435,-0.015
13436,-0.183
13437,-0.039
13438,-0.007
13439,-0.2
13440,-0.093
13441,-0.295
13442,-0.134
13443,0.247
13444,0.046
13445,-0.327
13446,-0.022
13447,-0.098
13448,-0.181
13449,0.02
13450,0.076
13451,0.024
13452,-0.188
13453,-0.251
13454,-0.044
13455,-0.049
13456,-0.125
13457,0.137
13458,0.168
13459,-0.242
13460,-0.288
13461,-0.098
13462,-0.122
13463,-0.044
13464,0.034
13465,-0.166
13466,-0.066
13467,-0.01
13468,-0.081
13469,-0.142
13470,-0.317
13471,-0.151
13472,0.042
13473,-0.159
13474,-0.3
13475,-0.059
13476,-0.276
13477,-0.149
13478,-0.051
13479,-0.391
13480,-0.159
13481,-0.002
13482,-0.024
13483,-0.01
13484,0.005
13485,-0.374
13486,0.283
13487,0.107
13488,-0.269
13489,-0.127
13490,0.159
13491,-0.181
13492,0.0
13493,-0.315
13494,-0.249
13495,-0.161
13496,-0.256
13497,-0.1
13498,-0.173
13499,-0.469
13500,0.039
13501,-0.068
13502,-0.334
13503,-0.256
13504,-0.11
13505,-0.227
13506,-0.054
13507,-0.002
13508,-0.076
13509,-0.029
13510,-0.154
13511,0.149
13512,0.081
13513,-0.293
13514,-0.215
13515,0.105
13516,-0.264
13517,-0.361
13518,-0.144
13519,-0.266
13520,-0.095
13521,-0.056
13522,-0.386
13523,-0.103
13524,0.151
13525,-0.051
13526,-0.034
13527,0.007
13528,-0.203
13529,-0.107
13530,0.259
13531,-0.173
13532,-0.11
13533,-0.144
13534,-0.251
13535,0.244
13536,-0.164
13537,-0.283
13538,0.061
13539,-0.283
13540,-0.266
13541,0.095
13542,-0.195
13543,-0.215
13544,-0.09
13545,-0.227
13546,-0.12
13547,-0.208
13548,-0.19
13549,0.046
13550,-0.059
13551,-0.203
13552,-0.037
13553,-0.073
13554,-0.132
13555,0.093
13556,-0.168
13557,-0.2
13558,-0.171
13559,-0.276
13560,-0.159
13561,-0.09
13562,-0.266
13563,-0.146
13564,0.225
13565,-0.095
13566,-0.007
13567,-0.093
13568,0.012
13569,-0.09
13570,0.005
13571,-0.09
13572,-0.071
13573,-0.173
13574,-0.188
13575,-0.159
13576,-0.044
13577,-0.154
13578,-0.237
13579,-0.142
13580,-0.271
13581,-0.276
13582,-0.098
13583,0.017
13584,0.095
13585,-0.085
13586,-0.027
13587,0.002
13588,-0.161
13589,-0.361
13590,-0.125
13591,0.09
13592,0.012
13593,-0.125
13594,0.039
13595,-0.195
13596,-0.117
13597,-0.242
13598,-0.083
13599,0.186
13600,-0.244
13601,-0.222
13602,0.012
13603,-0.193
13604,0.085
13605,0.325
13606,-0.33
13607,0.212
13608,0.164
13609,-0.413
13610,-0.068
13611,0.31
13612,0.005
13613,-0.232
13614,-0.193
13615,-0.132
13616,-0.22
13617,-0.388
13618,-0.276
13619,0.022
13620,-0.298
13621,-0.31
13622,-0.029
13623,-0.491
13624,-0.183
13625,0.027
13626,-0.188
13627,-0.129
13628,-0.007
13629,-0.337
13630,-0.037
13631,-0.312
13632,-0.122
13633,0.21
13634,-0.186
13635,-0.293
13636,-0.117
13637,-0.032
13638,-0.315
13639,-0.115
13640,-0.295
13641,-0.149
13642,-0.054
13643,-0.205
13644,-0.308
13645,-0.02
13646,-0.044
13647,0.042
13648,-0.005
13649,-0.039
13650,0.166
13651,-0.168
13652,-0.217
13653,0.056
13654,-0.061
13655,-0.225
13656,0.027
13657,-0.146
13658,-0.212
13659,-0.244
13660,-0.144
13661,0.112
13662,-0.198
13663,-0.22
13664,-0.012
13665,-0.059
13666,-0.364
13667,-0.173
13668,-0.012
13669,-0.103
13670,-0.042
13671,-0.286
13672,-0.044
13673,0.066
13674,-0.176
13675,-0.273
13676,-0.078
13677,-0.217
13678,-0.154
13679,-0.247
13680,-0.251
13681,-0.044
13682,-0.12
13683,-0.234
13684,-0.093
13685,0.085
13686,-0.256
13687,-0.234
13688,-0.083
13689,-0.066
13690,-0.024
13691,0.056
13692,-0.02
13693,-0.039
13694,-0.027
13695,-0.098
13696,-0.132
13697,0.017
13698,-0.11
13699,-0.127
13700,-0.073
13701,-0.269
13702,-0.273
13703,-0.046
13704,-0.115
13705,-0.142
13706,-0.312
13707,-0.015
13708,0.02
13709,-0.259
13710,-0.176
13711,-0.007
13712,-0.139
13713,-0.276
13714,-0.088
13715,0.063
13716,-0.168
13717,-0.227
13718,-0.024
13719,-0.071
13720,-0.19
13721,-0.146
13722,-0.027
13723,-0.159
13724,-0.352
13725,-0.205
13726,0.024
13727,0.039
13728,-0.12
13729,-0.291
13730,-0.051
13731,0.049
13732,-0.02
13733,-0.032
13734,-0.022
13735,-0.027
13736,-0.068
13737,-0.142
13738,-0.217
13739,-0.225
13740,-0.215
13741,-0.005
13742,-0.051
13743,-0.342
13744,-0.02
13745,-0.037
13746,-0.198
13747,-0.398
13748,0.254
13749,0.027
13750,-0.312
13751,-0.156
13752,-0.09
13753,-0.173
13754,-0.01
13755,-0.364
13756,-0.046
13757,-0.044
13758,-0.144
13759,-0.198
13760,-0.022
13761,-0.208
13762,-0.078
13763,-0.222
13764,0.066
13765,-0.142
13766,-0.125
13767,-0.066
13768,-0.027
13769,-0.195
13770,0.02
13771,-0.027
13772,-0.325
13773,0.017
13774,-0.061
13775,-0.388
13776,0.027
13777,-0.063
13778,-0.149
13779,-0.22
13780,-0.237
13781,-0.183
13782,-0.076
13783,-0.347
13784,0.071
13785,-0.046
13786,-0.413
13787,-0.005
13788,0.146
13789,-0.156
13790,-0.22
13791,0.022
13792,-0.352
13793,-0.129
13794,0.054
13795,-0.205
13796,0.049
13797,-0.085
13798,-0.203
13799,0.203
13800,-0.107
13801,-0.173
13802,-0.161
13803,-0.232
13804,-0.264
13805,-0.027
13806,-0.415
13807,-0.095
13808,-0.029
13809,-0.19
13810,-0.103
13811,0.173
13812,-0.134
13813,-0.056
13814,-0.059
13815,-0.332
13816,0.056
13817,0.037
13818,-0.02
13819,-0.156
13820,-0.364
13821,-0.142
13822,-0.083
13823,-0.303
13824,-0.352
13825,0.051
13826,-0.149
13827,-0.015
13828,-0.134
13829,-0.229
13830,-0.203
13831,-0.01
13832,-0.029
13833,-0.181
13834,-0.142
13835,-0.029
13836,-0.024
13837,-0.054
13838,0.032
13839,-0.151
13840,-0.132
13841,-0.173
13842,0.12
13843,-0.059
13844,-0.33
13845,0.042
13846,-0.09
13847,-0.222
13848,-0.088
13849,0.063
13850,0.0
13851,0.098
13852,0.024
13853,-0.051
13854,-0.103
13855,-0.122
13856,0.073
13857,-0.042
13858,-0.007
13859,-0.132
13860,-0.034
13861,-0.164
13862,-0.11
13863,-0.112
13864,0.054
13865,0.161
13866,-0.171
13867,-0.42
13868,-0.151
13869,-0.005
13870,0.029
13871,0.044
13872,-0.286
13873,-0.212
13874,-0.305
13875,-0.317
13876,0.076
13877,-0.071
13878,-0.076
13879,-0.237
13880,-0.127
13881,-0.085
13882,-0.261
13883,-0.107
13884,0.059
13885,0.039
13886,-0.303
13887,-0.088
13888,-0.039
13889,-0.247
13890,-0.085
13891,0.049
13892,-0.161
13893,-0.134
13894,-0.276
13895,-0.171
13896,-0.037
13897,-0.31
13898,-0.186
13899,0.076
13900,-0.093
13901,-0.166
13902,-0.154
13903,-0.312
13904,0.022
13905,0.034
13906,-0.149
13907,-0.188
13908,-0.154
13909,-0.21
13910,-0.283
13911,0.061
13912,-0.156
13913,-0.078
13914,0.037
13915,0.01
13916,-0.095
13917,-0.171
13918,-0.144
13919,-0.137
13920,-0.278
13921,-0.234
13922,-0.12
13923,-0.334
13924,-0.317
13925,-0.168
13926,-0.054
13927,-0.154
13928,-0.149
13929,-0.049
13930,-0.188
13931,-0.186
13932,0.09
13933,0.049
13934,-0.183
13935,-0.11
13936,-0.034
13937,-0.105
13938,-0.261
13939,-0.061
13940,0.015
13941,0.059
13942,-0.039
13943,-0.09
13944,-0.129
13945,-0.198
13946,-0.271
13947,-0.01
13948,0.044
13949,-0.037
13950,-0.01
13951,-0.234
13952,-0.33
13953,0.061
13954,0.178
13955,-0.117
13956,-0.125
13957,0.012
13958,0.027
13959,0.0
13960,-0.037
13961,-0.22
13962,-0.098
13963,-0.256
13964,-0.059
13965,-0.085
13966,-0.21
13967,-0.237
13968,0.007
13969,-0.31
13970,-0.239
13971,-0.237
13972,-0.159
13973,-0.068
13974,-0.034
13975,-0.015
13976,-0.059
13977,-0.154
13978,-0.295
13979,0.034
13980,-0.161
13981,-0.256
13982,-0.093
13983,-0.259
13984,-0.291
13985,-0.083
13986,-0.142
13987,-0.237
13988,-0.227
13989,-0.291
13990,-0.078
13991,-0.208
13992,-0.01
13993,0.183
13994,0.063
13995,-0.168
13996,0.015
13997,-0.122
13998,-0.349
13999,0.078
14000,0.012
14001,-0.293
14002,-0.027
14003,-0.098
14004,-0.09
14005,-0.032
14006,-0.281
14007,-0.032
14008,-0.027
14009,-0.374
14010,-0.139
14011,0.164
14012,-0.337
14013,-0.156
14014,-0.032
14015,-0.063
14016,0.022
14017,-0.063
14018,-0.161
14019,0.076
14020,-0.081
14021,-0.095
14022,-0.09
14023,-0.291
14024,-0.19
14025,0.01
14026,-0.139
14027,-0.308
14028,-0.208
14029,-0.242
14030,-0.266
14031,-0.085
14032,-0.193
14033,-0.037
14034,-0.049
14035,-0.166
14036,-0.208
14037,-0.093
14038,-0.232
14039,-0.012
14040,-0.042
14041,-0.237
14042,-0.063
14043,0.024
14044,-0.339
14045,-0.371
14046,-0.095
14047,-0.208
14048,-0.291
14049,-0.261
14050,-0.271
14051,-0.098
14052,-0.088
14053,-0.063
14054,-0.076
14055,-0.066
14056,-0.198
14057,0.073
14058,0.005
14059,0.015
14060,-0.029
14061,-0.127
14062,-0.061
14063,-0.11
14064,-0.098
14065,0.02
14066,-0.273
14067,-0.356
14068,-0.066
14069,-0.168
14070,-0.208
14071,-0.085
14072,-0.088
14073,-0.188
14074,-0.144
14075,-0.227
14076,-0.164
14077,-0.051
14078,-0.183
14079,-0.032
14080,-0.171
14081,-0.122
14082,-0.063
14083,-0.22
14084,-0.322
14085,-0.303
14086,-0.186
14087,-0.122
14088,-0.078
14089,-0.193
14090,-0.083
14091,-0.144
14092,-0.176
14093,-0.098
14094,-0.093
14095,-0.129
14096,-0.024
14097,-0.054
14098,-0.107
14099,0.005
14100,-0.056
14101,-0.051
14102,-0.017
14103,-0.229
14104,-0.088
14105,0.054
14106,-0.229
14107,-0.032
14108,-0.078
14109,-0.037
14110,-0.037
14111,-0.076
14112,-0.066
14113,-0.122
14114,-0.225
14115,-0.203
14116,-0.083
14117,-0.117
14118,-0.112
14119,0.027
14120,-0.054
14121,-0.073
14122,-0.115
14123,-0.127
14124,-0.063
14125,-0.144
14126,-0.173
14127,-0.176
14128,-0.037
14129,-0.178
14130,-0.232
14131,-0.21
14132,0.046
14133,-0.11
14134,-0.146
14135,-0.166
14136,-0.085
14137,-0.088
14138,-0.085
14139,0.01
14140,0.017
14141,-0.156
14142,-0.237
14143,-0.222
14144,-0.132
14145,-0.249
14146,-0.2
14147,-0.161
14148,-0.159
14149,-0.093
14150,-0.098
14151,-0.234
14152,-0.056
14153,-0.156
14154,-0.063
14155,-0.049
14156,-0.071
14157,0.022
14158,-0.037
14159,-0.156
14160,-0.051
14161,-0.056
14162,-0.127
14163,-0.132
14164,-0.225
14165,-0.227
14166,-0.2
14167,-0.21
14168,-0.061
14169,-0.154
14170,-0.283
14171,-0.339
14172,-0.247
14173,-0.161
14174,-0.046
14175,0.042
14176,0.02
14177,-0.127
14178,-0.11
14179,0.005
14180,0.02
14181,-0.129
14182,-0.161
14183,-0.037
14184,0.044
14185,-0.085
14186,-0.186
14187,-0.081
14188,-0.129
14189,-0.129
14190,-0.103
14191,-0.154
14192,-0.129
14193,-0.22
14194,-0.125
14195,-0.085
14196,-0.225
14197,-0.085
14198,-0.017
14199,-0.173
14200,-0.203
14201,-0.027
14202,-0.125
14203,0.093
14204,-0.071
14205,-0.151
14206,-0.164
14207,-0.188
14208,-0.198
14209,-0.159
14210,-0.166
14211,-0.178
14212,-0.09
14213,-0.1
14214,-0.017
14215,-0.015
14216,-0.205
14217,-0.012
14218,0.002
14219,-0.151
14220,0.005
14221,0.061
14222,-0.186
14223,-0.154
14224,-0.085
14225,-0.081
14226,0.01
14227,-0.168
14228,-0.059
14229,-0.037
14230,-0.295
14231,-0.168
14232,-0.034
14233,-0.049
14234,-0.083
14235,-0.1
14236,-0.127
14237,-0.024
14238,-0.051
14239,-0.127
14240,-0.081
14241,-0.027
14242,0.007
14243,-0.1
14244,-0.254
14245,-0.212
14246,-0.208
14247,-0.264
14248,-0.186
14249,-0.01
14250,-0.225
14251,-0.09
14252,-0.02
14253,-0.276
14254,-0.171
14255,0.098
14256,0.039
14257,-0.173
14258,-0.183
14259,-0.139
14260,-0.105
14261,-0.154
14262,-0.132
14263,-0.056
14264,0.061
14265,0.027
14266,-0.071
14267,-0.046
14268,-0.11
14269,0.061
14270,0.037
14271,-0.127
14272,-0.081
14273,-0.125
14274,-0.117
14275,-0.1
14276,-0.146
14277,-0.193
14278,0.002
14279,-0.068
14280,-0.168
14281,-0.125
14282,-0.12
14283,-0.154
14284,-0.137
14285,-0.237
14286,-0.195
14287,-0.139
14288,-0.364
14289,-0.164
14290,-0.01
14291,-0.127
14292,-0.286
14293,-0.12
14294,0.022
14295,-0.066
14296,-0.12
14297,-0.132
14298,0.059
14299,-0.2
14300,-0.078
14301,-0.115
14302,-0.046
14303,0.002
14304,-0.129
14305,-0.22
14306,-0.103
14307,-0.134
14308,-0.11
14309,0.046
14310,-0.264
14311,-0.107
14312,-0.09
14313,-0.149
14314,-0.073
14315,-0.098
14316,-0.2
14317,-0.254
14318,-0.076
14319,-0.171
14320,-0.049
14321,-0.115
14322,-0.112
14323,-0.21
14324,-0.024
14325,-0.056
14326,-0.132
14327,-0.259
14328,-0.127
14329,-0.039
14330,-0.347
14331,-0.19
14332,-0.083
14333,-0.042
14334,-0.103
14335,-0.037
14336,-0.107
14337,-0.078
14338,-0.005
14339,-0.015
14340,-0.085
14341,-0.193
14342,-0.098
14343,-0.005
14344,-0.054
14345,-0.095
14346,-0.061
14347,-0.215
14348,-0.205
14349,-0.146
14350,-0.325
14351,-0.154
14352,0.061
14353,-0.107
14354,-0.146
14355,-0.129
14356,-0.088
14357,0.063
14358,-0.134
14359,-0.281
14360,-0.076
14361,-0.132
14362,-0.103
14363,-0.325
14364,-0.266
14365,-0.278
14366,0.022
14367,0.142
14368,0.002
14369,-0.271
14370,-0.173
14371,0.217
14372,-0.2
14373,-0.151
14374,-0.227
14375,-0.027
14376,-0.195
14377,-0.315
14378,-0.193
14379,0.039
14380,0.198
14381,0.066
14382,-0.12
14383,-0.068
14384,0.037
14385,-0.337
14386,0.02
14387,-0.01
14388,-0.103
14389,-0.215
14390,-0.081
14391,0.056
14392,0.0
14393,-0.212
14394,-0.22
14395,-0.056
14396,-0.166
14397,-0.193
14398,-0.259
14399,-0.19
14400,-0.249
14401,-0.215
14402,-0.251
14403,-0.139
14404,0.063
14405,-0.034
14406,-0.171
14407,-0.176
14408,-0.142
14409,-0.068
14410,-0.164
14411,-0.232
14412,-0.286
14413,-0.308
14414,-0.134
14415,-0.051
14416,-0.073
14417,-0.059
14418,-0.071
14419,-0.12
14420,-0.076
14421,-0.024
14422,-0.078
14423,-0.127
14424,-0.198
14425,-0.195
14426,-0.01
14427,-0.061
14428,-0.066
14429,-0.149
14430,-0.127
14431,-0.09
14432,-0.098
14433,-0.144
14434,-0.161
14435,-0.171
14436,-0.088
14437,-0.017
14438,-0.071
14439,-0.066
14440,-0.198
14441,-0.186
14442,-0.095
14443,-0.125
14444,-0.085
14445,-0.208
14446,-0.234
14447,-0.11
14448,-0.125
14449,-0.339
14450,-0.237
14451,-0.251
14452,-0.2
14453,-0.122
14454,-0.156
14455,-0.344
14456,-0.171
14457,0.056
14458,0.046
14459,-0.073
14460,-0.027
14461,0.095
14462,-0.049
14463,-0.044
14464,0.022
14465,-0.01
14466,-0.181
14467,-0.117
14468,0.002
14469,-0.242
14470,-0.156
14471,-0.132
14472,-0.09
14473,-0.093
14474,-0.217
14475,-0.178
14476,-0.068
14477,-0.242
14478,-0.068
14479,-0.105
14480,-0.227
14481,-0.295
14482,-0.063
14483,-0.137
14484,-0.164
14485,-0.195
14486,-0.01
14487,-0.122
14488,-0.366
14489,-0.176
14490,-0.107
14491,-0.259
14492,-0.154
14493,-0.105
14494,-0.312
14495,-0.139
14496,-0.212
14497,0.015
14498,-0.186
14499,-0.222
14500,0.093
14501,0.195
14502,-0.146
14503,-0.002
14504,0.061
14505,-0.208
14506,-0.278
14507,0.076
14508,-0.015
14509,-0.215
14510,-0.217
14511,-0.166
14512,0.007
14513,-0.068
14514,-0.215
14515,0.039
14516,-0.02
14517,-0.171
14518,-0.352
14519,-0.208
14520,0.007
14521,-0.127
14522,-0.281
14523,0.0
14524,-0.02
14525,-0.19
14526,-0.105
14527,0.071
14528,0.066
14529,-0.115
14530,-0.139
14531,-0.21
14532,-0.166
14533,-0.264
14534,-0.005
14535,-0.173
14536,-0.322
14537,-0.227
14538,-0.127
14539,-0.068
14540,-0.01
14541,0.012
14542,-0.166
14543,-0.1
14544,-0.022
14545,-0.056
14546,-0.005
14547,-0.234
14548,0.007
14549,-0.032
14550,0.027
14551,-0.103
14552,-0.232
14553,-0.168
14554,0.007
14555,-0.203
14556,-0.178
14557,-0.071
14558,-0.103
14559,0.022
14560,-0.151
14561,-0.203
14562,-0.11
14563,0.173
14564,-0.449
14565,-0.129
14566,0.205
14567,-0.076
14568,-0.349
14569,0.098
14570,-0.259
14571,-0.105
14572,-0.039
14573,-0.098
14574,0.085
14575,-0.239
14576,-0.356
14577,0.149
14578,-0.237
14579,-0.315
14580,-0.164
14581,-0.02
14582,-0.19
14583,-0.002
14584,-0.2
14585,-0.146
14586,-0.105
14587,0.225
14588,0.076
14589,-0.249
14590,-0.193
14591,-0.024
14592,-0.156
14593,-0.19
14594,0.002
14595,-0.281
14596,-0.078
14597,0.076
14598,-0.151
14599,-0.273
14600,-0.295
14601,-0.12
14602,0.024
14603,-0.278
14604,-0.251
14605,0.195
14606,-0.203
14607,-0.217
14608,0.176
14609,-0.049
14610,-0.325
14611,0.125
14612,0.024
14613,-0.002
14614,-0.078
14615,-0.261
14616,-0.042
14617,0.002
14618,-0.183
14619,-0.139
14620,-0.09
14621,-0.107
14622,0.2
14623,-0.115
14624,-0.337
14625,-0.007
14626,-0.073
14627,-0.117
14628,-0.044
14629,-0.105
14630,-0.154
14631,0.042
14632,-0.083
14633,-0.254
14634,-0.183
14635,-0.024
14636,-0.007
14637,-0.242
14638,-0.078
14639,-0.061
14640,0.034
14641,-0.154
14642,-0.083
14643,-0.137
14644,-0.142
14645,-0.095
14646,-0.264
14647,-0.115
14648,-0.225
14649,-0.381
14650,-0.161
14651,-0.112
14652,-0.332
14653,-0.293
14654,-0.122
14655,-0.044
14656,-0.154
14657,-0.205
14658,-0.156
14659,-0.129
14660,-0.034
14661,-0.234
14662,-0.015
14663,0.186
14664,0.059
14665,-0.229
14666,0.071
14667,0.085
14668,-0.137
14669,-0.215
14670,-0.017
14671,-0.244
14672,-0.371
14673,-0.154
14674,-0.049
14675,-0.161
14676,-0.359
14677,-0.127
14678,0.093
14679,-0.186
14680,-0.176
14681,-0.034
14682,-0.103
14683,-0.012
14684,0.068
14685,-0.205
14686,-0.144
14687,0.005
14688,-0.112
14689,-0.046
14690,-0.044
14691,-0.215
14692,-0.31
14693,-0.244
14694,-0.029
14695,-0.095
14696,-0.059
14697,-0.09
14698,-0.115
14699,-0.154
14700,-0.164
14701,-0.081
14702,0.02
14703,-0.076
14704,-0.186
14705,-0.278
14706,-0.161
14707,0.063
14708,-0.049
14709,-0.046
14710,0.076
14711,-0.005
14712,-0.107
14713,-0.017
14714,-0.137
14715,-0.076
14716,-0.139
14717,-0.247
14718,-0.161
14719,-0.154
14720,-0.229
14721,0.01
14722,-0.061
14723,-0.229
14724,-0.122
14725,-0.095
14726,-0.166
14727,-0.12
14728,-0.21
14729,-0.117
14730,-0.33
14731,-0.259
14732,-0.239
14733,-0.212
14734,-0.273
14735,-0.129
14736,-0.039
14737,-0.168
14738,-0.022
14739,-0.044
14740,-0.173
14741,-0.149
14742,-0.103
14743,-0.212
14744,0.247
14745,0.168
14746,-0.078
14747,-0.061
14748,-0.156
14749,-0.203
14750,-0.027
14751,-0.088
14752,-0.227
14753,-0.173
14754,-0.234
14755,-0.156
14756,-0.286
14757,-0.396
14758,-0.205
14759,0.01
14760,-0.188
14761,-0.237
14762,-0.051
14763,-0.112
14764,-0.12
14765,0.024
14766,-0.032
14767,-0.227
14768,-0.288
14769,-0.339
14770,-0.095
14771,-0.261
14772,-0.312
14773,-0.117
14774,-0.205
14775,-0.359
14776,-0.222
14777,-0.208
14778,-0.176
14779,-0.066
14780,-0.212
14781,-0.205
14782,-0.046
14783,-0.181
14784,-0.173
14785,-0.002
14786,-0.073
14787,-0.203
14788,0.054
14789,0.095
14790,-0.029
14791,-0.112
14792,-0.032
14793,0.017
14794,-0.144
14795,-0.369
14796,-0.151
14797,-0.161
14798,-0.254
14799,-0.232
14800,-0.259
14801,-0.161
14802,-0.251
14803,-0.149
14804,-0.132
14805,-0.132
14806,-0.125
14807,-0.078
14808,-0.005
14809,-0.085
14810,-0.244
14811,-0.107
14812,-0.017
14813,-0.117
14814,-0.122
14815,-0.073
14816,-0.039
14817,0.076
14818,-0.073
14819,-0.32
14820,-0.095
14821,0.02
14822,-0.154
14823,-0.178
14824,-0.005
14825,-0.073
14826,-0.186
14827,0.039
14828,0.071
14829,0.0
14830,-0.159
14831,-0.051
14832,0.02
14833,-0.132
14834,-0.093
14835,0.098
14836,0.139
14837,0.005
14838,-0.146
14839,-0.09
14840,0.168
14841,-0.193
14842,-0.198
14843,-0.063
14844,-0.139
14845,-0.288
14846,-0.229
14847,-0.085
14848,-0.051
14849,-0.266
14850,-0.3
14851,-0.046
14852,-0.203
14853,-0.203
14854,0.078
14855,-0.044
14856,-0.305
14857,-0.232
14858,-0.068
14859,-0.198
14860,-0.166
14861,-0.193
14862,-0.2
14863,-0.173
14864,-0.054
14865,0.054
14866,-0.095
14867,-0.093
14868,0.01
14869,0.049
14870,-0.017
14871,0.022
14872,-0.085
14873,-0.085
14874,-0.066
14875,-0.156
14876,-0.061
14877,-0.115
14878,-0.334
14879,-0.12
14880,-0.022
14881,-0.12
14882,-0.139
14883,-0.002
14884,-0.288
14885,-0.203
14886,-0.122
14887,-0.1
14888,-0.042
14889,-0.007
14890,-0.088
14891,-0.078
14892,-0.225
14893,-0.156
14894,-0.115
14895,-0.061
14896,-0.134
14897,-0.132
14898,-0.269
14899,-0.281
14900,-0.083
14901,-0.039
14902,-0.1
14903,-0.095
14904,-0.234
14905,-0.171
14906,-0.132
14907,-0.037
14908,-0.049
14909,0.129
14910,-0.132
14911,-0.105
14912,-0.1
14913,-0.071
14914,-0.149
14915,-0.229
14916,0.093
14917,-0.066
14918,-0.295
14919,-0.127
14920,0.193
14921,-0.198
14922,0.0
14923,0.21
14924,-0.144
14925,-0.298
14926,-0.251
14927,0.088
14928,0.042
14929,-0.312
14930,-0.129
14931,-0.032
14932,-0.134
14933,-0.168
14934,-0.068
14935,-0.2
14936,-0.137
14937,-0.093
14938,-0.137
14939,-0.042
14940,-0.063
14941,-0.212
14942,-0.151
14943,-0.137
14944,-0.085
14945,-0.168
14946,-0.164
14947,-0.022
14948,-0.149
14949,-0.327
14950,-0.017
14951,0.085
14952,-0.115
14953,-0.029
14954,-0.068
14955,0.024
14956,0.088
14957,-0.227
14958,-0.11
14959,0.017
14960,-0.049
14961,-0.103
14962,-0.027
14963,-0.051
14964,-0.059
14965,-0.166
14966,-0.061
14967,-0.078
14968,0.12
14969,-0.115
14970,-0.168
14971,-0.046
14972,0.122
14973,-0.039
14974,-0.273
14975,-0.01
14976,-0.166
14977,-0.159
14978,-0.063
14979,0.046
14980,-0.171
14981,-0.085
14982,-0.103
14983,-0.208
14984,-0.1
14985,-0.203
14986,0.032
14987,0.125
14988,-0.149
14989,-0.461
14990,0.095
14991,-0.093
14992,-0.156
14993,-0.032
14994,-0.122
14995,0.037
14996,-0.112
14997,-0.195
14998,-0.242
14999,0.015
15000,-0.107
15001,-0.164
15002,-0.11
15003,-0.139
15004,0.034
15005,-0.085
15006,-0.029
15007,-0.027
15008,0.034
15009,-0.071
15010,-0.222
15011,-0.027
15012,-0.059
15013,-0.085
15014,-0.007
15015,0.007
15016,-0.181
15017,-0.105
15018,-0.378
15019,-0.056
15020,-0.024
15021,-0.232
15022,-0.103
15023,-0.186
15024,0.037
15025,-0.112
15026,-0.103
15027,-0.125
15028,0.042
15029,-0.366
15030,-0.01
15031,0.332
15032,-0.161
15033,-0.217
15034,-0.12
15035,-0.059
15036,-0.334
15037,0.02
15038,-0.193
15039,0.044
15040,-0.076
15041,-0.142
15042,0.076
15043,0.012
15044,-0.222
15045,0.042
15046,-0.259
15047,-0.264
15048,-0.112
15049,-0.081
15050,-0.09
15051,-0.149
15052,-0.156
15053,-0.059
15054,-0.056
15055,-0.237
15056,-0.315
15057,0.042
15058,-0.027
15059,-0.059
15060,-0.2
15061,-0.237
15062,-0.022
15063,-0.264
15064,-0.232
15065,0.112
15066,-0.034
15067,-0.222
15068,0.015
15069,0.229
15070,0.007
15071,-0.078
15072,-0.073
15073,-0.068
15074,-0.161
15075,-0.2
15076,-0.076
15077,0.056
15078,-0.103
15079,-0.244
15080,-0.037
15081,-0.117
15082,-0.183
15083,-0.122
15084,0.027
15085,0.022
15086,-0.039
15087,-0.3
15088,-0.071
15089,-0.032
15090,-0.112
15091,-0.122
15092,-0.19
15093,-0.298
15094,-0.09
15095,-0.134
15096,-0.291
15097,-0.103
15098,-0.125
15099,-0.208
15100,-0.156
15101,-0.164
15102,-0.168
15103,-0.183
15104,-0.212
15105,-0.083
15106,-0.081
15107,-0.183
15108,-0.081
15109,-0.024
15110,-0.115
15111,-0.076
15112,-0.012
15113,-0.183
15114,-0.068
15115,-0.215
15116,-0.173
15117,-0.183
15118,-0.208
15119,-0.129
15120,0.095
15121,-0.046
15122,-0.249
15123,-0.161
15124,-0.149
15125,-0.132
15126,-0.105
15127,0.044
15128,-0.12
15129,-0.183
15130,-0.242
15131,-0.034
15132,0.11
15133,-0.051
15134,-0.251
15135,-0.215
15136,-0.085
15137,-0.11
15138,-0.093
15139,-0.12
15140,-0.237
15141,-0.164
15142,-0.132
15143,-0.134
15144,-0.186
15145,-0.056
15146,-0.063
15147,-0.037
15148,-0.105
15149,-0.232
15150,-0.071
15151,-0.076
15152,-0.103
15153,-0.166
15154,-0.166
15155,-0.078
15156,-0.215
15157,-0.063
15158,-0.015
15159,-0.217
15160,-0.217
15161,-0.1
15162,-0.125
15163,-0.029
15164,-0.271
15165,-0.247
15166,-0.151
15167,-0.195
15168,-0.02
15169,-0.002
15170,-0.076
15171,-0.215
15172,-0.042
15173,-0.127
15174,-0.266
15175,-0.127
15176,-0.1
15177,-0.183
15178,-0.176
15179,-0.205
15180,-0.125
15181,-0.112
15182,-0.056
15183,0.027
15184,-0.176
15185,-0.098
15186,-0.005
15187,0.0
15188,-0.337
15189,-0.159
15190,0.103
15191,-0.105
15192,-0.142
15193,0.054
15194,0.12
15195,-0.205
15196,-0.422
15197,-0.112
15198,0.093
15199,-0.195
15200,-0.21
15201,-0.059
15202,-0.249
15203,-0.261
15204,-0.02
15205,-0.144
15206,-0.051
15207,0.0
15208,-0.076
15209,-0.134
15210,-0.122
15211,-0.283
15212,0.022
15213,-0.049
15214,-0.278
15215,-0.369
15216,-0.227
15217,-0.325
15218,-0.361
15219,-0.127
15220,-0.276
15221,-0.254
15222,-0.034
15223,0.005
15224,-0.1
15225,-0.188
15226,-0.166
15227,0.098
15228,-0.002
15229,-0.078
15230,-0.071
15231,-0.188
15232,-0.2
15233,-0.1
15234,-0.112
15235,-0.081
15236,-0.137
15237,-0.232
15238,-0.183
15239,-0.081
15240,-0.093
15241,-0.12
15242,-0.227
15243,-0.063
15244,-0.156
15245,-0.159
15246,-0.088
15247,0.063
15248,-0.164
15249,-0.227
15250,-0.066
15251,-0.115
15252,-0.12
15253,-0.105
15254,0.166
15255,-0.054
15256,-0.264
15257,-0.2
15258,-0.061
15259,-0.015
15260,0.061
15261,0.005
15262,-0.088
15263,-0.171
15264,-0.215
15265,-0.105
15266,0.071
15267,0.034
15268,-0.176
15269,-0.037
15270,-0.166
15271,-0.051
15272,-0.01
15273,-0.081
15274,0.071
15275,-0.046
15276,-0.205
15277,-0.125
15278,-0.01
15279,-0.149
15280,-0.254
15281,-0.168
15282,-0.103
15283,-0.249
15284,-0.225
15285,-0.042
15286,-0.161
15287,-0.112
15288,-0.007
15289,-0.115
15290,-0.154
15291,-0.227
15292,0.02
15293,-0.103
15294,-0.173
15295,-0.171
15296,-0.137
15297,-0.054
15298,-0.022
15299,-0.173
15300,0.002
15301,-0.078
15302,-0.256
15303,-0.212
15304,-0.049
15305,-0.168
15306,-0.068
15307,-0.1
15308,-0.081
15309,-0.073
15310,-0.112
15311,-0.068
15312,0.034
15313,0.056
15314,-0.068
15315,-0.027
15316,-0.134
15317,0.037
15318,0.002
15319,0.029
15320,-0.002
15321,-0.161
15322,-0.161
15323,-0.22
15324,-0.173
15325,-0.01
15326,-0.212
15327,-0.278
15328,-0.039
15329,-0.037
15330,-0.195
15331,-0.081
15332,-0.134
15333,-0.056
15334,-0.103
15335,-0.22
15336,-0.305
15337,0.032
15338,-0.125
15339,-0.278
15340,-0.32
15341,-0.254
15342,-0.139
15343,-0.017
15344,-0.017
15345,-0.144
15346,-0.129
15347,-0.09
15348,-0.027
15349,-0.095
15350,-0.068
15351,0.059
15352,0.0
15353,-0.022
15354,0.115
15355,0.046
15356,-0.217
15357,-0.063
15358,-0.066
15359,-0.203
15360,-0.186
15361,-0.132
15362,-0.183
15363,-0.232
15364,-0.151
15365,-0.11
15366,-0.017
15367,-0.21
15368,-0.139
15369,0.017
15370,-0.115
15371,-0.137
15372,-0.046
15373,-0.146
15374,-0.137
15375,-0.117
15376,-0.083
15377,-0.144
15378,-0.244
15379,-0.303
15380,-0.256
15381,0.002
15382,-0.183
15383,-0.127
15384,-0.171
15385,-0.215
15386,-0.029
15387,-0.112
15388,-0.042
15389,0.042
15390,-0.105
15391,-0.093
15392,0.032
15393,-0.083
15394,-0.071
15395,-0.159
15396,-0.183
15397,-0.085
15398,-0.049
15399,-0.083
15400,-0.188
15401,-0.029
15402,-0.269
15403,-0.151
15404,-0.3
15405,-0.259
15406,-0.085
15407,0.012
15408,-0.164
15409,-0.159
15410,-0.134
15411,-0.259
15412,-0.051
15413,0.029
15414,-0.073
15415,-0.073
15416,-0.046
15417,-0.142
15418,-0.259
15419,-0.156
15420,-0.168
15421,-0.046
15422,-0.254
15423,-0.061
15424,-0.266
15425,0.061
15426,0.1
15427,-0.21
15428,-0.093
15429,-0.125
15430,0.039
15431,-0.125
15432,-0.212
15433,-0.337
15434,-0.161
15435,-0.022
15436,0.0
15437,-0.315
15438,-0.107
15439,0.161
15440,-0.156
15441,-0.349
15442,-0.278
15443,0.059
15444,-0.225
15445,-0.029
15446,0.256
15447,0.071
15448,-0.195
15449,-0.237
15450,-0.081
15451,0.1
15452,-0.232
15453,-0.105
15454,-0.149
15455,-0.205
15456,-0.205
15457,-0.164
15458,-0.22
15459,-0.142
15460,-0.276
15461,-0.154
15462,-0.044
15463,-0.293
15464,0.027
15465,0.01
15466,0.076
15467,-0.066
15468,0.159
15469,0.129
15470,-0.054
15471,-0.239
15472,-0.164
15473,-0.137
15474,-0.237
15475,-0.142
15476,0.049
15477,-0.205
15478,-0.234
15479,-0.056
15480,-0.139
15481,-0.232
15482,-0.195
15483,-0.002
15484,-0.09
15485,-0.125
15486,-0.222
15487,-0.159
15488,-0.215
15489,-0.261
15490,-0.146
15491,-0.095
15492,-0.068
15493,-0.144
15494,-0.063
15495,0.081
15496,-0.083
15497,-0.132
15498,-0.09
15499,-0.105
15500,-0.083
15501,-0.195
15502,-0.222
15503,-0.088
15504,-0.249
15505,-0.259
15506,-0.032
15507,-0.125
15508,-0.146
15509,-0.115
15510,-0.049
15511,-0.127
15512,-0.103
15513,-0.007
15514,-0.11
15515,-0.139
15516,-0.09
15517,-0.066
15518,-0.186
15519,-0.203
15520,0.015
15521,-0.168
15522,-0.159
15523,-0.066
15524,-0.037
15525,-0.134
15526,-0.107
15527,-0.081
15528,-0.122
15529,-0.02
15530,-0.112
15531,-0.085
15532,-0.095
15533,-0.093
15534,0.002
15535,-0.027
15536,-0.178
15537,-0.139
15538,-0.056
15539,-0.085
15540,-0.178
15541,-0.269
15542,-0.103
15543,-0.088
15544,-0.269
15545,-0.115
15546,-0.178
15547,-0.11
15548,-0.205
15549,-0.212
15550,-0.132
15551,0.068
15552,-0.085
15553,-0.078
15554,-0.09
15555,-0.09
15556,-0.208
15557,-0.098
15558,0.105
15559,0.007
15560,-0.129
15561,-0.112
15562,-0.056
15563,-0.254
15564,-0.303
15565,-0.005
15566,0.037
15567,-0.112
15568,-0.229
15569,0.02
15570,-0.037
15571,-0.081
15572,-0.156
15573,0.042
15574,-0.068
15575,-0.198
15576,-0.21
15577,-0.061
15578,0.015
15579,-0.095
15580,-0.09
15581,-0.154
15582,-0.186
15583,-0.22
15584,-0.151
15585,-0.083
15586,-0.073
15587,-0.288
15588,-0.205
15589,-0.015
15590,-0.071
15591,-0.156
15592,-0.237
15593,0.007
15594,-0.005
15595,0.022
15596,-0.239
15597,-0.02
15598,-0.049
15599,-0.222
15600,-0.137
15601,-0.093
15602,-0.137
15603,-0.386
15604,-0.244
15605,-0.034
15606,-0.107
15607,-0.259
15608,-0.044
15609,0.073
15610,-0.127
15611,-0.198
15612,-0.054
15613,-0.02
15614,-0.208
15615,0.0
15616,-0.117
15617,-0.217
15618,-0.295
15619,-0.159
15620,-0.164
15621,-0.051
15622,-0.278
15623,-0.154
15624,-0.078
15625,-0.225
15626,-0.117
15627,-0.217
15628,-0.105
15629,-0.076
15630,-0.098
15631,-0.024
15632,0.024
15633,-0.083
15634,-0.037
15635,-0.042
15636,-0.088
15637,-0.176
15638,-0.139
15639,0.01
15640,-0.142
15641,-0.144
15642,-0.19
15643,-0.146
15644,-0.115
15645,-0.122
15646,-0.081
15647,-0.208
15648,-0.044
15649,0.005
15650,-0.139
15651,-0.205
15652,0.239
15653,0.234
15654,-0.059
15655,-0.09
15656,-0.146
15657,-0.037
15658,-0.02
15659,-0.029
15660,-0.149
15661,-0.168
15662,-0.212
15663,-0.054
15664,-0.12
15665,-0.291
15666,-0.222
15667,-0.166
15668,0.007
15669,-0.044
15670,-0.315
15671,-0.132
15672,0.01
15673,-0.188
15674,-0.303
15675,-0.11
15676,-0.088
15677,-0.173
15678,-0.051
15679,-0.054
15680,-0.046
15681,-0.151
15682,-0.098
15683,0.0
15684,-0.168
15685,-0.215
15686,-0.112
15687,-0.103
15688,-0.039
15689,-0.066
15690,-0.122
15691,-0.254
15692,-0.076
15693,-0.151
15694,-0.1
15695,-0.105
15696,-0.139
15697,-0.137
15698,-0.073
15699,-0.137
15700,-0.09
15701,-0.154
15702,-0.146
15703,-0.188
15704,-0.273
15705,-0.085
15706,-0.056
15707,-0.325
15708,-0.244
15709,-0.195
15710,-0.156
15711,-0.146
15712,-0.125
15713,-0.281
15714,-0.098
15715,0.068
15716,0.027
15717,-0.139
15718,-0.181
15719,0.068
15720,0.251
15721,0.029
15722,-0.098
15723,-0.083
15724,-0.154
15725,-0.195
15726,-0.2
15727,-0.159
15728,-0.085
15729,-0.117
15730,-0.002
15731,-0.215
15732,-0.217
15733,0.054
15734,0.1
15735,0.032
15736,-0.129
15737,-0.176
15738,-0.168
15739,-0.154
15740,-0.21
15741,-0.125
15742,-0.227
15743,-0.139
15744,-0.154
15745,-0.181
15746,-0.205
15747,-0.046
15748,-0.132
15749,-0.208
15750,-0.151
15751,-0.105
15752,-0.125
15753,-0.01
15754,-0.071
15755,-0.125
15756,-0.039
15757,-0.007
15758,0.02
15759,-0.176
15760,-0.132
15761,-0.02
15762,-0.078
15763,-0.161
15764,-0.176
15765,-0.122
15766,-0.164
15767,-0.173
15768,-0.154
15769,-0.122
15770,-0.239
15771,-0.293
15772,-0.083
15773,-0.046
15774,-0.129
15775,0.02
15776,-0.039
15777,-0.173
15778,-0.105
15779,-0.198
15780,-0.261
15781,-0.129
15782,0.017
15783,-0.127
15784,-0.234
15785,-0.383
15786,-0.266
15787,-0.217
15788,-0.254
15789,-0.234
15790,-0.139
15791,-0.149
15792,-0.137
15793,0.022
15794,0.059
15795,-0.066
15796,-0.09
15797,-0.005
15798,0.073
15799,-0.227
15800,0.007
15801,0.115
15802,-0.027
15803,-0.215
15804,-0.273
15805,-0.234
15806,-0.171
15807,-0.107
15808,0.005
15809,-0.076
15810,-0.391
15811,-0.205
15812,0.2
15813,-0.081
15814,-0.186
15815,-0.186
15816,-0.037
15817,-0.044
15818,-0.005
15819,-0.037
15820,-0.015
15821,-0.078
15822,-0.193
15823,-0.11
15824,-0.144
15825,-0.117
15826,-0.063
15827,-0.356
15828,-0.266
15829,-0.02
15830,-0.186
15831,-0.344
15832,-0.164
15833,0.09
15834,-0.134
15835,-0.247
15836,-0.078
15837,-0.044
15838,-0.071
15839,-0.01
15840,-0.007
15841,-0.005
15842,-0.066
15843,-0.09
15844,-0.105
15845,-0.247
15846,-0.254
15847,-0.264
15848,-0.115
15849,-0.122
15850,-0.259
15851,-0.134
15852,-0.129
15853,0.061
15854,-0.183
15855,-0.156
15856,0.176
15857,0.002
15858,-0.215
15859,-0.142
15860,-0.054
15861,-0.037
15862,-0.059
15863,-0.127
15864,0.012
15865,-0.142
15866,-0.178
15867,-0.12
15868,-0.166
15869,-0.364
15870,-0.081
15871,-0.127
15872,-0.129
15873,-0.034
15874,-0.164
15875,-0.19
15876,-0.02
15877,-0.015
15878,0.022
15879,0.034
15880,-0.122
15881,-0.081
15882,0.046
15883,-0.093
15884,-0.132
15885,-0.12
15886,-0.112
15887,-0.144
15888,-0.181
15889,-0.276
15890,-0.344
15891,-0.146
15892,0.103
15893,-0.029
15894,-0.276
15895,-0.071
15896,0.054
15897,-0.027
15898,-0.139
15899,-0.212
15900,-0.046
15901,0.098
15902,-0.049
15903,-0.259
15904,-0.002
15905,-0.229
15906,-0.232
15907,-0.166
15908,-0.159
15909,-0.212
15910,-0.237
15911,-0.225
15912,-0.144
15913,-0.066
15914,-0.125
15915,0.083
15916,0.063
15917,-0.19
15918,-0.132
15919,-0.093
15920,-0.044
15921,-0.107
15922,-0.09
15923,-0.12
15924,-0.103
15925,-0.127
15926,-0.046
15927,-0.168
15928,-0.217
15929,-0.129
15930,0.017
15931,-0.049
15932,-0.334
15933,-0.081
15934,-0.059
15935,-0.024
15936,-0.281
15937,-0.176
15938,-0.237
15939,-0.088
15940,-0.085
15941,-0.056
15942,-0.144
15943,-0.193
15944,-0.059
15945,0.029
15946,-0.1
15947,-0.146
15948,-0.12
15949,-0.181
15950,-0.151
15951,0.005
15952,-0.002
15953,-0.09
15954,-0.015
15955,-0.127
15956,-0.154
15957,-0.154
15958,-0.19
15959,0.125
15960,-0.002
15961,-0.198
15962,-0.046
15963,-0.005
15964,-0.122
15965,-0.032
15966,-0.137
15967,-0.168
15968,-0.107
15969,-0.256
15970,-0.151
15971,-0.146
15972,-0.117
15973,-0.261
15974,-0.149
15975,-0.171
15976,-0.164
15977,-0.132
15978,-0.112
15979,0.029
15980,-0.142
15981,-0.234
15982,-0.11
15983,-0.112
15984,-0.374
15985,-0.332
15986,-0.212
15987,-0.11
15988,-0.132
15989,-0.244
15990,-0.1
15991,-0.237
15992,-0.195
15993,-0.156
15994,-0.073
15995,-0.151
15996,-0.059
15997,0.088
15998,-0.066
15999,-0.125
16000,0.017
16001,0.073
16002,-0.122
16003,0.02
16004,0.051
16005,-0.139
16006,-0.078
16007,0.012
16008,-0.044
16009,-0.09
16010,0.012
16011,-0.151
16012,-0.193
16013,-0.066
16014,-0.237
16015,-0.149
16016,-0.208
16017,-0.239
16018,-0.112
16019,-0.02
16020,-0.183
16021,0.076
16022,-0.081
16023,-0.293
16024,0.024
16025,-0.107
16026,-0.134
16027,-0.034
16028,-0.093
16029,-0.073
16030,0.076
16031,-0.371
16032,-0.229
16033,-0.134
16034,-0.159
16035,-0.02
16036,-0.002
16037,-0.288
16038,-0.264
16039,-0.176
16040,0.046
16041,-0.029
16042,-0.168
16043,-0.012
16044,0.024
16045,-0.334
16046,-0.107
16047,-0.029
16048,0.0
16049,-0.12
16050,-0.063
16051,-0.291
16052,-0.002
16053,-0.154
16054,-0.234
16055,-0.12
16056,-0.168
16057,-0.286
16058,0.012
16059,-0.093
16060,-0.283
16061,-0.078
16062,-0.161
16063,-0.134
16064,-0.208
16065,-0.117
16066,-0.061
16067,0.017
16068,-0.159
16069,-0.205
16070,-0.215
16071,-0.283
16072,-0.125
16073,-0.098
16074,0.046
16075,-0.027
16076,-0.149
16077,-0.181
16078,-0.051
16079,0.132
16080,0.029
16081,-0.046
16082,-0.176
16083,0.044
16084,-0.107
16085,-0.039
16086,-0.027
16087,-0.181
16088,-0.09
16089,-0.183
16090,-0.242
16091,-0.039
16092,-0.083
16093,-0.239
16094,-0.095
16095,-0.032
16096,-0.239
16097,-0.046
16098,0.168
16099,-0.105
16100,-0.317
16101,0.007
16102,-0.098
16103,-0.217
16104,-0.227
16105,-0.098
16106,-0.034
16107,-0.002
16108,-0.237
16109,-0.144
16110,-0.066
16111,-0.139
16112,-0.098
16113,-0.024
16114,-0.049
16115,-0.146
16116,-0.142
16117,0.007
16118,-0.015
16119,-0.078
16120,-0.093
16121,-0.007
16122,-0.029
16123,0.005
16124,-0.078
16125,-0.01
16126,-0.278
16127,-0.354
16128,-0.029
16129,-0.022
16130,-0.168
16131,-0.251
16132,-0.298
16133,-0.151
16134,-0.066
16135,-0.21
16136,-0.339
16137,-0.076
16138,-0.088
16139,-0.142
16140,-0.083
16141,-0.095
16142,0.046
16143,0.034
16144,-0.227
16145,-0.127
16146,-0.266
16147,-0.051
16148,-0.183
16149,-0.21
16150,-0.022
16151,-0.232
16152,-0.408
16153,-0.103
16154,0.027
16155,-0.193
16156,0.029
16157,-0.066
16158,-0.151
16159,-0.198
16160,-0.017
16161,-0.151
16162,0.076
16163,0.029
16164,-0.073
16165,0.078
16166,-0.137
16167,-0.195
16168,0.149
16169,0.073
16170,-0.146
16171,-0.176
16172,-0.369
16173,-0.254
16174,0.032
16175,-0.154
16176,-0.149
16177,-0.237
16178,-0.137
16179,-0.344
16180,-0.188
16181,-0.1
16182,0.063
16183,0.0
16184,-0.142
16185,-0.151
16186,-0.142
16187,-0.183
16188,-0.261
16189,-0.1
16190,-0.227
16191,-0.217
16192,-0.183
16193,-0.144
16194,-0.066
16195,-0.271
16196,-0.173
16197,-0.125
16198,-0.046
16199,-0.413
16200,0.076
16201,0.122
16202,-0.02
16203,-0.154
16204,-0.042
16205,-0.054
16206,0.012
16207,-0.239
16208,-0.11
16209,0.227
16210,-0.171
16211,-0.249
16212,-0.046
16213,-0.239
16214,-0.12
16215,-0.139
16216,-0.396
16217,-0.071
16218,-0.012
16219,-0.242
16220,-0.1
16221,-0.085
16222,-0.122
16223,-0.215
16224,0.261
16225,-0.103
16226,-0.11
16227,-0.012
16228,-0.21
16229,-0.042
16230,-0.259
16231,-0.161
16232,-0.125
16233,-0.261
16234,-0.376
16235,0.085
16236,-0.376
16237,-0.071
16238,0.176
16239,-0.229
16240,-0.02
16241,0.01
16242,-0.01
16243,-0.151
16244,0.024
16245,-0.19
16246,-0.093
16247,-0.049
16248,0.039
16249,-0.107
16250,-0.156
16251,-0.171
16252,0.161
16253,-0.2
16254,-0.325
16255,0.132
16256,-0.332
16257,-0.154
16258,-0.022
16259,-0.312
16260,-0.051
16261,0.027
16262,-0.054
16263,-0.095
16264,-0.027
16265,-0.183
16266,0.164
16267,-0.259
16268,-0.217
16269,0.02
16270,-0.034
16271,-0.105
16272,-0.049
16273,-0.33
16274,-0.347
16275,-0.076
16276,-0.32
16277,-0.137
16278,-0.11
16279,-0.2
16280,-0.098
16281,-0.081
16282,-0.039
16283,-0.056
16284,0.01
16285,-0.244
16286,0.081
16287,-0.225
16288,0.034
16289,0.11
16290,-0.129
16291,-0.247
16292,0.105
16293,-0.098
16294,-0.032
16295,-0.098
16296,-0.183
16297,0.0
16298,-0.066
16299,-0.244
16300,-0.161
16301,-0.017
16302,-0.134
16303,-0.022
16304,0.005
16305,-0.132
16306,-0.073
16307,-0.125
16308,-0.01
16309,-0.112
16310,-0.166
16311,-0.203
16312,0.0
16313,-0.127
16314,-0.186
16315,-0.076
16316,-0.156
16317,-0.154
16318,-0.142
16319,-0.127
16320,-0.105
16321,0.132
16322,-0.164
16323,-0.171
16324,-0.02
16325,-0.027
16326,-0.098
16327,-0.076
16328,-0.085
16329,-0.103
16330,-0.112
16331,-0.317
16332,-0.098
16333,-0.173
16334,-0.11
16335,-0.066
16336,-0.203
16337,-0.151
16338,-0.146
16339,-0.142
16340,-0.293
16341,0.12
16342,0.051
16343,-0.1
16344,-0.242
16345,-0.156
16346,-0.117
16347,0.027
16348,-0.149
16349,-0.146
16350,-0.168
16351,-0.293
16352,-0.171
16353,-0.19
16354,-0.151
16355,0.005
16356,-0.161
16357,-0.227
16358,-0.1
16359,-0.12
16360,-0.044
16361,-0.059
16362,-0.107
16363,0.034
16364,-0.078
16365,0.146
16366,-0.144
16367,-0.369
16368,0.181
16369,0.056
16370,-0.588
16371,-0.212
16372,0.017
16373,-0.293
16374,-0.012
16375,-0.281
16376,-0.193
16377,-0.034
16378,-0.322
16379,-0.056
16380,0.11
16381,-0.195
16382,0.046
16383,-0.005
16384,-0.332
16385,0.088
16386,-0.134
16387,-0.42
16388,-0.125
16389,-0.127
16390,0.09
16391,-0.2
16392,-0.054
16393,-0.12
16394,0.027
16395,-0.398
16396,0.024
16397,-0.093
16398,-0.557
16399,0.029
16400,0.115
16401,-0.234
16402,-0.205
16403,-0.286
16404,0.083
16405,0.391
16406,-0.144
16407,-0.312
16408,0.266
16409,-0.281
16410,-0.146
16411,0.098
16412,-0.103
16413,0.146
16414,0.095
16415,-0.442
16416,0.107
16417,-0.229
16418,-0.083
16419,0.012
16420,-0.137
16421,-0.2
16422,-0.164
16423,-0.361
16424,0.022
16425,0.154
16426,-0.242
16427,0.046
16428,0.098
16429,-0.222
16430,-0.139
16431,-0.012
16432,0.107
16433,0.044
16434,-0.188
16435,-0.295
16436,-0.081
16437,-0.291
16438,-0.225
16439,0.125
16440,-0.117
16441,-0.212
16442,0.0
16443,-0.017
16444,-0.232
16445,-0.229
16446,-0.173
16447,0.046
16448,-0.181
16449,-0.278
16450,0.029
16451,-0.049
16452,-0.327
16453,-0.032
16454,-0.017
16455,-0.239
16456,-0.024
16457,-0.134
16458,-0.198
16459,-0.134
16460,-0.093
16461,-0.017
16462,0.1
16463,-0.127
16464,-0.149
16465,-0.081
16466,-0.063
16467,0.042
16468,0.02
16469,-0.105
16470,-0.142
16471,-0.078
16472,-0.251
16473,-0.305
16474,-0.12
16475,-0.234
16476,-0.251
16477,-0.254
16478,-0.127
16479,-0.181
16480,-0.081
16481,-0.137
16482,0.034
16483,-0.159
16484,-0.137
16485,-0.139
16486,-0.166
16487,0.034
16488,-0.166
16489,-0.068
16490,0.056
16491,-0.305
16492,-0.583
16493,-0.093
16494,-0.151
16495,-0.4
16496,0.078
16497,0.017
16498,-0.159
16499,-0.149
16500,-0.43
16501,-0.005
16502,0.159
16503,-0.359
16504,0.083
16505,0.0
16506,-0.437
16507,-0.178
16508,-0.071
16509,-0.269
16510,-0.254
16511,-0.01
16512,-0.103
16513,-0.364
16514,-0.11
16515,-0.181
16516,0.056
16517,-0.151
16518,-0.383
16519,-0.278
16520,-0.269
16521,-0.281
16522,0.027
16523,-0.12
16524,-0.054
16525,0.073
16526,-0.215
16527,0.015
16528,0.095
16529,-0.173
16530,0.249
16531,0.017
16532,-0.198
16533,-0.21
16534,0.3
16535,-0.168
16536,-0.12
16537,0.005
16538,-0.029
16539,-0.315
16540,-0.098
16541,-0.037
16542,0.051
16543,-0.227
16544,0.073
16545,0.015
16546,-0.061
16547,-0.081
16548,-0.117
16549,-0.259
16550,-0.229
16551,-0.107
16552,-0.061
16553,-0.078
16554,-0.254
16555,-0.166
16556,-0.217
16557,-0.225
16558,-0.034
16559,0.073
16560,-0.083
16561,-0.305
16562,-0.273
16563,-0.11
16564,0.015
16565,-0.063
16566,-0.01
16567,-0.203
16568,-0.203
16569,-0.051
16570,-0.137
16571,0.042
16572,0.046
16573,-0.046
16574,0.037
16575,0.073
16576,-0.225
16577,-0.1
16578,-0.054
16579,-0.171
16580,-0.01
16581,-0.295
16582,-0.459
16583,-0.034
16584,0.054
16585,-0.049
16586,-0.056
16587,-0.305
16588,-0.149
16589,0.176
16590,-0.168
16591,-0.32
16592,-0.195
16593,-0.21
16594,-0.171
16595,-0.386
16596,-0.225
16597,0.137
16598,-0.12
16599,-0.293
16600,0.059
16601,-0.083
16602,-0.315
16603,-0.073
16604,-0.02
16605,-0.117
16606,-0.095
16607,-0.193
16608,0.034
16609,0.151
16610,-0.015
16611,-0.049
16612,0.024
16613,-0.122
16614,-0.203
16615,-0.125
16616,0.037
16617,-0.208
16618,-0.295
16619,-0.208
16620,-0.1
16621,-0.168
16622,-0.149
16623,-0.12
16624,-0.1
16625,-0.085
16626,-0.095
16627,-0.081
16628,0.042
16629,-0.125
16630,-0.193
16631,-0.073
16632,-0.149
16633,-0.088
16634,-0.134
16635,-0.269
16636,-0.237
16637,-0.132
16638,-0.11
16639,-0.156
16640,-0.154
16641,0.017
16642,0.007
16643,-0.283
16644,-0.059
16645,0.0
16646,-0.22
16647,0.181
16648,0.171
16649,-0.137
16650,-0.249
16651,-0.137
16652,0.146
16653,0.0
16654,-0.276
16655,-0.159
16656,0.01
16657,-0.237
16658,-0.366
16659,-0.151
16660,-0.098
16661,-0.217
16662,-0.293
16663,-0.2
16664,-0.11
16665,0.029
16666,-0.115
16667,-0.161
16668,-0.088
16669,-0.164
16670,0.032
16671,0.051
16672,-0.015
16673,-0.3
16674,-0.278
16675,-0.132
16676,-0.173
16677,-0.156
16678,-0.188
16679,0.071
16680,-0.015
16681,-0.198
16682,-0.247
16683,-0.063
16684,-0.059
16685,-0.176
16686,-0.127
16687,-0.071
16688,-0.034
16689,-0.139
16690,0.076
16691,-0.154
16692,-0.11
16693,0.112
16694,-0.251
16695,-0.195
16696,0.061
16697,-0.239
16698,-0.288
16699,0.215
16700,-0.088
16701,-0.342
16702,-0.278
16703,-0.171
16704,-0.127
16705,-0.142
16706,-0.098
16707,0.007
16708,-0.107
16709,-0.281
16710,-0.244
16711,0.032
16712,0.01
16713,-0.103
16714,-0.056
16715,-0.085
16716,-0.186
16717,-0.166
16718,-0.125
16719,-0.22
16720,-0.1
16721,-0.095
16722,-0.103
16723,-0.171
16724,-0.146
16725,-0.249
16726,-0.125
16727,0.002
16728,-0.081
16729,-0.024
16730,0.129
16731,-0.037
16732,-0.029
16733,0.112
16734,-0.007
16735,-0.002
16736,-0.181
16737,-0.225
16738,-0.105
16739,0.056
16740,-0.22
16741,-0.43
16742,-0.173
16743,-0.112
16744,-0.278
16745,-0.303
16746,-0.083
16747,-0.137
16748,-0.103
16749,-0.049
16750,-0.149
16751,-0.051
16752,0.073
16753,-0.156
16754,-0.281
16755,-0.144
16756,0.068
16757,-0.337
16758,-0.33
16759,-0.022
16760,0.054
16761,-0.212
16762,-0.33
16763,-0.168
16764,0.027
16765,-0.166
16766,-0.127
16767,-0.054
16768,-0.137
16769,-0.2
16770,-0.085
16771,-0.205
16772,-0.188
16773,0.005
16774,-0.098
16775,-0.039
16776,-0.007
16777,-0.103
16778,-0.159
16779,0.073
16780,-0.022
16781,-0.43
16782,-0.278
16783,0.01
16784,-0.225
16785,-0.261
16786,-0.183
16787,-0.034
16788,-0.144
16789,-0.171
16790,-0.161
16791,0.125
16792,0.059
16793,-0.037
16794,-0.154
16795,-0.034
16796,-0.061
16797,0.037
16798,0.02
16799,-0.2
16800,-0.381
16801,-0.186
16802,-0.1
16803,-0.149
16804,-0.164
16805,-0.203
16806,-0.154
16807,-0.11
16808,0.073
16809,-0.12
16810,-0.027
16811,0.029
16812,-0.19
16813,-0.103
16814,-0.049
16815,-0.037
16816,-0.066
16817,-0.095
16818,-0.061
16819,0.059
16820,-0.259
16821,-0.161
16822,0.071
16823,-0.208
16824,-0.22
16825,-0.237
16826,-0.103
16827,-0.129
16828,-0.1
16829,-0.254
16830,-0.12
16831,0.037
16832,-0.208
16833,-0.286
16834,-0.032
16835,-0.054
16836,-0.054
16837,0.002
16838,-0.198
16839,-0.266
16840,0.017
16841,-0.117
16842,-0.193
16843,-0.281
16844,-0.134
16845,0.017
16846,-0.002
16847,-0.137
16848,-0.142
16849,-0.229
16850,-0.112
16851,0.032
16852,-0.146
16853,-0.115
16854,-0.027
16855,0.054
16856,-0.1
16857,-0.2
16858,-0.073
16859,0.01
16860,-0.159
16861,-0.193
16862,0.029
16863,-0.039
16864,-0.173
16865,-0.144
16866,-0.071
16867,-0.076
16868,-0.088
16869,-0.146
16870,-0.073
16871,-0.205
16872,-0.244
16873,-0.059
16874,-0.105
16875,-0.088
16876,-0.171
16877,-0.193
16878,-0.171
16879,-0.039
16880,-0.134
16881,-0.037
16882,-0.078
16883,-0.322
16884,-0.232
16885,-0.046
16886,-0.173
16887,-0.139
16888,0.022
16889,-0.19
16890,-0.22
16891,-0.017
16892,-0.073
16893,-0.071
16894,-0.054
16895,-0.034
16896,-0.046
16897,-0.059
16898,-0.2
16899,-0.083
16900,-0.176
16901,-0.068
16902,0.012
16903,-0.076
16904,-0.049
16905,-0.112
16906,-0.12
16907,-0.164
16908,-0.125
16909,0.0
16910,-0.134
16911,-0.276
16912,-0.107
16913,-0.017
16914,0.073
16915,0.012
16916,-0.115
16917,-0.195
16918,-0.144
16919,-0.09
16920,-0.215
16921,-0.12
16922,-0.073
16923,-0.208
16924,-0.112
16925,-0.183
16926,-0.112
16927,-0.103
16928,-0.146
16929,-0.229
16930,-0.09
16931,-0.02
16932,0.002
16933,0.056
16934,-0.049
16935,-0.161
16936,-0.095
16937,-0.063
16938,-0.11
16939,-0.015
16940,-0.249
16941,-0.22
16942,-0.049
16943,0.01
16944,-0.11
16945,-0.354
16946,-0.205
16947,-0.105
16948,-0.193
16949,-0.271
16950,-0.073
16951,-0.159
16952,-0.063
16953,-0.127
16954,-0.2
16955,0.015
16956,-0.054
16957,-0.073
16958,-0.034
16959,0.007
16960,-0.125
16961,-0.076
16962,-0.137
16963,-0.068
16964,-0.007
16965,-0.049
16966,-0.039
16967,-0.176
16968,-0.044
16969,-0.032
16970,-0.1
16971,-0.071
16972,0.02
16973,-0.103
16974,0.024
16975,0.039
16976,-0.159
16977,-0.017
16978,0.056
16979,-0.039
16980,-0.173
16981,-0.139
16982,0.007
16983,0.037
16984,-0.076
16985,-0.146
16986,-0.115
16987,-0.127
16988,-0.12
16989,-0.137
16990,-0.125
16991,-0.317
16992,-0.176
16993,-0.073
16994,-0.037
16995,-0.164
16996,-0.183
16997,0.1
16998,-0.125
16999,-0.208
17000,-0.186
17001,-0.005
17002,-0.171
17003,-0.139
17004,-0.132
17005,-0.034
17006,0.012
17007,-0.193
17008,-0.186
17009,-0.156
17010,-0.063
17011,-0.215
17012,-0.115
17013,-0.088
17014,-0.105
17015,-0.161
17016,-0.049
17017,-0.088
17018,-0.125
17019,-0.076
17020,0.007
17021,-0.02
17022,-0.181
17023,-0.2
17024,-0.027
17025,0.0
17026,-0.315
17027,-0.149
17028,-0.039
17029,-0.195
17030,-0.144
17031,-0.061
17032,-0.156
17033,-0.151
17034,-0.085
17035,-0.037
17036,-0.024
17037,0.007
17038,-0.178
17039,-0.208
17040,-0.056
17041,-0.117
17042,-0.232
17043,-0.161
17044,0.039
17045,-0.015
17046,-0.371
17047,-0.198
17048,0.2
17049,-0.122
17050,-0.098
17051,0.046
17052,-0.061
17053,-0.078
17054,-0.051
17055,-0.012
17056,-0.122
17057,-0.029
17058,-0.103
17059,-0.176
17060,-0.247
17061,-0.042
17062,-0.09
17063,-0.098
17064,-0.176
17065,-0.188
17066,-0.317
17067,-0.171
17068,-0.149
17069,-0.181
17070,-0.159
17071,-0.029
17072,-0.027
17073,-0.042
17074,-0.22
17075,-0.076
17076,0.005
17077,0.012
17078,0.044
17079,-0.09
17080,-0.22
17081,-0.288
17082,-0.12
17083,-0.049
17084,-0.017
17085,-0.342
17086,-0.173
17087,0.066
17088,-0.049
17089,-0.2
17090,-0.139
17091,-0.132
17092,-0.254
17093,-0.247
17094,-0.237
17095,-0.144
17096,-0.032
17097,-0.054
17098,0.085
17099,-0.085
17100,-0.159
17101,-0.095
17102,-0.166
17103,-0.188
17104,-0.166
17105,-0.237
17106,-0.176
17107,-0.007
17108,-0.044
17109,-0.173
17110,-0.2
17111,-0.12
17112,-0.181
17113,-0.129
17114,-0.149
17115,-0.156
17116,0.09
17117,0.039
17118,-0.11
17119,-0.144
17120,-0.054
17121,-0.159
17122,-0.142
17123,0.034
17124,0.063
17125,-0.237
17126,-0.242
17127,-0.159
17128,-0.273
17129,-0.181
17130,-0.234
17131,-0.039
17132,-0.229
17133,-0.139
17134,0.088
17135,-0.044
17136,-0.225
17137,0.044
17138,-0.078
17139,-0.181
17140,-0.261
17141,-0.159
17142,-0.017
17143,-0.19
17144,-0.081
17145,0.005
17146,-0.027
17147,-0.186
17148,-0.046
17149,0.068
17150,-0.2
17151,-0.09
17152,0.054
17153,-0.027
17154,-0.195
17155,-0.1
17156,-0.034
17157,-0.029
17158,-0.063
17159,0.042
17160,-0.059
17161,-0.125
17162,-0.127
17163,-0.044
17164,-0.063
17165,-0.125
17166,-0.115
17167,-0.085
17168,-0.227
17169,-0.349
17170,-0.303
17171,-0.044
17172,-0.02
17173,-0.059
17174,-0.02
17175,-0.063
17176,-0.186
17177,-0.125
17178,0.029
17179,0.19
17180,-0.063
17181,-0.215
17182,-0.146
17183,-0.103
17184,-0.078
17185,-0.205
17186,-0.295
17187,-0.161
17188,-0.022
17189,0.037
17190,-0.066
17191,-0.237
17192,-0.105
17193,-0.063
17194,-0.276
17195,-0.073
17196,-0.105
17197,-0.205
17198,-0.056
17199,0.154
17200,-0.132
17201,-0.134
17202,-0.024
17203,-0.137
17204,-0.166
17205,-0.266
17206,-0.332
17207,-0.225
17208,-0.166
17209,-0.081
17210,-0.054
17211,-0.273
17212,-0.259
17213,0.039
17214,-0.281
17215,-0.251
17216,0.012
17217,-0.151
17218,-0.146
17219,0.11
17220,0.081
17221,-0.188
17222,-0.12
17223,-0.024
17224,-0.029
17225,-0.183
17226,-0.232
17227,-0.11
17228,-0.144
17229,-0.193
17230,-0.117
17231,0.107
17232,0.017
17233,-0.229
17234,-0.176
17235,-0.107
17236,-0.095
17237,0.007
17238,-0.166
17239,0.095
17240,0.024
17241,-0.068
17242,-0.078
17243,-0.066
17244,-0.203
17245,-0.271
17246,-0.142
17247,-0.107
17248,-0.142
17249,-0.413
17250,-0.269
17251,-0.073
17252,-0.063
17253,-0.173
17254,0.046
17255,-0.188
17256,-0.283
17257,-0.176
17258,0.103
17259,-0.066
17260,-0.137
17261,-0.144
17262,-0.085
17263,0.01
17264,-0.066
17265,-0.19
17266,-0.139
17267,0.002
17268,-0.122
17269,-0.176
17270,-0.12
17271,-0.327
17272,-0.161
17273,-0.015
17274,-0.02
17275,0.066
17276,-0.129
17277,-0.344
17278,-0.059
17279,-0.193
17280,-0.203
17281,-0.056
17282,0.005
17283,-0.198
17284,-0.063
17285,-0.212
17286,-0.051
17287,-0.173
17288,-0.295
17289,-0.347
17290,-0.186
17291,-0.171
17292,-0.254
17293,-0.005
17294,0.173
17295,-0.166
17296,-0.054
17297,-0.083
17298,-0.095
17299,0.061
17300,0.017
17301,-0.024
17302,-0.144
17303,-0.112
17304,-0.059
17305,0.132
17306,-0.156
17307,-0.288
17308,-0.2
17309,0.005
17310,-0.237
17311,-0.315
17312,-0.195
17313,-0.044
17314,-0.227
17315,-0.278
17316,-0.132
17317,-0.205
17318,-0.046
17319,-0.146
17320,-0.193
17321,-0.154
17322,-0.127
17323,-0.081
17324,0.056
17325,-0.032
17326,-0.183
17327,-0.198
17328,-0.073
17329,-0.11
17330,-0.215
17331,-0.203
17332,-0.005
17333,0.063
17334,-0.337
17335,-0.261
17336,-0.085
17337,-0.032
17338,-0.144
17339,-0.056
17340,-0.11
17341,-0.095
17342,-0.046
17343,0.073
17344,0.037
17345,-0.134
17346,-0.11
17347,0.024
17348,-0.159
17349,-0.271
17350,-0.117
17351,-0.01
17352,-0.12
17353,-0.212
17354,-0.327
17355,-0.31
17356,-0.183
17357,-0.208
17358,-0.193
17359,-0.115
17360,-0.103
17361,-0.234
17362,0.02
17363,-0.005
17364,-0.066
17365,-0.022
17366,-0.02
17367,-0.032
17368,-0.042
17369,-0.181
17370,-0.139
17371,0.068
17372,-0.061
17373,-0.215
17374,-0.122
17375,-0.09
17376,-0.295
17377,-0.278
17378,-0.242
17379,-0.107
17380,-0.21
17381,-0.176
17382,0.02
17383,0.024
17384,-0.044
17385,-0.107
17386,-0.027
17387,-0.022
17388,-0.098
17389,-0.166
17390,0.068
17391,-0.022
17392,-0.183
17393,-0.208
17394,-0.156
17395,-0.178
17396,-0.251
17397,-0.11
17398,0.071
17399,-0.039
17400,-0.168
17401,-0.186
17402,-0.076
17403,-0.088
17404,0.005
17405,-0.059
17406,-0.225
17407,-0.342
17408,-0.054
17409,-0.051
17410,-0.017
17411,-0.144
17412,-0.251
17413,0.054
17414,0.044
17415,-0.161
17416,-0.103
17417,-0.002
17418,-0.1
17419,-0.142
17420,-0.156
17421,-0.21
17422,-0.12
17423,-0.134
17424,0.034
17425,-0.027
17426,-0.056
17427,-0.085
17428,0.029
17429,-0.127
17430,-0.144
17431,-0.142
17432,-0.137
17433,-0.139
17434,-0.308
17435,-0.312
17436,-0.107
17437,-0.09
17438,-0.205
17439,-0.027
17440,0.002
17441,-0.073
17442,-0.115
17443,-0.068
17444,-0.063
17445,-0.046
17446,-0.083
17447,0.11
17448,0.046
17449,-0.168
17450,-0.137
17451,-0.11
17452,-0.161
17453,-0.181
17454,-0.288
17455,0.015
17456,-0.095
17457,-0.046
17458,-0.122
17459,-0.161
17460,-0.161
17461,0.046
17462,-0.115
17463,-0.095
17464,-0.024
17465,0.173
17466,0.0
17467,-0.122
17468,0.046
17469,-0.261
17470,-0.115
17471,-0.164
17472,-0.063
17473,-0.044
17474,-0.159
17475,-0.051
17476,-0.154
17477,-0.332
17478,-0.1
17479,0.154
17480,-0.261
17481,-0.134
17482,-0.093
17483,-0.01
17484,-0.051
17485,-0.046
17486,-0.215
17487,-0.288
17488,-0.115
17489,-0.073
17490,-0.259
17491,-0.347
17492,-0.186
17493,-0.159
17494,-0.166
17495,-0.215
17496,-0.11
17497,-0.083
17498,-0.042
17499,0.0
17500,0.039
17501,-0.085
17502,0.161
17503,-0.107
17504,-0.066
17505,-0.017
17506,-0.034
17507,-0.195
17508,0.032
17509,0.083
17510,-0.049
17511,-0.212
17512,-0.181
17513,-0.076
17514,-0.261
17515,-0.266
17516,-0.146
17517,-0.083
17518,-0.288
17519,0.007
17520,-0.051
17521,-0.125
17522,-0.083
17523,-0.203
17524,-0.293
17525,-0.107
17526,0.042
17527,-0.034
17528,-0.1
17529,-0.291
17530,-0.159
17531,-0.083
17532,-0.22
17533,-0.374
17534,0.022
17535,-0.19
17536,-0.208
17537,-0.071
17538,-0.22
17539,-0.071
17540,-0.063
17541,0.032
17542,0.01
17543,-0.203
17544,-0.151
17545,0.081
17546,-0.046
17547,-0.183
17548,-0.181
17549,-0.247
17550,-0.12
17551,-0.066
17552,-0.259
17553,-0.21
17554,0.002
17555,-0.2
17556,-0.298
17557,-0.239
17558,-0.198
17559,-0.22
17560,-0.11
17561,-0.029
17562,0.012
17563,-0.11
17564,-0.078
17565,-0.073
17566,-0.105
17567,0.027
17568,-0.115
17569,-0.09
17570,-0.269
17571,-0.151
17572,-0.095
17573,-0.264
17574,-0.256
17575,-0.164
17576,-0.269
17577,-0.164
17578,-0.249
17579,-0.093
17580,0.081
17581,-0.164
17582,-0.437
17583,-0.181
17584,-0.088
17585,-0.354
17586,-0.044
17587,0.154
17588,-0.115
17589,0.046
17590,0.012
17591,-0.31
17592,-0.295
17593,0.042
17594,0.024
17595,-0.334
17596,-0.347
17597,-0.408
17598,0.054
17599,-0.017
17600,-0.173
17601,-0.242
17602,-0.134
17603,-0.146
17604,-0.122
17605,-0.066
17606,-0.283
17607,0.027
17608,-0.039
17609,-0.042
17610,-0.132
17611,-0.02
17612,-0.071
17613,-0.188
17614,-0.305
17615,-0.281
17616,-0.012
17617,-0.186
17618,-0.149
17619,-0.215
17620,-0.193
17621,-0.012
17622,-0.002
17623,0.046
17624,-0.054
17625,-0.142
17626,-0.071
17627,-0.01
17628,-0.144
17629,0.115
17630,0.142
17631,-0.02
17632,0.027
17633,-0.168
17634,-0.085
17635,-0.037
17636,-0.044
17637,-0.051
17638,-0.068
17639,0.107
17640,0.146
17641,-0.19
17642,-0.244
17643,-0.276
17644,-0.081
17645,-0.276
17646,-0.244
17647,-0.027
17648,-0.237
17649,-0.044
17650,-0.032
17651,-0.022
17652,-0.046
17653,-0.017
17654,-0.134
17655,-0.015
17656,-0.146
17657,-0.232
17658,-0.042
17659,-0.115
17660,0.01
17661,-0.339
17662,-0.071
17663,0.042
17664,-0.063
17665,-0.044
17666,-0.02
17667,-0.22
17668,-0.256
17669,-0.059
17670,-0.208
17671,0.01
17672,-0.222
17673,-0.21
17674,-0.234
17675,-0.164
17676,-0.286
17677,-0.168
17678,-0.154
17679,-0.208
17680,-0.122
17681,-0.325
17682,-0.144
17683,0.073
17684,0.037
17685,-0.349
17686,-0.193
17687,0.039
17688,-0.081
17689,-0.088
17690,0.12
17691,0.132
17692,-0.193
17693,-0.144
17694,-0.239
17695,-0.037
17696,-0.195
17697,-0.237
17698,-0.151
17699,-0.195
17700,-0.098
17701,-0.127
17702,-0.078
17703,-0.029
17704,0.088
17705,-0.088
17706,-0.1
17707,-0.049
17708,-0.051
17709,-0.122
17710,-0.195
17711,0.051
17712,-0.002
17713,-0.161
17714,-0.315
17715,0.032
17716,-0.017
17717,-0.007
17718,-0.173
17719,-0.146
17720,-0.103
17721,-0.259
17722,-0.088
17723,-0.024
17724,-0.012
17725,-0.259
17726,-0.027
17727,-0.029
17728,0.034
17729,-0.146
17730,-0.154
17731,0.005
17732,-0.093
17733,-0.127
17734,-0.193
17735,0.078
17736,-0.039
17737,0.09
17738,-0.142
17739,-0.166
17740,-0.134
17741,-0.19
17742,0.232
17743,0.181
17744,-0.066
17745,-0.198
17746,-0.02
17747,0.012
17748,0.01
17749,0.027
17750,-0.09
17751,-0.11
17752,-0.244
17753,-0.125
17754,-0.149
17755,-0.149
17756,-0.164
17757,-0.081
17758,-0.015
17759,-0.032
17760,-0.295
17761,-0.417
17762,-0.002
17763,-0.208
17764,-0.161
17765,-0.024
17766,-0.002
17767,-0.256
17768,-0.105
17769,-0.222
17770,-0.251
17771,-0.056
17772,-0.061
17773,-0.095
17774,-0.232
17775,-0.103
17776,-0.095
17777,-0.034
17778,-0.056
17779,0.002
17780,-0.107
17781,-0.061
17782,0.027
17783,-0.217
17784,-0.139
17785,0.037
17786,-0.005
17787,-0.039
17788,0.002
17789,-0.195
17790,-0.093
17791,-0.112
17792,-0.01
17793,-0.137
17794,-0.115
17795,-0.049
17796,-0.308
17797,-0.176
17798,-0.063
17799,0.059
17800,-0.256
17801,-0.203
17802,-0.051
17803,-0.173
17804,-0.132
17805,0.078
17806,-0.002
17807,-0.31
17808,-0.071
17809,-0.044
17810,0.054
17811,-0.066
17812,-0.132
17813,-0.083
17814,-0.166
17815,-0.212
17816,-0.015
17817,-0.063
17818,-0.19
17819,0.103
17820,-0.061
17821,-0.059
17822,0.024
17823,0.212
17824,-0.151
17825,-0.107
17826,-0.005
17827,0.247
17828,0.095
17829,-0.305
17830,-0.168
17831,-0.156
17832,-0.051
17833,-0.146
17834,-0.081
17835,-0.215
17836,-0.264
17837,-0.164
17838,-0.085
17839,-0.168
17840,-0.149
17841,-0.01
17842,-0.073
17843,-0.242
17844,-0.144
17845,-0.11
17846,-0.049
17847,-0.186
17848,-0.181
17849,-0.154
17850,-0.181
17851,-0.222
17852,0.0
17853,-0.039
17854,-0.256
17855,-0.12
17856,-0.071
17857,-0.161
17858,-0.32
17859,-0.061
17860,-0.042
17861,-0.173
17862,-0.3
17863,-0.037
17864,0.056
17865,-0.195
17866,0.095
17867,0.024
17868,0.088
17869,0.015
17870,-0.071
17871,-0.02
17872,-0.181
17873,-0.156
17874,0.112
17875,-0.122
17876,-0.354
17877,-0.278
17878,-0.2
17879,-0.09
17880,-0.115
17881,-0.227
17882,-0.12
17883,-0.181
17884,-0.237
17885,-0.247
17886,-0.139
17887,-0.125
17888,-0.034
17889,-0.103
17890,-0.149
17891,-0.149
17892,-0.117
17893,0.029
17894,-0.056
17895,-0.215
17896,-0.222
17897,-0.312
17898,-0.183
17899,-0.054
17900,-0.12
17901,-0.044
17902,0.017
17903,-0.107
17904,-0.105
17905,0.046
17906,-0.029
17907,-0.071
17908,-0.034
17909,-0.107
17910,-0.085
17911,-0.09
17912,-0.139
17913,-0.217
17914,-0.164
17915,-0.073
17916,-0.107
17917,-0.208
17918,-0.183
17919,-0.205
17920,-0.134
17921,-0.088
17922,-0.115
17923,0.017
17924,-0.107
17925,-0.237
17926,-0.068
17927,0.056
17928,-0.161
17929,-0.154
17930,-0.054
17931,0.02
17932,-0.212
17933,-0.232
17934,-0.098
17935,-0.088
17936,-0.129
17937,-0.132
17938,-0.098
17939,-0.22
17940,-0.186
17941,-0.142
17942,-0.051
17943,-0.056
17944,-0.181
17945,-0.229
17946,-0.271
17947,-0.059
17948,0.093
17949,-0.09
17950,-0.005
17951,-0.093
17952,-0.132
17953,-0.227
17954,-0.098
17955,-0.132
17956,-0.251
17957,-0.144
17958,-0.122
17959,-0.11
17960,-0.342
17961,-0.352
17962,-0.056
17963,-0.066
17964,-0.176
17965,-0.112
17966,-0.129
17967,-0.054
17968,0.017
17969,-0.256
17970,-0.347
17971,-0.259
17972,-0.078
17973,-0.2
17974,-0.232
17975,-0.103
17976,0.042
17977,-0.071
17978,-0.249
17979,-0.129
17980,-0.166
17981,-0.337
17982,-0.039
17983,-0.044
17984,-0.205
17985,0.056
17986,-0.078
17987,-0.127
17988,0.063
17989,-0.039
17990,-0.154
17991,0.056
17992,0.083
17993,0.0
17994,-0.144
17995,-0.391
17996,-0.181
17997,-0.005
17998,-0.139
17999,-0.1
18000,-0.164
18001,-0.293
18002,0.022
18003,-0.156
18004,-0.09
18005,-0.022
18006,0.0
18007,-0.239
18008,-0.166
18009,-0.056
18010,-0.312
18011,-0.146
18012,-0.103
18013,-0.322
18014,-0.21
18015,-0.017
18016,-0.173
18017,-0.01
18018,-0.012
18019,-0.029
18020,-0.107
18021,-0.256
18022,-0.007
18023,0.002
18024,-0.2
18025,-0.312
18026,-0.107
18027,-0.171
18028,-0.234
18029,-0.017
18030,-0.134
18031,-0.237
18032,-0.208
18033,-0.115
18034,-0.142
18035,-0.151
18036,-0.361
18037,-0.161
18038,-0.081
18039,-0.103
18040,-0.232
18041,-0.093
18042,-0.073
18043,0.012
18044,-0.222
18045,-0.066
18046,-0.012
18047,-0.059
18048,-0.225
18049,-0.039
18050,-0.173
18051,-0.269
18052,-0.269
18053,-0.283
18054,0.078
18055,0.061
18056,-0.327
18057,-0.142
18058,-0.112
18059,-0.181
18060,-0.09
18061,-0.11
18062,-0.095
18063,-0.061
18064,-0.144
18065,-0.183
18066,0.034
18067,0.063
18068,0.037
18069,0.037
18070,-0.049
18071,-0.076
18072,-0.022
18073,0.029
18074,0.027
18075,-0.007
18076,-0.1
18077,-0.09
18078,-0.112
18079,-0.071
18080,-0.034
18081,-0.098
18082,-0.234
18083,-0.281
18084,-0.11
18085,-0.061
18086,0.095
18087,-0.034
18088,-0.315
18089,-0.088
18090,0.039
18091,-0.088
18092,-0.142
18093,-0.015
18094,-0.19
18095,-0.12
18096,-0.01
18097,-0.137
18098,-0.222
18099,-0.193
18100,-0.149
18101,-0.017
18102,0.032
18103,-0.193
18104,-0.068
18105,-0.142
18106,-0.129
18107,-0.125
18108,0.029
18109,-0.168
18110,-0.183
18111,-0.044
18112,-0.156
18113,-0.039
18114,-0.081
18115,-0.056
18116,-0.281
18117,-0.103
18118,-0.02
18119,0.049
18120,-0.105
18121,-0.12
18122,-0.029
18123,-0.088
18124,-0.01
18125,-0.171
18126,-0.129
18127,-0.115
18128,-0.066
18129,-0.149
18130,-0.271
18131,-0.342
18132,-0.237
18133,-0.027
18134,-0.007
18135,-0.237
18136,-0.337
18137,-0.164
18138,-0.144
18139,-0.166
18140,-0.061
18141,-0.037
18142,-0.01
18143,-0.085
18144,-0.002
18145,-0.188
18146,-0.195
18147,-0.166
18148,0.129
18149,0.012
18150,-0.332
18151,-0.129
18152,-0.039
18153,-0.073
18154,-0.107
18155,-0.044
18156,-0.127
18157,0.037
18158,-0.205
18159,-0.12
18160,-0.034
18161,-0.049
18162,-0.146
18163,-0.183
18164,-0.017
18165,0.078
18166,-0.093
18167,-0.012
18168,-0.061
18169,-0.195
18170,0.049
18171,-0.066
18172,-0.103
18173,-0.176
18174,-0.095
18175,-0.022
18176,-0.276
18177,-0.222
18178,-0.1
18179,-0.095
18180,-0.415
18181,-0.183
18182,-0.042
18183,-0.208
18184,-0.063
18185,-0.042
18186,-0.181
18187,-0.2
18188,-0.017
18189,-0.022
18190,-0.054
18191,-0.078
18192,0.173
18193,-0.015
18194,-0.093
18195,0.022
18196,-0.125
18197,-0.063
18198,-0.144
18199,0.012
18200,-0.073
18201,-0.149
18202,0.01
18203,-0.105
18204,-0.315
18205,-0.083
18206,-0.054
18207,-0.303
18208,-0.081
18209,-0.002
18210,0.022
18211,-0.144
18212,0.039
18213,-0.11
18214,-0.078
18215,-0.217
18216,-0.056
18217,-0.203
18218,-0.256
18219,-0.273
18220,0.015
18221,-0.044
18222,-0.225
18223,-0.032
18224,-0.076
18225,-0.293
18226,0.071
18227,0.068
18228,0.051
18229,-0.232
18230,-0.029
18231,-0.1
18232,0.098
18233,-0.059
18234,-0.156
18235,-0.083
18236,-0.071
18237,-0.107
18238,-0.122
18239,-0.107
18240,-0.205
18241,-0.237
18242,-0.203
18243,-0.063
18244,-0.288
18245,-0.312
18246,0.088
18247,0.076
18248,-0.161
18249,-0.229
18250,0.01
18251,0.0
18252,-0.186
18253,-0.029
18254,-0.007
18255,-0.276
18256,-0.281
18257,-0.039
18258,-0.161
18259,-0.278
18260,-0.144
18261,-0.095
18262,-0.156
18263,-0.083
18264,-0.11
18265,-0.015
18266,0.037
18267,-0.205
18268,-0.039
18269,-0.11
18270,-0.032
18271,-0.068
18272,-0.146
18273,-0.181
18274,0.037
18275,-0.137
18276,-0.247
18277,0.005
18278,-0.125
18279,-0.227
18280,-0.178
18281,-0.093
18282,0.002
18283,0.017
18284,-0.198
18285,-0.09
18286,-0.081
18287,-0.374
18288,-0.049
18289,0.02
18290,0.056
18291,-0.166
18292,-0.178
18293,-0.11
18294,-0.09
18295,-0.176
18296,-0.144
18297,-0.115
18298,-0.22
18299,-0.208
18300,-0.21
18301,-0.042
18302,-0.078
18303,-0.085
18304,-0.107
18305,-0.032
18306,0.073
18307,-0.107
18308,0.002
18309,-0.125
18310,-0.168
18311,-0.142
18312,-0.151
18313,0.029
18314,0.115
18315,-0.222
18316,-0.132
18317,-0.029
18318,-0.154
18319,-0.112
18320,-0.11
18321,-0.117
18322,-0.261
18323,-0.044
18324,-0.137
18325,-0.037
18326,-0.239
18327,-0.237
18328,0.029
18329,-0.254
18330,-0.176
18331,0.076
18332,-0.049
18333,-0.225
18334,-0.056
18335,-0.164
18336,-0.293
18337,-0.061
18338,-0.09
18339,-0.166
18340,-0.208
18341,-0.137
18342,-0.2
18343,-0.068
18344,-0.293
18345,-0.051
18346,-0.002
18347,-0.12
18348,0.012
18349,-0.015
18350,-0.122
18351,-0.046
18352,-0.01
18353,-0.034
18354,-0.017
18355,-0.093
18356,0.056
18357,-0.164
18358,-0.193
18359,0.122
18360,-0.125
18361,-0.332
18362,-0.254
18363,-0.115
18364,-0.264
18365,-0.142
18366,-0.122
18367,-0.21
18368,-0.093
18369,0.012
18370,0.01
18371,-0.364
18372,-0.312
18373,-0.061
18374,0.054
18375,-0.068
18376,0.002
18377,-0.19
18378,-0.137
18379,0.007
18380,-0.107
18381,-0.271
18382,-0.21
18383,-0.044
18384,-0.264
18385,-0.242
18386,-0.168
18387,-0.127
18388,-0.11
18389,-0.103
18390,-0.11
18391,-0.088
18392,-0.061
18393,-0.039
18394,0.129
18395,-0.088
18396,-0.156
18397,-0.127
18398,-0.024
18399,-0.266
18400,-0.261
18401,-0.115
18402,-0.149
18403,-0.188
18404,-0.269
18405,-0.051
18406,-0.049
18407,-0.195
18408,-0.344
18409,-0.129
18410,-0.002
18411,-0.083
18412,0.022
18413,-0.022
18414,-0.078
18415,-0.352
18416,-0.027
18417,0.12
18418,-0.139
18419,-0.33
18420,0.029
18421,-0.098
18422,-0.408
18423,-0.247
18424,-0.063
18425,-0.007
18426,-0.33
18427,-0.122
18428,-0.12
18429,-0.156
18430,-0.212
18431,0.215
18432,0.225
18433,-0.034
18434,-0.149
18435,-0.278
18436,-0.105
18437,-0.112
18438,-0.049
18439,-0.171
18440,-0.032
18441,-0.22
18442,-0.293
18443,-0.239
18444,-0.046
18445,-0.029
18446,-0.125
18447,-0.132
18448,-0.015
18449,-0.171
18450,-0.269
18451,0.09
18452,0.063
18453,-0.071
18454,-0.234
18455,-0.215
18456,-0.068
18457,-0.171
18458,-0.088
18459,-0.015
18460,-0.081
18461,-0.273
18462,-0.117
18463,-0.081
18464,-0.027
18465,-0.151
18466,-0.278
18467,-0.186
18468,-0.066
18469,-0.063
18470,-0.115
18471,-0.01
18472,-0.122
18473,-0.095
18474,-0.2
18475,-0.02
18476,0.005
18477,-0.11
18478,-0.256
18479,-0.132
18480,-0.063
18481,-0.339
18482,-0.288
18483,-0.144
18484,-0.156
18485,-0.234
18486,-0.1
18487,-0.168
18488,-0.137
18489,-0.2
18490,-0.039
18491,0.044
18492,-0.12
18493,-0.117
18494,-0.02
18495,-0.044
18496,-0.156
18497,-0.159
18498,-0.117
18499,-0.22
18500,-0.1
18501,-0.142
18502,-0.244
18503,-0.288
18504,-0.149
18505,-0.215
18506,-0.039
18507,-0.166
18508,-0.125
18509,-0.056
18510,0.042
18511,-0.068
18512,0.042
18513,0.042
18514,-0.127
18515,-0.024
18516,-0.024
18517,0.059
18518,-0.154
18519,-0.205
18520,-0.134
18521,-0.134
18522,-0.188
18523,-0.21
18524,-0.105
18525,-0.225
18526,-0.176
18527,-0.105
18528,0.034
18529,-0.12
18530,0.027
18531,-0.12
18532,-0.122
18533,-0.044
18534,-0.068
18535,0.012
18536,-0.144
18537,-0.2
18538,-0.208
18539,-0.005
18540,-0.247
18541,-0.11
18542,-0.132
18543,-0.269
18544,-0.254
18545,-0.171
18546,-0.073
18547,-0.342
18548,-0.161
18549,-0.115
18550,0.049
18551,-0.034
18552,-0.049
18553,-0.095
18554,-0.044
18555,-0.054
18556,-0.034
18557,-0.049
18558,-0.144
18559,-0.024
18560,-0.088
18561,0.0
18562,-0.095
18563,-0.166
18564,-0.327
18565,-0.229
18566,-0.183
18567,-0.205
18568,-0.083
18569,-0.195
18570,-0.173
18571,-0.164
18572,-0.095
18573,-0.166
18574,-0.098
18575,-0.225
18576,-0.037
18577,0.137
18578,-0.115
18579,-0.085
18580,-0.139
18581,-0.083
18582,-0.105
18583,-0.115
18584,-0.059
18585,-0.1
18586,-0.225
18587,-0.076
18588,-0.056
18589,-0.146
18590,0.039
18591,0.034
18592,-0.112
18593,-0.139
18594,-0.178
18595,-0.09
18596,0.01
18597,0.034
18598,-0.134
18599,-0.139
18600,-0.132
18601,-0.01
18602,-0.129
18603,-0.083
18604,-0.286
18605,-0.276
18606,-0.439
18607,-0.037
18608,-0.046
18609,-0.317
18610,-0.127
18611,0.173
18612,-0.11
18613,-0.276
18614,-0.056
18615,-0.02
18616,-0.056
18617,-0.193
18618,-0.01
18619,0.046
18620,-0.21
18621,-0.222
18622,-0.149
18623,-0.332
18624,-0.312
18625,0.063
18626,-0.085
18627,-0.244
18628,-0.098
18629,-0.176
18630,-0.156
18631,-0.032
18632,-0.193
18633,-0.215
18634,0.085
18635,-0.105
18636,-0.032
18637,-0.103
18638,0.037
18639,0.098
18640,0.024
18641,-0.068
18642,-0.205
18643,-0.125
18644,-0.054
18645,0.061
18646,-0.173
18647,-0.117
18648,-0.247
18649,-0.251
18650,0.005
18651,0.007
18652,-0.176
18653,-0.369
18654,-0.137
18655,-0.149
18656,-0.129
18657,-0.125
18658,-0.029
18659,-0.112
18660,-0.095
18661,-0.066
18662,-0.076
18663,-0.09
18664,-0.117
18665,-0.11
18666,-0.078
18667,-0.11
18668,-0.222
18669,-0.093
18670,-0.327
18671,-0.344
18672,-0.076
18673,0.046
18674,0.002
18675,-0.168
18676,-0.164
18677,-0.166
18678,-0.042
18679,-0.237
18680,0.125
18681,-0.173
18682,-0.198
18683,-0.154
18684,-0.344
18685,-0.09
18686,-0.012
18687,-0.137
18688,-0.278
18689,-0.029
18690,-0.127
18691,-0.042
18692,0.007
18693,-0.042
18694,0.007
18695,-0.151
18696,-0.132
18697,-0.1
18698,-0.083
18699,-0.217
18700,-0.093
18701,-0.222
18702,0.068
18703,-0.098
18704,-0.273
18705,0.054
18706,0.044
18707,-0.11
18708,-0.105
18709,0.278
18710,0.051
18711,-0.071
18712,-0.212
18713,-0.002
18714,0.042
18715,-0.183
18716,0.002
18717,0.032
18718,-0.356
18719,-0.149
18720,-0.09
18721,-0.327
18722,-0.159
18723,-0.337
18724,-0.11
18725,-0.024
18726,-0.315
18727,-0.212
18728,-0.208
18729,-0.212
18730,-0.127
18731,-0.105
18732,-0.229
18733,0.054
18734,0.122
18735,-0.01
18736,-0.093
18737,-0.024
18738,-0.007
18739,-0.076
18740,0.007
18741,-0.132
18742,-0.144
18743,-0.188
18744,0.042
18745,-0.203
18746,-0.215
18747,-0.081
18748,-0.149
18749,-0.09
18750,0.017
18751,-0.146
18752,-0.293
18753,-0.034
18754,-0.132
18755,-0.176
18756,-0.144
18757,-0.071
18758,-0.173
18759,-0.256
18760,0.034
18761,-0.127
18762,-0.237
18763,-0.198
18764,-0.049
18765,-0.195
18766,-0.146
18767,-0.105
18768,-0.071
18769,-0.244
18770,-0.017
18771,0.139
18772,-0.144
18773,-0.137
18774,-0.115
18775,0.168
18776,0.044
18777,-0.09
18778,-0.085
18779,-0.264
18780,-0.176
18781,-0.083
18782,-0.093
18783,-0.229
18784,-0.098
18785,-0.247
18786,-0.059
18787,-0.125
18788,-0.173
18789,-0.203
18790,-0.112
18791,-0.076
18792,-0.178
18793,-0.056
18794,-0.19
18795,-0.056
18796,-0.139
18797,-0.164
18798,-0.149
18799,-0.046
18800,-0.171
18801,-0.208
18802,-0.063
18803,-0.234
18804,-0.303
18805,-0.095
18806,0.01
18807,-0.205
18808,-0.051
18809,0.002
18810,-0.066
18811,-0.171
18812,-0.3
18813,0.068
18814,0.09
18815,-0.044
18816,-0.21
18817,0.156
18818,-0.115
18819,-0.134
18820,-0.078
18821,-0.117
18822,-0.134
18823,-0.186
18824,-0.149
18825,-0.166
18826,-0.112
18827,-0.156
18828,0.02
18829,-0.186
18830,-0.186
18831,-0.134
18832,-0.056
18833,-0.195
18834,-0.176
18835,-0.01
18836,-0.017
18837,-0.068
18838,-0.068
18839,-0.083
18840,-0.164
18841,0.071
18842,0.034
18843,-0.042
18844,-0.166
18845,-0.122
18846,-0.024
18847,-0.083
18848,-0.073
18849,-0.139
18850,-0.264
18851,-0.195
18852,-0.007
18853,-0.044
18854,-0.227
18855,-0.085
18856,0.049
18857,-0.051
18858,-0.271
18859,-0.166
18860,-0.166
18861,0.034
18862,-0.21
18863,-0.327
18864,-0.117
18865,-0.269
18866,-0.168
18867,-0.195
18868,-0.117
18869,-0.383
18870,-0.19
18871,-0.198
18872,-0.103
18873,-0.034
18874,0.044
18875,-0.002
18876,0.034
18877,-0.139
18878,-0.139
18879,0.078
18880,-0.161
18881,-0.176
18882,-0.122
18883,-0.078
18884,0.044
18885,0.015
18886,-0.222
18887,-0.056
18888,-0.078
18889,-0.244
18890,0.024
18891,0.017
18892,-0.454
18893,-0.029
18894,0.146
18895,-0.325
18896,-0.115
18897,-0.21
18898,-0.161
18899,0.076
18900,-0.029
18901,-0.217
18902,-0.173
18903,-0.09
18904,-0.071
18905,-0.139
18906,-0.41
18907,-0.269
18908,-0.107
18909,-0.178
18910,-0.029
18911,-0.071
18912,-0.21
18913,0.054
18914,-0.002
18915,-0.356
18916,-0.112
18917,-0.122
18918,0.0
18919,-0.076
18920,-0.198
18921,0.085
18922,0.02
18923,-0.103
18924,-0.234
18925,-0.193
18926,-0.09
18927,-0.125
18928,-0.234
18929,-0.129
18930,-0.142
18931,-0.237
18932,0.034
18933,-0.061
18934,-0.059
18935,-0.244
18936,-0.186
18937,-0.022
18938,-0.044
18939,-0.256
18940,-0.217
18941,0.024
18942,-0.186
18943,-0.229
18944,-0.151
18945,-0.071
18946,-0.125
18947,-0.264
18948,0.007
18949,-0.015
18950,-0.19
18951,-0.215
18952,-0.081
18953,-0.305
18954,0.229
18955,0.037
18956,-0.359
18957,-0.044
18958,0.181
18959,-0.037
18960,-0.134
18961,0.156
18962,-0.161
18963,-0.186
18964,-0.122
18965,-0.12
18966,-0.068
18967,-0.298
18968,-0.076
18969,-0.017
18970,-0.483
18971,-0.063
18972,0.034
18973,-0.483
18974,-0.22
18975,0.073
18976,-0.037
18977,-0.161
18978,-0.139
18979,0.063
18980,0.171
18981,-0.081
18982,-0.298
18983,-0.039
18984,-0.203
18985,-0.059
18986,0.078
18987,-0.312
18988,-0.352
18989,-0.09
18990,-0.198
18991,-0.281
18992,-0.129
18993,-0.129
18994,0.2
18995,-0.039
18996,-0.352
18997,0.078
18998,0.088
18999,-0.239
19000,0.027
19001,0.088
19002,0.017
19003,0.017
19004,-0.139
19005,-0.098
19006,-0.217
19007,-0.347
19008,-0.085
19009,-0.066
19010,-0.244
19011,-0.088
19012,0.11
19013,-0.234
19014,-0.112
19015,-0.095
19016,-0.203
19017,-0.142
19018,-0.203
19019,-0.151
19020,0.029
19021,-0.132
19022,-0.112
19023,0.146
19024,-0.256
19025,-0.356
19026,-0.295
19027,-0.044
19028,-0.132
19029,0.034
19030,-0.117
19031,-0.222
19032,-0.117
19033,-0.137
19034,0.11
19035,-0.002
19036,0.039
19037,-0.056
19038,-0.049
19039,-0.215
19040,0.024
19041,-0.061
19042,-0.134
19043,0.056
19044,-0.139
19045,-0.063
19046,-0.061
19047,0.049
19048,-0.005
19049,0.059
19050,-0.195
19051,-0.11
19052,-0.176
19053,-0.242
19054,-0.247
19055,-0.151
19056,-0.076
19057,-0.166
19058,-0.078
19059,-0.103
19060,0.012
19061,-0.31
19062,-0.261
19063,-0.232
19064,-0.112
19065,-0.059
19066,-0.183
19067,-0.2
19068,-0.33
19069,-0.007
19070,-0.129
19071,-0.095
19072,-0.203
19073,-0.063
19074,-0.249
19075,-0.205
19076,-0.061
19077,-0.178
19078,-0.007
19079,0.005
19080,0.081
19081,-0.029
19082,0.044
19083,0.071
19084,0.061
19085,0.056
19086,-0.234
19087,-0.139
19088,-0.046
19089,-0.125
19090,-0.261
19091,-0.193
19092,-0.195
19093,-0.161
19094,-0.227
19095,-0.088
19096,-0.083
19097,-0.129
19098,-0.081
19099,-0.071
19100,0.037
19101,0.002
19102,-0.032
19103,-0.005
19104,-0.088
19105,-0.32
19106,-0.02
19107,0.085
19108,-0.273
19109,-0.247
19110,-0.107
19111,-0.156
19112,-0.112
19113,-0.146
19114,-0.215
19115,-0.2
19116,-0.244
19117,-0.352
19118,0.051
19119,-0.173
19120,0.063
19121,0.042
19122,-0.066
19123,-0.212
19124,-0.117
19125,-0.327
19126,0.244
19127,0.039
19128,-0.469
19129,-0.215
19130,-0.151
19131,-0.254
19132,-0.254
19133,-0.078
19134,-0.078
19135,0.027
19136,-0.156
19137,-0.056
19138,-0.129
19139,-0.378
19140,0.042
19141,0.093
19142,-0.095
19143,-0.405
19144,0.012
19145,-0.249
19146,-0.156
19147,-0.071
19148,-0.063
19149,-0.334
19150,-0.139
19151,-0.115
19152,-0.02
19153,-0.298
19154,-0.144
19155,0.032
19156,-0.237
19157,-0.049
19158,-0.098
19159,-0.054
19160,0.205
19161,0.125
19162,0.044
19163,-0.1
19164,0.085
19165,-0.254
19166,-0.051
19167,-0.122
19168,-0.239
19169,-0.044
19170,-0.176
19171,-0.222
19172,-0.159
19173,-0.139
19174,-0.09
19175,0.005
19176,-0.208
19177,-0.132
19178,-0.11
19179,-0.193
19180,-0.142
19181,0.061
19182,-0.042
19183,-0.139
19184,0.005
19185,-0.137
19186,-0.051
19187,-0.195
19188,-0.156
19189,-0.049
19190,-0.266
19191,-0.325
19192,-0.137
19193,0.005
19194,-0.215
19195,-0.171
19196,-0.137
19197,0.015
19198,-0.125
19199,-0.085
19200,0.093
19201,0.073
19202,-0.049
19203,-0.156
19204,0.144
19205,-0.149
19206,-0.127
19207,-0.007
19208,0.022
19209,-0.156
19210,-0.312
19211,-0.188
19212,0.032
19213,-0.049
19214,-0.256
19215,-0.103
19216,0.0
19217,-0.247
19218,-0.315
19219,-0.032
19220,-0.12
19221,-0.166
19222,-0.171
19223,-0.11
19224,-0.105
19225,-0.205
19226,0.068
19227,-0.02
19228,-0.205
19229,-0.11
19230,-0.063
19231,-0.381
19232,-0.278
19233,0.012
19234,-0.161
19235,-0.259
19236,-0.042
19237,0.051
19238,-0.088
19239,0.076
19240,0.049
19241,0.073
19242,-0.12
19243,-0.117
19244,0.073
19245,-0.027
19246,-0.149
19247,-0.081
19248,0.002
19249,-0.134
19250,-0.117
19251,-0.242
19252,-0.142
19253,-0.254
19254,-0.249
19255,-0.112
19256,-0.149
19257,-0.173
19258,-0.286
19259,0.083
19260,0.1
19261,-0.251
19262,-0.127
19263,-0.083
19264,-0.186
19265,-0.254
19266,-0.166
19267,-0.215
19268,-0.056
19269,-0.132
19270,-0.081
19271,0.193
19272,-0.149
19273,-0.027
19274,0.19
19275,-0.081
19276,-0.437
19277,-0.112
19278,-0.071
19279,-0.208
19280,-0.234
19281,-0.115
19282,-0.059
19283,-0.068
19284,-0.144
19285,0.107
19286,-0.049
19287,-0.229
19288,0.024
19289,-0.078
19290,-0.195
19291,-0.22
19292,-0.225
19293,-0.149
19294,0.017
19295,-0.181
19296,-0.173
19297,-0.107
19298,-0.085
19299,-0.02
19300,-0.239
19301,-0.271
19302,-0.081
19303,0.044
19304,-0.229
19305,-0.059
19306,-0.073
19307,-0.115
19308,-0.029
19309,-0.166
19310,-0.171
19311,-0.144
19312,-0.056
19313,-0.154
19314,-0.11
19315,-0.19
19316,-0.107
19317,-0.188
19318,-0.259
19319,-0.129
19320,-0.254
19321,-0.09
19322,-0.137
19323,-0.081
19324,-0.195
19325,0.063
19326,0.046
19327,-0.066
19328,-0.134
19329,-0.171
19330,-0.076
19331,-0.195
19332,-0.193
19333,-0.105
19334,0.076
19335,-0.156
19336,-0.095
19337,-0.002
19338,-0.186
19339,-0.107
19340,-0.071
19341,-0.049
19342,-0.098
19343,0.056
19344,-0.12
19345,-0.083
19346,-0.227
19347,-0.156
19348,-0.02
19349,-0.022
19350,-0.369
19351,-0.269
19352,0.054
19353,-0.093
19354,-0.105
19355,-0.283
19356,-0.078
19357,-0.024
19358,-0.044
19359,0.007
19360,0.076
19361,-0.222
19362,-0.229
19363,-0.088
19364,-0.107
19365,0.005
19366,-0.261
19367,-0.103
19368,-0.115
19369,-0.015
19370,-0.037
19371,-0.159
19372,-0.166
19373,-0.225
19374,-0.142
19375,-0.322
19376,-0.171
19377,-0.095
19378,0.059
19379,-0.02
19380,-0.1
19381,-0.146
19382,-0.117
19383,0.181
19384,0.054
19385,-0.105
19386,-0.229
19387,-0.103
19388,-0.127
19389,0.01
19390,-0.127
19391,0.007
19392,-0.107
19393,-0.408
19394,-0.105
19395,-0.002
19396,-0.332
19397,-0.403
19398,0.103
19399,-0.256
19400,-0.115
19401,-0.149
19402,-0.359
19403,-0.308
19404,-0.161
19405,-0.1
19406,0.056
19407,-0.049
19408,-0.149
19409,0.022
19410,-0.103
19411,-0.085
19412,-0.193
19413,-0.298
19414,-0.107
19415,-0.127
19416,-0.188
19417,-0.271
19418,-0.061
19419,-0.056
19420,-0.083
19421,-0.112
19422,0.09
19423,0.1
19424,-0.066
19425,0.056
19426,-0.244
19427,-0.186
19428,-0.195
19429,-0.022
19430,-0.237
19431,0.054
19432,-0.173
19433,-0.027
19434,0.085
19435,-0.002
19436,-0.173
19437,-0.222
19438,-0.181
19439,-0.098
19440,-0.051
19441,-0.315
19442,-0.181
19443,-0.103
19444,-0.149
19445,-0.19
19446,-0.059
19447,-0.095
19448,-0.237
19449,-0.002
19450,0.044
19451,0.02
19452,-0.098
19453,-0.02
19454,0.015
19455,-0.132
19456,-0.188
19457,-0.193
19458,-0.005
19459,-0.093
19460,-0.054
19461,-0.144
19462,-0.164
19463,-0.19
19464,-0.066
19465,-0.022
19466,0.005
19467,-0.168
19468,-0.215
19469,-0.034
19470,-0.205
19471,-0.032
19472,-0.098
19473,-0.129
19474,-0.378
19475,-0.452
19476,-0.225
19477,-0.017
19478,-0.168
19479,-0.215
19480,-0.046
19481,-0.212
19482,-0.149
19483,0.063
19484,0.103
19485,-0.076
19486,-0.071
19487,0.012
19488,0.012
19489,-0.107
19490,-0.095
19491,0.046
19492,0.037
19493,-0.11
19494,-0.186
19495,-0.09
19496,-0.132
19497,-0.049
19498,-0.007
19499,-0.054
19500,-0.217
19501,-0.103
19502,-0.083
19503,-0.088
19504,-0.107
19505,-0.059
19506,-0.02
19507,-0.225
19508,-0.264
19509,-0.156
19510,-0.22
19511,-0.095
19512,-0.122
19513,-0.2
19514,-0.227
19515,-0.032
19516,-0.203
19517,-0.227
19518,-0.12
19519,-0.195
19520,-0.198
19521,-0.176
19522,-0.22
19523,-0.225
19524,0.027
19525,-0.012
19526,-0.015
19527,-0.142
19528,-0.247
19529,-0.029
19530,0.09
19531,-0.1
19532,-0.103
19533,-0.066
19534,-0.217
19535,-0.071
19536,0.012
19537,-0.11
19538,-0.32
19539,-0.022
19540,-0.122
19541,-0.286
19542,-0.173
19543,-0.085
19544,0.017
19545,-0.125
19546,-0.149
19547,-0.115
19548,-0.159
19549,0.325
19550,0.105
19551,-0.193
19552,-0.251
19553,-0.254
19554,-0.193
19555,-0.063
19556,-0.339
19557,-0.334
19558,-0.273
19559,-0.215
19560,-0.247
19561,0.005
19562,-0.027
19563,-0.002
19564,-0.039
19565,0.085
19566,-0.005
19567,-0.134
19568,0.081
19569,-0.049
19570,0.054
19571,-0.166
19572,-0.002
19573,0.061
19574,-0.132
19575,-0.088
19576,0.037
19577,0.005
19578,-0.139
19579,-0.132
19580,-0.339
19581,-0.176
19582,-0.078
19583,-0.115
19584,-0.222
19585,-0.227
19586,-0.078
19587,-0.256
19588,-0.176
19589,-0.146
19590,-0.164
19591,-0.127
19592,0.007
19593,-0.132
19594,-0.19
19595,-0.171
19596,-0.093
19597,-0.005
19598,-0.203
19599,-0.073
19600,-0.078
19601,-0.266
19602,-0.244
19603,0.088
19604,-0.054
19605,-0.205
19606,-0.085
19607,-0.122
19608,-0.159
19609,-0.071
19610,0.012
19611,-0.046
19612,-0.151
19613,-0.081
19614,-0.027
19615,-0.098
19616,-0.217
19617,0.054
19618,-0.015
19619,-0.254
19620,-0.308
19621,-0.112
19622,-0.271
19623,-0.217
19624,-0.002
19625,-0.168
19626,-0.237
19627,-0.051
19628,0.046
19629,0.054
19630,-0.122
19631,-0.234
19632,0.022
19633,-0.044
19634,-0.254
19635,-0.195
19636,-0.159
19637,-0.168
19638,-0.278
19639,-0.244
19640,-0.156
19641,-0.122
19642,-0.183
19643,-0.132
19644,-0.171
19645,-0.12
19646,-0.168
19647,-0.154
19648,-0.112
19649,0.01
19650,-0.02
19651,-0.085
19652,-0.005
19653,-0.037
19654,-0.115
19655,-0.205
19656,-0.21
19657,-0.159
19658,-0.071
19659,-0.063
19660,-0.076
19661,-0.229
19662,-0.276
19663,-0.029
19664,-0.137
19665,-0.134
19666,-0.095
19667,-0.164
19668,-0.222
19669,-0.103
19670,-0.027
19671,-0.061
19672,-0.117
19673,-0.154
19674,-0.063
19675,-0.017
19676,-0.095
19677,-0.254
19678,-0.122
19679,-0.281
19680,-0.095
19681,0.046
19682,-0.225
19683,-0.186
19684,-0.042
19685,-0.183
19686,-0.154
19687,0.046
19688,-0.293
19689,0.005
19690,0.071
19691,-0.095
19692,-0.098
19693,-0.037
19694,-0.095
19695,-0.098
19696,-0.015
19697,-0.034
19698,-0.046
19699,-0.195
19700,-0.095
19701,0.11
19702,-0.186
19703,-0.259
19704,-0.215
19705,-0.288
19706,-0.2
19707,-0.054
19708,-0.122
19709,-0.105
19710,-0.195
19711,-0.12
19712,-0.007
19713,-0.154
19714,-0.227
19715,-0.051
19716,-0.137
19717,-0.122
19718,-0.002
19719,0.02
19720,-0.139
19721,-0.215
19722,-0.286
19723,-0.168
19724,-0.21
19725,-0.081
19726,-0.195
19727,-0.1
19728,-0.12
19729,0.039
19730,-0.039
19731,-0.144
19732,0.068
19733,0.037
19734,-0.068
19735,0.042
19736,-0.181
19737,-0.044
19738,0.015
19739,-0.244
19740,-0.054
19741,-0.027
19742,-0.078
19743,-0.095
19744,-0.254
19745,-0.254
19746,-0.078
19747,-0.015
19748,-0.374
19749,-0.186
19750,-0.129
19751,-0.4
19752,-0.269
19753,-0.107
19754,-0.325
19755,-0.227
19756,-0.046
19757,0.034
19758,-0.098
19759,-0.159
19760,-0.259
19761,-0.12
19762,-0.044
19763,-0.112
19764,-0.21
19765,-0.151
19766,-0.159
19767,0.222
19768,0.115
19769,-0.159
19770,-0.161
19771,-0.12
19772,0.012
19773,-0.005
19774,-0.081
19775,-0.286
19776,-0.276
19777,-0.288
19778,-0.332
19779,0.078
19780,-0.039
19781,-0.176
19782,-0.149
19783,-0.083
19784,-0.176
19785,-0.334
19786,-0.181
19787,0.005
19788,-0.059
19789,-0.276
19790,-0.088
19791,0.012
19792,-0.134
19793,-0.093
19794,-0.007
19795,0.02
19796,-0.149
19797,-0.146
19798,-0.068
19799,-0.085
19800,-0.342
19801,-0.186
19802,-0.029
19803,-0.166
19804,-0.293
19805,-0.112
19806,-0.291
19807,-0.027
19808,-0.154
19809,-0.122
19810,0.017
19811,-0.273
19812,-0.222
19813,-0.034
19814,-0.02
19815,-0.032
19816,-0.159
19817,-0.105
19818,-0.164
19819,-0.166
19820,-0.151
19821,-0.061
19822,-0.059
19823,-0.11
19824,-0.063
19825,-0.11
19826,-0.205
19827,-0.093
19828,-0.098
19829,-0.232
19830,-0.02
19831,-0.151
19832,-0.186
19833,-0.029
19834,-0.139
19835,-0.022
19836,0.032
19837,-0.112
19838,-0.046
19839,-0.095
19840,-0.151
19841,-0.059
19842,-0.049
19843,-0.073
19844,-0.066
19845,-0.132
19846,-0.1
19847,-0.137
19848,-0.066
19849,-0.022
19850,0.085
19851,0.005
19852,-0.134
19853,-0.159
19854,-0.002
19855,-0.042
19856,-0.098
19857,-0.244
19858,-0.127
19859,0.015
19860,-0.098
19861,-0.193
19862,-0.159
19863,-0.144
19864,-0.146
19865,-0.208
19866,-0.161
19867,-0.215
19868,-0.046
19869,-0.232
19870,-0.168
19871,-0.056
19872,-0.078
19873,-0.229
19874,-0.239
19875,-0.112
19876,-0.166
19877,-0.134
19878,-0.098
19879,-0.068
19880,-0.146
19881,-0.139
19882,-0.137
19883,-0.237
19884,-0.352
19885,-0.156
19886,-0.083
19887,-0.212
19888,-0.09
19889,-0.063
19890,-0.137
19891,-0.083
19892,-0.044
19893,-0.122
19894,-0.125
19895,-0.039
19896,-0.002
19897,0.09
19898,0.059
19899,-0.093
19900,-0.068
19901,-0.115
19902,-0.159
19903,-0.056
19904,-0.142
19905,-0.049
19906,-0.063
19907,-0.107
19908,-0.171
19909,-0.11
19910,-0.144
19911,-0.066
19912,-0.132
19913,-0.222
19914,-0.002
19915,-0.02
19916,-0.107
19917,-0.029
19918,-0.156
19919,-0.21
19920,-0.195
19921,-0.239
19922,-0.178
19923,-0.078
19924,-0.195
19925,-0.176
19926,-0.278
19927,-0.244
19928,-0.129
19929,-0.103
19930,0.012
19931,-0.01
19932,-0.134
19933,-0.098
19934,0.078
19935,-0.266
19936,-0.117
19937,0.027
19938,-0.037
19939,-0.198
19940,-0.112
19941,-0.276
19942,-0.183
19943,-0.061
19944,-0.266
19945,-0.256
19946,-0.068
19947,-0.022
19948,-0.11
19949,-0.161
19950,-0.151
19951,-0.146
19952,-0.085
19953,-0.09
19954,-0.037
19955,-0.117
19956,-0.149
19957,-0.115
19958,-0.076
19959,-0.112
19960,-0.227
19961,-0.234
19962,-0.149
19963,-0.056
19964,-0.151
19965,-0.195
19966,-0.142
19967,-0.208
19968,-0.217
19969,-0.295
19970,-0.242
19971,0.024
19972,0.176
19973,-0.168
19974,-0.029
19975,-0.037
19976,0.042
19977,0.017
19978,-0.066
19979,-0.117
19980,0.02
19981,-0.076
19982,-0.134
19983,-0.027
19984,-0.168
19985,-0.171
19986,-0.085
19987,-0.134
19988,-0.171
19989,-0.015
19990,-0.076
19991,-0.176
19992,-0.061
19993,-0.188
19994,-0.063
19995,-0.083
19996,-0.161
19997,-0.066
19998,-0.081
19999,-0.234
20000,0.105
20001,-0.125
20002,-0.195
20003,-0.054
20004,-0.112
20005,-0.115
20006,-0.146
20007,-0.027
20008,-0.029
20009,-0.083
20010,-0.269
20011,-0.215
20012,-0.095
20013,-0.039
20014,-0.144
20015,-0.134
20016,-0.11
20017,-0.154
20018,-0.061
20019,-0.105
20020,-0.081
20021,-0.164
20022,-0.264
20023,-0.229
20024,-0.09
20025,-0.156
20026,-0.176
20027,0.017
20028,-0.027
20029,-0.022
20030,-0.244
20031,-0.2
20032,-0.046
20033,-0.19
20034,-0.139
20035,0.034
20036,-0.234
20037,-0.105
20038,-0.078
20039,-0.215
20040,-0.083
20041,-0.208
20042,-0.112
20043,-0.061
20044,-0.264
20045,-0.212
20046,-0.012
20047,-0.166
20048,-0.137
20049,-0.073
20050,-0.056
20051,-0.215
20052,-0.2
20053,-0.098
20054,-0.149
20055,-0.161
20056,0.054
20057,0.115
20058,-0.039
20059,-0.215
20060,-0.044
20061,-0.005
20062,-0.142
20063,-0.112
20064,-0.034
20065,-0.291
20066,-0.083
20067,0.044
20068,-0.283
20069,-0.188
20070,0.029
20071,-0.259
20072,-0.269
20073,-0.12
20074,-0.168
20075,0.042
20076,-0.146
20077,-0.227
20078,-0.012
20079,-0.107
20080,-0.083
20081,0.093
20082,-0.21
20083,-0.193
20084,0.0
20085,-0.256
20086,-0.225
20087,-0.083
20088,-0.188
20089,0.042
20090,-0.037
20091,-0.122
20092,-0.227
20093,-0.046
20094,-0.005
20095,0.068
20096,-0.234
20097,-0.088
20098,0.061
20099,-0.012
20100,-0.178
20101,-0.125
20102,-0.117
20103,-0.183
20104,-0.334
20105,-0.168
20106,-0.063
20107,-0.159
20108,-0.278
20109,-0.098
20110,-0.142
20111,-0.32
20112,-0.366
20113,-0.156
20114,-0.09
20115,-0.139
20116,-0.217
20117,0.051
20118,0.137
20119,-0.024
20120,-0.193
20121,-0.134
20122,-0.071
20123,-0.186
20124,-0.159
20125,-0.127
20126,-0.112
20127,-0.032
20128,-0.117
20129,-0.19
20130,-0.098
20131,-0.112
20132,-0.037
20133,-0.01
20134,0.029
20135,-0.081
20136,0.029
20137,0.11
20138,0.037
20139,-0.159
20140,-0.259
20141,-0.054
20142,0.115
20143,-0.056
20144,-0.171
20145,-0.044
20146,-0.159
20147,-0.122
20148,-0.146
20149,-0.156
20150,-0.168
20151,-0.22
20152,-0.178
20153,-0.076
20154,-0.149
20155,-0.132
20156,-0.071
20157,-0.024
20158,-0.173
20159,-0.059
20160,0.066
20161,-0.049
20162,-0.095
20163,-0.085
20164,-0.061
20165,-0.139
20166,-0.151
20167,-0.071
20168,-0.178
20169,-0.369
20170,-0.105
20171,-0.059
20172,-0.129
20173,-0.156
20174,-0.229
20175,-0.164
20176,0.022
20177,-0.037
20178,-0.083
20179,0.017
20180,-0.01
20181,0.005
20182,-0.09
20183,-0.183
20184,-0.042
20185,0.066
20186,-0.168
20187,-0.286
20188,-0.02
20189,-0.029
20190,-0.215
20191,-0.205
20192,-0.195
20193,-0.149
20194,-0.051
20195,-0.1
20196,-0.054
20197,-0.027
20198,-0.061
20199,-0.161
20200,-0.059
20201,0.066
20202,-0.198
20203,-0.156
20204,0.007
20205,-0.056
20206,-0.176
20207,-0.076
20208,-0.166
20209,-0.325
20210,-0.063
20211,0.095
20212,-0.073
20213,-0.225
20214,-0.02
20215,0.061
20216,-0.061
20217,-0.144
20218,0.061
20219,-0.002
20220,-0.273
20221,-0.098
20222,0.044
20223,-0.129
20224,-0.137
20225,0.063
20226,-0.195
20227,-0.159
20228,-0.039
20229,0.066
20230,-0.066
20231,-0.125
20232,-0.244
20233,-0.112
20234,0.044
20235,-0.144
20236,-0.122
20237,-0.173
20238,-0.063
20239,0.073
20240,-0.022
20241,-0.173
20242,-0.002
20243,-0.276
20244,-0.229
20245,0.039
20246,-0.154
20247,-0.122
20248,-0.325
20249,-0.159
20250,-0.254
20251,-0.117
20252,-0.217
20253,-0.034
20254,-0.093
20255,-0.303
20256,-0.066
20257,-0.076
20258,-0.193
20259,-0.273
20260,0.105
20261,-0.144
20262,-0.186
20263,-0.264
20264,-0.149
20265,-0.073
20266,-0.115
20267,-0.027
20268,-0.22
20269,-0.151
20270,-0.312
20271,0.017
20272,0.017
20273,-0.044
20274,-0.142
20275,0.02
20276,-0.039
20277,-0.237
20278,0.015
20279,-0.063
20280,-0.1
20281,-0.161
20282,0.076
20283,-0.19
20284,-0.232
20285,-0.212
20286,-0.044
20287,0.005
20288,-0.234
20289,-0.1
20290,-0.183
20291,-0.149
20292,-0.01
20293,-0.027
20294,-0.217
20295,0.002
20296,-0.105
20297,-0.156
20298,-0.178
20299,-0.024
20300,0.21
20301,-0.081
20302,-0.142
20303,-0.176
20304,-0.176
20305,-0.225
20306,0.022
20307,-0.005
20308,-0.146
20309,-0.186
20310,-0.11
20311,-0.183
20312,-0.315
20313,-0.156
20314,-0.093
20315,0.085
20316,-0.159
20317,-0.127
20318,-0.081
20319,-0.046
20320,0.022
20321,-0.029
20322,-0.271
20323,-0.095
20324,-0.132
20325,-0.122
20326,-0.071
20327,-0.286
20328,-0.178
20329,-0.042
20330,-0.256
20331,-0.156
20332,-0.171
20333,-0.112
20334,-0.005
20335,0.105
20336,-0.271
20337,-0.173
20338,0.154
20339,0.056
20340,-0.139
20341,-0.186
20342,-0.208
20343,-0.183
20344,-0.066
20345,-0.159
20346,-0.024
20347,-0.071
20348,-0.198
20349,-0.237
20350,-0.212
20351,-0.078
20352,0.1
20353,0.017
20354,-0.339
20355,-0.312
20356,-0.247
20357,-0.039
20358,-0.11
20359,-0.161
20360,-0.205
20361,-0.071
20362,-0.078
20363,-0.259
20364,-0.063
20365,-0.369
20366,-0.229
20367,-0.149
20368,-0.176
20369,-0.286
20370,-0.117
20371,-0.278
20372,-0.19
20373,-0.176
20374,-0.327
20375,0.002
20376,-0.02
20377,-0.237
20378,-0.161
20379,-0.12
20380,-0.186
20381,0.002
20382,0.0
20383,-0.117
20384,-0.059
20385,-0.222
20386,-0.132
20387,-0.01
20388,-0.032
20389,-0.229
20390,-0.093
20391,-0.4
20392,-0.454
20393,-0.139
20394,-0.029
20395,-0.093
20396,-0.005
20397,0.122
20398,-0.193
20399,-0.098
20400,0.029
20401,0.076
20402,-0.19
20403,-0.195
20404,-0.088
20405,-0.01
20406,-0.049
20407,-0.137
20408,-0.068
20409,-0.432
20410,-0.032
20411,-0.061
20412,-0.271
20413,0.015
20414,0.049
20415,-0.095
20416,-0.405
20417,-0.291
20418,-0.068
20419,0.227
20420,0.042
20421,-0.037
20422,-0.156
20423,-0.059
20424,0.054
20425,0.125
20426,-0.032
20427,-0.225
20428,-0.002
20429,0.034
20430,-0.225
20431,-0.264
20432,0.059
20433,-0.085
20434,-0.027
20435,0.076
20436,-0.227
20437,-0.33
20438,-0.146
20439,-0.11
20440,-0.239
20441,-0.144
20442,-0.09
20443,-0.098
20444,-0.09
20445,-0.144
20446,-0.107
20447,-0.193
20448,0.034
20449,0.151
20450,-0.256
20451,-0.369
20452,-0.105
20453,-0.19
20454,-0.098
20455,-0.117
20456,-0.007
20457,-0.151
20458,-0.286
20459,-0.161
20460,-0.432
20461,-0.173
20462,-0.098
20463,0.056
20464,-0.2
20465,-0.093
20466,-0.261
20467,-0.078
20468,0.129
20469,0.051
20470,-0.122
20471,-0.017
20472,-0.049
20473,-0.117
20474,-0.208
20475,-0.276
20476,-0.127
20477,-0.129
20478,-0.195
