,-0.083
0,-0.081
1,-0.039
2,-0.085
3,-0.142
4,-0.061
5,-0.007
6,0.0
7,0.044
8,0.01
9,-0.093
10,-0.046
11,-0.054
12,-0.078
13,-0.112
14,0.073
15,0.256
16,0.176
17,0.046
18,0.034
19,0.159
20,0.315
21,0.039
22,-0.327
23,-0.405
24,-0.024
25,-0.073
26,-0.083
27,0.154
28,0.083
29,0.037
30,-0.12
31,-0.103
32,0.002
33,-0.054
34,-0.073
35,-0.115
36,-0.024
37,0.222
38,0.342
39,0.293
40,0.107
41,0.024
42,-0.032
43,-0.039
44,-0.1
45,-0.076
46,-0.002
47,0.1
48,0.037
49,-0.024
50,0.1
51,0.122
52,0.137
53,-0.059
54,-0.259
55,-0.142
56,-0.056
57,-0.024
58,-0.081
59,-0.049
60,0.117
61,0.198
62,0.125
63,0.061
64,-0.012
65,-0.081
66,-0.105
67,-0.066
68,-0.083
69,-0.09
70,0.071
71,0.071
72,0.022
73,0.066
74,0.139
75,0.051
76,0.032
77,-0.054
78,-0.061
79,0.068
80,0.01
81,0.005
82,0.142
83,0.237
84,0.12
85,-0.02
86,-0.134
87,-0.071
88,0.039
89,-0.007
90,-0.359
91,-0.283
92,-0.051
93,0.071
94,-0.088
95,-0.178
96,-0.11
97,0.056
98,0.0
99,-0.029
100,0.01
101,0.181
102,0.486
103,0.327
104,0.002
105,0.042
106,0.337
107,0.476
108,0.12
109,-0.486
110,-0.464
111,-0.042
112,-0.066
113,-0.083
114,-0.159
115,0.09
116,0.125
117,-0.063
118,-0.137
119,0.017
120,0.068
121,0.046
122,-0.181
123,-0.061
124,0.325
125,0.51
126,0.234
127,0.12
128,0.217
129,0.149
130,-0.107
131,-0.186
132,-0.188
133,-0.09
134,0.056
135,-0.12
136,-0.059
137,0.129
138,0.293
139,0.217
140,-0.017
141,-0.107
142,-0.042
143,0.088
144,0.093
145,-0.066
146,-0.11
147,0.066
148,0.154
149,0.078
150,-0.061
151,-0.09
152,-0.02
153,-0.095
154,-0.195
155,-0.142
156,-0.007
157,0.125
158,0.063
159,0.024
160,0.095
161,0.156
162,0.229
163,0.183
164,0.078
165,-0.012
166,0.046
167,0.095
168,0.005
169,0.112
170,0.037
171,-0.017
172,-0.027
173,-0.042
174,-0.061
175,-0.068
176,-0.149
177,-0.254
178,-0.225
179,0.002
180,0.071
181,0.02
182,-0.054
183,0.027
184,0.171
185,0.186
186,0.1
187,-0.012
188,0.027
189,0.073
190,0.232
191,0.19
192,-0.103
193,-0.017
194,0.337
195,0.127
196,-0.22
197,-0.549
198,-0.427
199,-0.186
200,-0.059
201,0.205
202,0.051
203,0.039
204,0.015
205,0.071
206,0.122
207,-0.032
208,-0.168
209,-0.173
210,-0.012
211,0.31
212,0.422
213,0.276
214,0.037
215,-0.002
216,0.083
217,-0.105
218,-0.215
219,-0.181
220,-0.083
221,0.144
222,0.085
223,0.002
224,0.198
225,0.259
226,0.227
227,0.002
228,-0.112
229,-0.007
230,0.056
231,-0.059
232,-0.151
233,-0.125
234,0.081
235,0.081
236,-0.024
237,-0.105
238,-0.193
239,-0.166
240,-0.125
241,-0.132
242,-0.1
243,-0.022
244,-0.022
245,0.066
246,0.168
247,0.234
248,0.181
249,0.039
250,-0.051
251,0.034
252,0.173
253,0.107
254,0.046
255,-0.032
256,0.034
257,0.149
258,0.085
259,-0.088
260,-0.142
261,-0.066
262,0.012
263,-0.137
264,-0.227
265,-0.117
266,-0.017
267,-0.005
268,-0.037
269,-0.049
270,0.073
271,0.137
272,0.142
273,0.09
274,-0.083
275,0.024
276,0.01
277,0.334
278,0.276
279,-0.171
280,-0.076
281,0.349
282,0.164
283,-0.242
284,-0.579
285,-0.376
286,-0.251
287,0.054
288,0.315
289,0.156
290,-0.093
291,-0.042
292,0.044
293,-0.005
294,-0.071
295,-0.151
296,-0.171
297,0.012
298,0.208
299,0.364
300,0.288
301,0.085
302,-0.095
303,-0.11
304,-0.088
305,-0.132
306,-0.029
307,-0.005
308,-0.002
309,0.073
310,-0.01
311,0.205
312,0.198
313,0.098
314,-0.081
315,-0.132
316,-0.044
317,-0.046
318,-0.173
319,-0.166
320,-0.093
321,-0.002
322,0.02
323,0.01
324,0.032
325,-0.034
326,-0.264
327,-0.249
328,-0.022
329,0.122
330,0.032
331,-0.073
332,-0.027
333,0.127
334,0.234
335,0.232
336,0.117
337,-0.042
338,-0.042
339,0.034
340,0.083
341,0.046
342,-0.02
343,0.051
344,0.088
345,0.049
346,-0.063
347,-0.088
348,-0.12
349,-0.161
350,-0.159
351,-0.161
352,-0.229
353,-0.239
354,-0.093
355,-0.042
356,-0.081
357,-0.073
358,0.066
359,0.049
360,-0.063
361,-0.151
362,-0.007
363,0.337
364,0.232
365,-0.054
366,-0.103
367,0.234
368,0.22
369,0.056
370,-0.249
371,-0.332
372,-0.061
373,-0.193
374,-0.303
375,0.017
376,0.103
377,-0.005
378,-0.251
379,-0.168
380,0.059
381,0.125
382,-0.056
383,-0.291
384,-0.107
385,0.405
386,0.398
387,0.034
388,-0.105
389,0.107
390,0.156
391,-0.093
392,-0.093
393,-0.103
394,-0.066
395,-0.039
396,-0.176
397,-0.046
398,0.156
399,0.132
400,-0.015
401,-0.156
402,-0.056
403,0.085
404,0.044
405,-0.154
406,-0.137
407,-0.037
408,0.127
409,0.054
410,-0.017
411,-0.032
412,-0.032
413,-0.093
414,-0.254
415,-0.159
416,-0.061
417,-0.127
418,-0.129
419,-0.098
420,0.012
421,0.078
422,0.063
423,0.071
424,0.029
425,0.007
426,-0.007
427,0.039
428,-0.02
429,-0.051
430,-0.029
431,0.076
432,0.112
433,-0.037
434,-0.09
435,-0.085
436,-0.09
437,-0.127
438,-0.125
439,-0.176
440,-0.208
441,-0.122
442,-0.029
443,-0.098
444,-0.134
445,0.007
446,0.076
447,0.022
448,-0.193
449,-0.007
450,0.161
451,0.195
452,0.117
453,0.002
454,0.164
455,0.359
456,0.242
457,-0.156
458,-0.378
459,-0.344
460,-0.09
461,-0.288
462,-0.142
463,0.063
464,0.164
465,-0.066
466,-0.208
467,-0.129
468,0.081
469,0.093
470,-0.12
471,-0.247
472,0.09
473,0.479
474,0.354
475,-0.007
476,-0.076
477,0.071
478,0.073
479,-0.11
480,-0.361
481,-0.344
482,-0.115
483,-0.015
484,-0.239
485,-0.159
486,0.168
487,0.271
488,0.034
489,-0.137
490,-0.095
491,0.059
492,0.02
493,-0.254
494,-0.095
495,0.068
496,0.178
497,0.083
498,0.044
499,-0.085
500,-0.242
501,-0.217
502,-0.312
503,-0.278
504,-0.103
505,-0.034
506,-0.054
507,0.002
508,0.154
509,0.129
510,0.215
511,0.227
512,0.171
513,0.042
514,0.061
515,0.085
516,0.066
517,-0.022
518,-0.022
519,0.022
520,-0.012
521,-0.127
522,-0.12
523,-0.151
524,-0.239
525,-0.266
526,-0.137
527,-0.105
528,-0.127
529,-0.032
530,0.02
531,-0.039
532,-0.032
533,0.12
534,0.186
535,0.059
536,-0.09
537,-0.154
538,0.049
539,0.176
540,0.061
541,-0.271
542,-0.144
543,0.215
544,0.264
545,-0.217
546,-0.522
547,-0.42
548,-0.098
549,0.034
550,0.105
551,0.066
552,-0.005
553,-0.046
554,0.037
555,-0.002
556,-0.076
557,-0.107
558,-0.234
559,-0.342
560,0.056
561,0.425
562,0.359
563,0.032
564,-0.085
565,0.032
566,-0.054
567,-0.076
568,-0.107
569,-0.168
570,-0.073
571,0.146
572,0.293
573,0.271
574,0.239
575,0.12
576,0.12
577,0.076
578,-0.056
579,-0.125
580,-0.198
581,-0.154
582,-0.188
583,-0.063
584,-0.002
585,-0.044
586,-0.056
587,-0.051
588,-0.154
589,-0.144
590,-0.125
591,-0.061
592,0.049
593,0.063
594,0.09
595,0.161
596,0.122
597,0.176
598,0.146
599,0.044
600,-0.105
601,-0.154
602,-0.044
603,0.063
604,0.037
605,0.024
606,0.037
607,0.12
608,0.073
609,-0.059
610,-0.061
611,-0.105
612,-0.134
613,-0.149
614,-0.073
615,-0.09
616,-0.044
617,-0.063
618,-0.061
619,-0.017
620,0.032
621,-0.039
622,-0.061
623,-0.176
624,-0.051
625,0.232
626,0.249
627,0.117
628,-0.066
629,0.41
630,0.435
631,0.21
632,-0.269
633,-0.432
634,-0.081
635,-0.083
636,-0.159
637,0.305
638,0.256
639,0.015
640,-0.085
641,-0.002
642,0.071
643,-0.09
644,-0.242
645,-0.276
646,0.098
647,0.398
648,0.315
649,0.081
650,0.146
651,0.168
652,0.122
653,-0.042
654,-0.244
655,-0.042
656,-0.007
657,0.12
658,0.093
659,0.071
660,0.239
661,0.217
662,0.117
663,-0.034
664,-0.149
665,-0.1
666,0.083
667,-0.044
668,-0.083
669,0.042
670,0.156
671,0.107
672,0.039
673,0.037
674,-0.01
675,0.005
676,-0.024
677,-0.122
678,-0.186
679,-0.071
680,0.112
681,0.164
682,0.098
683,0.049
684,0.093
685,0.132
686,0.132
687,-0.027
688,-0.144
689,-0.01
690,0.122
691,0.227
692,0.173
693,0.159
694,0.156
695,0.071
696,0.002
697,-0.022
698,-0.056
699,-0.134
700,-0.127
701,-0.132
702,-0.11
703,-0.042
704,0.005
705,-0.002
706,0.022
707,0.115
708,0.046
709,-0.083
710,-0.156
711,0.024
712,0.339
713,0.22
714,-0.039
715,-0.032
716,0.125
717,0.171
718,0.09
719,-0.303
720,-0.286
721,-0.129
722,-0.283
723,-0.208
724,0.139
725,0.32
726,0.054
727,-0.259
728,-0.107
729,0.076
730,0.076
731,-0.027
732,-0.193
733,-0.063
734,0.337
735,0.454
736,0.239
737,0.1
738,0.144
739,0.151
740,-0.017
741,-0.178
742,-0.159
743,0.007
744,0.051
745,-0.056
746,-0.098
747,0.166
748,0.203
749,0.063
750,-0.107
751,-0.139
752,-0.051
753,-0.02
754,-0.122
755,-0.046
756,0.095
757,0.068
758,0.042
759,0.027
760,-0.01
761,-0.049
762,-0.034
763,-0.117
764,-0.208
765,-0.09
766,-0.032
767,-0.005
768,0.049
769,0.034
770,0.125
771,0.156
772,0.151
773,0.137
774,0.098
775,0.1
776,0.127
777,0.095
778,0.076
779,0.107
780,0.166
781,0.103
782,0.032
783,-0.032
784,-0.081
785,-0.01
786,-0.142
787,-0.215
788,-0.181
789,-0.11
790,0.022
791,-0.098
792,-0.188
793,-0.046
794,0.2
795,0.208
796,0.002
797,-0.149
798,0.051
799,0.298
800,0.325
801,0.183
802,-0.146
803,0.027
804,0.305
805,0.234
806,-0.103
807,-0.415
808,-0.361
809,-0.117
810,-0.286
811,-0.1
812,0.11
813,0.002
814,-0.068
815,-0.049
816,0.061
817,0.1
818,0.022
819,-0.168
820,-0.105
821,0.212
822,0.388
823,0.322
824,0.134
825,-0.073
826,-0.142
827,-0.247
828,-0.183
829,-0.3
830,-0.217
831,0.051
832,0.059
833,0.015
834,0.032
835,0.059
836,0.115
837,0.088
838,0.0
839,-0.085
840,-0.1
841,-0.034
842,-0.015
843,-0.049
844,-0.056
845,-0.105
846,-0.005
847,0.032
848,-0.068
849,-0.225
850,-0.261
851,-0.149
852,0.027
853,0.017
854,0.02
855,0.081
856,0.066
857,0.105
858,0.186
859,0.176
860,0.127
861,0.068
862,0.078
863,0.073
864,0.095
865,0.073
866,0.076
867,0.073
868,0.0
869,-0.042
870,-0.09
871,-0.063
872,-0.137
873,-0.166
874,-0.12
875,-0.063
876,-0.085
877,-0.078
878,-0.022
879,-0.049
880,-0.056
881,0.042
882,0.015
883,-0.095
884,-0.269
885,0.032
886,0.146
887,0.215
888,0.149
889,-0.039
890,0.007
891,0.349
892,0.095
893,-0.093
894,-0.369
895,-0.254
896,-0.31
897,0.059
898,0.308
899,0.083
900,-0.168
901,-0.093
902,0.017
903,0.034
904,-0.012
905,-0.154
906,-0.229
907,-0.029
908,0.32
909,0.388
910,0.21
911,0.156
912,0.234
913,-0.066
914,-0.129
915,-0.112
916,-0.046
917,-0.02
918,-0.002
919,0.029
920,0.098
921,0.283
922,0.3
923,-0.049
924,-0.293
925,-0.09
926,0.063
927,0.078
928,-0.19
929,-0.286
930,-0.068
931,0.178
932,0.115
933,-0.071
934,-0.083
935,-0.093
936,-0.095
937,-0.046
938,0.066
939,-0.046
940,-0.068
941,-0.01
942,0.122
943,0.254
944,0.151
945,0.125
946,-0.01
947,-0.054
948,-0.01
949,-0.066
950,0.044
951,0.178
952,0.122
953,-0.032
954,-0.122
955,0.032
956,0.115
957,0.107
958,-0.076
959,-0.347
960,-0.215
961,0.032
962,0.061
963,-0.09
964,-0.09
965,-0.032
966,-0.017
967,0.068
968,0.022
969,-0.122
970,-0.137
971,0.049
972,0.183
973,0.159
974,0.122
975,0.042
976,0.2
977,0.281
978,0.227
979,0.044
980,-0.239
981,-0.356
982,-0.33
983,-0.068
984,0.156
985,0.19
986,-0.161
987,-0.278
988,-0.098
989,0.164
990,0.149
991,-0.12
992,-0.361
993,-0.276
994,0.122
995,0.342
996,0.234
997,0.059
998,0.049
999,0.164
1000,0.132
1001,-0.159
1002,-0.295
1003,-0.156
1004,-0.068
1005,-0.042
1006,-0.112
1007,0.005
1008,0.161
1009,0.21
1010,0.068
1011,-0.105
1012,-0.103
1013,-0.127
1014,-0.195
1015,-0.11
1016,0.034
1017,0.051
1018,0.117
1019,0.066
1020,0.071
1021,0.129
1022,0.056
1023,-0.093
1024,-0.144
1025,-0.103
1026,-0.063
1027,0.015
1028,0.034
1029,0.017
1030,-0.022
1031,0.203
1032,0.259
1033,0.076
1034,-0.059
1035,-0.171
1036,-0.044
1037,0.168
1038,0.139
1039,0.142
1040,0.115
1041,0.168
1042,0.21
1043,0.1
1044,-0.042
1045,-0.193
1046,-0.159
1047,-0.154
1048,-0.176
1049,-0.195
1050,-0.164
1051,-0.105
1052,-0.171
1053,0.024
1054,0.137
1055,0.007
1056,-0.071
1057,-0.134
1058,0.0
1059,0.173
1060,0.247
1061,0.2
1062,-0.088
1063,0.225
1064,0.312
1065,0.371
1066,0.076
1067,-0.251
1068,-0.591
1069,-0.464
1070,-0.276
1071,0.066
1072,-0.012
1073,-0.129
1074,-0.061
1075,0.076
1076,0.115
1077,0.029
1078,-0.088
1079,-0.237
1080,-0.215
1081,0.168
1082,0.33
1083,0.308
1084,0.259
1085,0.046
1086,-0.054
1087,-0.098
1088,-0.229
1089,-0.261
1090,-0.183
1091,-0.054
1092,-0.039
1093,0.005
1094,0.166
1095,0.22
1096,0.088
1097,-0.088
1098,-0.103
1099,-0.012
1100,-0.005
1101,-0.078
1102,-0.166
1103,0.046
1104,0.203
1105,0.127
1106,-0.01
1107,-0.103
1108,-0.093
1109,-0.205
1110,-0.186
1111,-0.115
1112,-0.056
1113,-0.183
1114,-0.198
1115,0.076
1116,0.166
1117,0.068
1118,0.059
1119,0.122
1120,0.115
1121,0.085
1122,0.063
1123,0.098
1124,0.19
1125,0.186
1126,0.12
1127,0.107
1128,0.066
1129,0.002
1130,-0.105
1131,-0.132
1132,-0.134
1133,-0.22
1134,-0.249
1135,-0.186
1136,-0.078
1137,-0.032
1138,0.02
1139,-0.029
1140,-0.037
1141,0.071
1142,0.217
1143,0.146
1144,-0.146
1145,0.005
1146,0.308
1147,0.295
1148,0.068
1149,-0.078
1150,-0.117
1151,0.095
1152,0.186
1153,-0.134
1154,-0.474
1155,-0.42
1156,-0.129
1157,0.049
1158,-0.078
1159,0.139
1160,0.239
1161,0.115
1162,-0.042
1163,-0.198
1164,0.017
1165,0.095
1166,-0.112
1167,-0.281
1168,-0.017
1169,0.271
1170,0.186
1171,0.017
1172,-0.071
1173,-0.083
1174,-0.168
1175,-0.239
1176,-0.203
1177,-0.095
1178,-0.034
1179,0.112
1180,0.095
1181,0.112
1182,0.151
1183,0.198
1184,0.085
1185,-0.005
1186,0.049
1187,-0.034
1188,-0.046
1189,-0.12
1190,-0.01
1191,0.044
1192,-0.042
1193,-0.083
1194,-0.117
1195,-0.022
1196,0.024
1197,-0.149
1198,-0.139
1199,-0.015
1200,0.051
1201,0.061
1202,0.144
1203,0.166
1204,0.042
1205,-0.02
1206,0.107
1207,0.11
1208,0.024
1209,0.037
1210,0.005
1211,0.11
1212,0.105
1213,0.012
1214,-0.066
1215,0.042
1216,0.085
1217,-0.098
1218,-0.193
1219,-0.034
1220,0.002
1221,-0.02
1222,-0.015
1223,-0.032
1224,-0.015
1225,-0.063
1226,-0.049
1227,-0.095
1228,0.054
1229,0.107
1230,-0.1
1231,-0.264
1232,-0.049
1233,0.176
1234,0.232
1235,0.137
1236,-0.139
1237,-0.01
1238,0.288
1239,0.088
1240,-0.144
1241,-0.42
1242,-0.164
1243,-0.115
1244,0.027
1245,0.083
1246,0.105
1247,0.059
1248,-0.017
1249,-0.125
1250,-0.044
1251,-0.012
1252,-0.127
1253,-0.293
1254,-0.2
1255,0.107
1256,0.3
1257,0.188
1258,0.115
1259,-0.029
1260,0.061
1261,0.037
1262,-0.195
1263,-0.181
1264,-0.09
1265,0.066
1266,0.076
1267,-0.117
1268,0.122
1269,0.327
1270,0.164
1271,-0.112
1272,-0.288
1273,-0.144
1274,-0.142
1275,-0.188
1276,-0.181
1277,-0.193
1278,-0.056
1279,0.046
1280,-0.005
1281,-0.098
1282,-0.078
1283,-0.073
1284,-0.054
1285,0.037
1286,-0.01
1287,0.0
1288,0.061
1289,0.139
1290,0.068
1291,0.046
1292,0.105
1293,0.137
1294,-0.024
1295,-0.129
1296,-0.083
1297,-0.042
1298,-0.027
1299,-0.049
1300,-0.073
1301,0.034
1302,0.127
1303,0.1
1304,-0.044
1305,-0.054
1306,-0.027
1307,-0.12
1308,-0.156
1309,-0.085
1310,-0.056
1311,0.024
1312,-0.044
1313,-0.171
1314,-0.12
1315,0.027
1316,0.015
1317,-0.083
1318,-0.166
1319,-0.068
1320,-0.073
1321,0.125
1322,0.161
1323,0.042
1324,0.046
1325,0.325
1326,0.137
1327,-0.056
1328,-0.334
1329,-0.232
1330,-0.247
1331,-0.01
1332,0.073
1333,-0.051
1334,-0.122
1335,-0.032
1336,-0.005
1337,-0.132
1338,-0.103
1339,0.054
1340,-0.039
1341,-0.042
1342,0.212
1343,0.42
1344,0.457
1345,0.291
1346,0.073
1347,0.029
1348,0.054
1349,-0.01
1350,-0.171
1351,-0.212
1352,0.115
1353,0.186
1354,0.01
1355,0.044
1356,0.085
1357,0.042
1358,-0.059
1359,-0.161
1360,0.012
1361,-0.044
1362,-0.061
1363,-0.054
1364,-0.095
1365,-0.073
1366,0.073
1367,0.181
1368,0.142
1369,-0.1
1370,-0.178
1371,-0.178
1372,-0.154
1373,-0.103
1374,-0.063
1375,-0.063
1376,0.002
1377,0.068
1378,0.078
1379,0.156
1380,0.149
1381,0.083
1382,0.071
1383,0.12
1384,0.195
1385,0.073
1386,0.078
1387,0.137
1388,0.149
1389,0.015
1390,-0.078
1391,-0.125
1392,-0.056
1393,-0.151
1394,-0.186
1395,-0.188
1396,-0.203
1397,-0.09
1398,-0.127
1399,-0.181
1400,-0.144
1401,0.098
1402,0.168
1403,0.09
1404,-0.217
1405,0.103
1406,0.334
1407,0.247
1408,0.056
1409,0.088
1410,0.349
1411,0.405
1412,-0.032
1413,-0.203
1414,-0.32
1415,0.056
1416,0.022
1417,-0.107
1418,-0.154
1419,0.022
1420,0.193
1421,-0.032
1422,-0.056
1423,0.083
1424,0.112
1425,0.017
1426,-0.11
1427,-0.02
1428,0.186
1429,0.488
1430,0.234
1431,0.115
1432,0.01
1433,0.015
1434,-0.12
1435,-0.295
1436,-0.21
1437,-0.066
1438,-0.034
1439,-0.066
1440,0.068
1441,0.217
1442,0.178
1443,0.042
1444,0.049
1445,0.01
1446,0.1
1447,-0.002
1448,-0.042
1449,-0.071
1450,0.002
1451,0.112
1452,0.166
1453,0.015
1454,-0.105
1455,-0.09
1456,-0.051
1457,0.059
1458,0.09
1459,0.024
1460,0.022
1461,0.161
1462,0.12
1463,0.164
1464,0.085
1465,0.112
1466,0.146
1467,0.117
1468,0.059
1469,-0.042
1470,-0.051
1471,-0.044
1472,0.134
1473,0.171
1474,-0.007
1475,-0.154
1476,-0.188
1477,-0.044
1478,0.085
1479,-0.081
1480,-0.273
1481,-0.242
1482,-0.005
1483,0.073
1484,-0.061
1485,-0.107
1486,0.098
1487,0.229
1488,0.129
1489,-0.276
1490,-0.051
1491,0.181
1492,0.115
1493,0.095
1494,-0.017
1495,0.029
1496,0.298
1497,0.295
1498,-0.073
1499,-0.374
1500,-0.3
1501,0.105
1502,-0.029
1503,-0.029
1504,0.312
1505,0.156
1506,-0.081
1507,-0.125
1508,0.0
1509,0.215
1510,0.164
1511,-0.181
1512,-0.203
1513,0.242
1514,0.554
1515,0.344
1516,-0.059
1517,-0.1
1518,-0.017
1519,-0.068
1520,-0.166
1521,-0.188
1522,0.146
1523,0.061
1524,0.034
1525,0.024
1526,0.129
1527,0.188
1528,0.144
1529,0.117
1530,0.024
1531,-0.056
1532,0.085
1533,-0.007
1534,-0.034
1535,-0.044
1536,-0.063
1537,0.037
1538,0.073
1539,-0.063
1540,-0.154
1541,-0.078
1542,0.093
1543,0.068
1544,-0.027
1545,0.105
1546,0.061
1547,0.098
1548,-0.022
1549,0.078
1550,0.198
1551,0.249
1552,0.085
1553,-0.122
1554,0.007
1555,0.212
1556,0.095
1557,-0.076
1558,-0.078
1559,-0.029
1560,0.103
1561,0.049
1562,0.034
1563,-0.051
1564,-0.039
1565,-0.017
1566,-0.066
1567,-0.09
1568,0.0
1569,0.039
1570,-0.017
1571,-0.115
1572,0.01
1573,0.161
1574,0.139
1575,0.002
1576,-0.232
1577,-0.054
1578,0.303
1579,0.308
1580,-0.002
1581,-0.208
1582,0.01
1583,0.398
1584,0.178
1585,-0.425
1586,-0.508
1587,-0.244
1588,0.034
1589,-0.081
1590,0.166
1591,0.146
1592,0.059
1593,-0.093
1594,-0.083
1595,0.146
1596,0.188
1597,-0.049
1598,-0.269
1599,-0.066
1600,0.234
1601,0.32
1602,0.168
1603,0.078
1604,0.037
1605,0.02
1606,-0.061
1607,-0.132
1608,-0.181
1609,-0.098
1610,-0.093
1611,-0.046
1612,0.005
1613,0.154
1614,0.188
1615,0.085
1616,-0.039
1617,0.022
1618,-0.032
1619,-0.088
1620,-0.134
1621,-0.261
1622,-0.161
1623,0.068
1624,0.093
1625,0.146
1626,0.017
1627,-0.12
1628,-0.068
1629,0.054
1630,0.039
1631,-0.039
1632,-0.066
1633,0.01
1634,0.151
1635,0.222
1636,0.144
1637,0.12
1638,0.142
1639,0.015
1640,-0.022
1641,-0.02
1642,-0.024
1643,-0.066
1644,-0.061
1645,-0.051
1646,0.002
1647,-0.007
1648,-0.027
1649,-0.073
1650,-0.088
1651,-0.178
1652,-0.193
1653,-0.195
1654,-0.151
1655,-0.11
1656,-0.11
1657,-0.01
1658,-0.042
1659,-0.032
1660,0.022
1661,0.054
1662,0.007
1663,-0.173
1664,-0.044
1665,-0.007
1666,0.369
1667,0.374
1668,-0.059
1669,-0.193
1670,0.398
1671,0.325
1672,-0.132
1673,-0.549
1674,-0.393
1675,-0.337
1676,-0.151
1677,0.042
1678,-0.076
1679,-0.125
1680,-0.125
1681,-0.154
1682,-0.066
1683,-0.061
1684,-0.068
1685,-0.107
1686,0.002
1687,0.242
1688,0.364
1689,0.288
1690,-0.034
1691,-0.032
1692,-0.029
1693,-0.032
1694,-0.225
1695,-0.295
1696,-0.239
1697,-0.024
1698,0.046
1699,0.098
1700,0.034
1701,0.029
1702,0.039
1703,-0.071
1704,-0.154
1705,-0.146
1706,-0.076
1707,-0.12
1708,-0.005
1709,0.049
1710,0.076
1711,0.078
1712,-0.02
1713,-0.044
1714,-0.127
1715,-0.103
1716,-0.178
1717,-0.239
1718,-0.215
1719,-0.059
1720,-0.022
1721,-0.002
1722,0.027
1723,0.127
1724,0.251
1725,0.244
1726,0.137
1727,0.039
1728,-0.017
1729,0.02
1730,0.09
1731,0.09
1732,0.117
1733,0.042
1734,-0.024
1735,-0.178
1736,-0.19
1737,-0.083
1738,-0.183
1739,-0.325
1740,-0.293
1741,-0.105
1742,-0.137
1743,-0.107
1744,-0.134
1745,-0.088
1746,-0.056
1747,0.12
1748,0.276
1749,0.144
1750,-0.195
1751,-0.002
1752,0.278
1753,0.222
1754,0.107
1755,-0.149
1756,-0.017
1757,0.088
1758,0.049
1759,-0.088
1760,-0.356
1761,-0.386
1762,-0.01
1763,-0.168
1764,-0.144
1765,0.249
1766,0.049
1767,-0.168
1768,-0.198
1769,-0.112
1770,0.098
1771,0.098
1772,-0.098
1773,-0.21
1774,0.081
1775,0.417
1776,0.344
1777,0.1
1778,0.01
1779,-0.01
1780,-0.012
1781,-0.276
1782,-0.259
1783,-0.073
1784,0.012
1785,0.049
1786,-0.039
1787,0.132
1788,0.325
1789,0.293
1790,0.139
1791,-0.078
1792,-0.122
1793,-0.12
1794,-0.007
1795,-0.083
1796,-0.105
1797,0.066
1798,0.132
1799,-0.002
1800,-0.112
1801,-0.088
1802,-0.132
1803,-0.127
1804,-0.117
1805,-0.144
1806,-0.19
1807,0.017
1808,0.198
1809,0.195
1810,0.117
1811,0.051
1812,0.076
1813,0.115
1814,0.039
1815,0.0
1816,-0.051
1817,-0.09
1818,-0.044
1819,0.09
1820,0.061
1821,-0.044
1822,-0.007
1823,-0.044
1824,-0.09
1825,-0.117
1826,-0.095
1827,-0.132
1828,-0.132
1829,-0.012
1830,-0.081
1831,0.034
1832,0.056
1833,-0.017
1834,0.081
1835,0.142
1836,-0.015
1837,-0.254
1838,-0.078
1839,0.144
1840,0.107
1841,0.105
1842,0.024
1843,0.034
1844,0.251
1845,0.249
1846,-0.002
1847,-0.312
1848,-0.239
1849,-0.11
1850,-0.037
1851,0.051
1852,0.181
1853,0.078
1854,-0.044
1855,-0.059
1856,-0.027
1857,0.039
1858,-0.002
1859,-0.181
1860,-0.132
1861,0.176
1862,0.398
1863,0.229
1864,0.01
1865,0.161
1866,0.081
1867,-0.115
1868,-0.195
1869,-0.088
1870,0.117
1871,0.076
1872,-0.015
1873,0.076
1874,0.278
1875,0.298
1876,0.144
1877,-0.005
1878,0.115
1879,0.022
1880,-0.115
1881,-0.146
1882,-0.042
1883,0.042
1884,0.044
1885,0.068
1886,0.107
1887,0.034
1888,0.027
1889,0.022
1890,-0.022
1891,-0.076
1892,-0.042
1893,0.039
1894,0.11
1895,0.198
1896,0.215
1897,0.151
1898,0.083
1899,0.188
1900,0.078
1901,-0.054
1902,-0.027
1903,0.037
1904,0.059
1905,-0.01
1906,0.01
1907,0.125
1908,0.117
1909,0.115
1910,0.005
1911,-0.01
1912,0.015
1913,-0.061
1914,-0.154
1915,-0.249
1916,-0.088
1917,0.02
1918,-0.046
1919,-0.125
1920,-0.015
1921,0.156
1922,0.129
1923,-0.029
1924,-0.181
1925,-0.017
1926,0.081
1927,0.161
1928,0.129
1929,0.027
1930,0.117
1931,0.283
1932,0.122
1933,-0.061
1934,-0.327
1935,-0.251
1936,-0.295
1937,-0.037
1938,0.022
1939,0.015
1940,-0.034
1941,-0.005
1942,-0.054
1943,-0.059
1944,-0.017
1945,0.02
1946,-0.103
1947,-0.078
1948,0.12
1949,0.42
1950,0.383
1951,0.305
1952,0.085
1953,-0.024
1954,-0.022
1955,-0.122
1956,-0.19
1957,-0.081
1958,-0.015
1959,-0.051
1960,-0.034
1961,0.107
1962,0.137
1963,0.125
1964,0.034
1965,-0.09
1966,-0.129
1967,-0.081
1968,-0.01
1969,0.0
1970,0.112
1971,0.132
1972,0.066
1973,-0.007
1974,0.1
1975,0.076
1976,-0.01
1977,-0.107
1978,-0.034
1979,-0.134
1980,-0.039
1981,0.042
1982,0.081
1983,0.007
1984,0.054
1985,0.146
1986,0.178
1987,0.156
1988,0.132
1989,0.027
1990,0.034
1991,0.122
1992,0.193
1993,0.093
1994,0.076
1995,0.134
1996,0.164
1997,0.063
1998,-0.146
1999,-0.212
2000,-0.19
2001,-0.129
2002,-0.222
2003,-0.229
2004,-0.134
2005,-0.088
2006,-0.12
2007,-0.02
2008,0.159
2009,0.049
2010,-0.208
2011,-0.078
2012,0.266
2013,0.369
2014,0.239
2015,-0.005
2016,0.088
2017,0.288
2018,0.251
2019,0.02
2020,-0.227
2021,-0.547
2022,-0.364
2023,-0.129
2024,0.039
2025,0.098
2026,-0.046
2027,-0.19
2028,-0.085
2029,0.073
2030,0.066
2031,0.037
2032,-0.078
2033,-0.173
2034,0.042
2035,0.488
2036,0.439
2037,0.144
2038,-0.037
2039,-0.037
2040,-0.002
2041,-0.293
2042,-0.178
2043,-0.112
2044,-0.029
2045,0.002
2046,-0.022
2047,0.1
2048,0.234
2049,0.029
2050,-0.081
2051,-0.11
2052,-0.039
2053,-0.005
2054,-0.049
2055,-0.034
2056,-0.107
2057,-0.095
2058,-0.034
2059,-0.054
2060,-0.076
2061,-0.159
2062,-0.239
2063,-0.273
2064,-0.142
2065,-0.081
2066,-0.081
2067,-0.142
2068,-0.054
2069,0.1
2070,0.168
2071,0.186
2072,0.132
2073,0.054
2074,0.063
2075,0.083
2076,0.142
2077,0.103
2078,0.083
2079,0.054
2080,0.122
2081,0.103
2082,-0.027
2083,-0.034
2084,-0.1
2085,0.012
2086,-0.103
2087,-0.278
2088,-0.156
2089,0.039
2090,0.037
2091,-0.046
2092,-0.21
2093,-0.066
2094,0.137
2095,0.034
2096,-0.154
2097,-0.139
2098,0.117
2099,0.317
2100,0.137
2101,-0.166
2102,-0.112
2103,0.32
2104,0.32
2105,0.095
2106,-0.327
2107,-0.356
2108,-0.012
2109,-0.146
2110,-0.193
2111,0.117
2112,0.254
2113,0.173
2114,-0.146
2115,-0.171
2116,0.056
2117,0.083
2118,-0.105
2119,-0.278
2120,-0.051
2121,0.393
2122,0.347
2123,0.032
2124,-0.039
2125,0.017
2126,0.059
2127,-0.151
2128,-0.293
2129,-0.2
2130,-0.066
2131,0.012
2132,0.024
2133,-0.017
2134,0.115
2135,0.193
2136,0.09
2137,-0.12
2138,-0.093
2139,-0.007
2140,-0.081
2141,-0.164
2142,-0.142
2143,-0.073
2144,0.093
2145,0.078
2146,-0.034
2147,-0.168
2148,-0.134
2149,-0.076
2150,-0.085
2151,-0.078
2152,-0.071
2153,0.01
2154,0.095
2155,0.083
2156,0.042
2157,0.051
2158,0.078
2159,0.173
2160,0.071
2161,-0.117
2162,-0.007
2163,0.103
2164,0.154
2165,0.0
2166,0.012
2167,0.125
2168,0.037
2169,-0.007
2170,-0.103
2171,-0.139
2172,-0.098
2173,-0.029
2174,-0.093
2175,-0.22
2176,-0.071
2177,-0.032
2178,-0.115
2179,-0.046
2180,0.117
2181,0.059
2182,-0.176
2183,-0.166
2184,-0.22
2185,0.005
2186,0.154
2187,0.232
2188,-0.115
2189,-0.066
2190,0.151
2191,0.247
2192,0.0
2193,-0.21
2194,-0.32
2195,-0.227
2196,-0.212
2197,-0.078
2198,0.017
2199,0.088
2200,0.034
2201,-0.115
2202,-0.127
2203,-0.059
2204,-0.042
2205,-0.234
2206,-0.171
2207,0.139
2208,0.237
2209,0.227
2210,0.142
2211,0.122
2212,0.032
2213,-0.164
2214,-0.144
2215,-0.149
2216,-0.115
2217,0.071
2218,0.115
2219,0.066
2220,0.088
2221,0.186
2222,0.137
2223,0.029
2224,-0.105
2225,-0.068
2226,-0.117
2227,-0.156
2228,-0.129
2229,-0.083
2230,-0.007
2231,-0.017
2232,-0.01
2233,0.081
2234,0.129
2235,0.085
2236,0.015
2237,-0.081
2238,-0.083
2239,-0.037
2240,0.081
2241,0.144
2242,0.088
2243,0.032
2244,0.095
2245,0.112
2246,0.066
2247,0.02
2248,-0.059
2249,0.046
2250,0.1
2251,0.1
2252,0.051
2253,0.022
2254,0.071
2255,0.107
2256,0.042
2257,-0.015
2258,-0.105
2259,-0.076
2260,-0.115
2261,-0.22
2262,-0.176
2263,-0.1
2264,0.002
2265,0.029
2266,-0.005
2267,-0.056
2268,-0.059
2269,-0.024
2270,-0.149
2271,0.098
2272,0.217
2273,0.154
2274,0.1
2275,0.039
2276,0.217
2277,0.381
2278,0.11
2279,-0.11
2280,-0.391
2281,-0.208
2282,-0.303
2283,-0.139
2284,-0.029
2285,0.027
2286,-0.09
2287,-0.122
2288,-0.037
2289,-0.044
2290,-0.081
2291,-0.078
2292,-0.056
2293,0.017
2294,0.242
2295,0.312
2296,0.408
2297,0.142
2298,0.105
2299,0.051
2300,-0.024
2301,-0.076
2302,-0.198
2303,-0.168
2304,-0.083
2305,-0.088
2306,0.015
2307,0.122
2308,0.137
2309,-0.007
2310,-0.034
2311,0.037
2312,0.0
2313,-0.061
2314,0.015
2315,0.02
2316,0.073
2317,0.09
2318,0.051
2319,0.022
2320,-0.085
2321,-0.205
2322,-0.144
2323,-0.137
2324,-0.059
2325,-0.132
2326,0.037
2327,0.046
2328,-0.078
2329,0.0
2330,0.12
2331,0.186
2332,0.229
2333,0.066
2334,0.039
2335,0.078
2336,0.166
2337,0.198
2338,0.132
2339,0.078
2340,0.085
2341,0.12
2342,0.049
2343,-0.132
2344,-0.183
2345,-0.212
2346,-0.181
2347,-0.173
2348,-0.215
2349,-0.195
2350,-0.083
2351,0.017
2352,-0.024
2353,-0.056
2354,0.129
2355,0.283
2356,0.142
2357,-0.054
2358,0.017
2359,0.225
2360,0.293
2361,0.149
2362,-0.134
2363,-0.063
2364,0.33
2365,0.261
2366,-0.288
2367,-0.544
2368,-0.244
2369,-0.183
2370,-0.027
2371,-0.054
2372,0.02
2373,0.088
2374,0.002
2375,-0.022
2376,0.085
2377,0.215
2378,0.112
2379,-0.127
2380,-0.056
2381,0.251
2382,0.354
2383,0.227
2384,-0.085
2385,-0.186
2386,-0.103
2387,0.027
2388,-0.134
2389,-0.347
2390,-0.103
2391,0.071
2392,0.122
2393,0.173
2394,0.251
2395,0.325
2396,0.283
2397,0.154
2398,0.085
2399,0.005
2400,-0.002
2401,-0.088
2402,-0.156
2403,0.015
2404,0.098
2405,-0.01
2406,-0.066
2407,-0.176
2408,-0.11
2409,-0.034
2410,-0.076
2411,-0.205
2412,-0.21
2413,0.015
2414,0.161
2415,0.171
2416,0.203
2417,0.105
2418,0.056
2419,0.156
2420,0.237
2421,0.139
2422,0.027
2423,0.066
2424,0.017
2425,0.063
2426,0.071
2427,0.015
2428,-0.042
2429,-0.09
2430,-0.132
2431,-0.12
2432,-0.088
2433,-0.088
2434,-0.103
2435,-0.117
2436,-0.093
2437,-0.09
2438,-0.029
2439,-0.139
2440,0.022
2441,0.183
2442,0.234
2443,-0.066
2444,-0.293
2445,-0.015
2446,0.2
2447,0.261
2448,0.12
2449,-0.044
2450,-0.027
2451,0.33
2452,0.144
2453,-0.295
2454,-0.425
2455,-0.337
2456,-0.088
2457,0.076
2458,0.225
2459,-0.02
2460,0.039
2461,0.09
2462,0.11
2463,-0.015
2464,-0.081
2465,0.01
2466,-0.012
2467,0.103
2468,0.132
2469,0.173
2470,0.208
2471,0.095
2472,-0.007
2473,-0.144
2474,-0.107
2475,-0.054
2476,-0.112
2477,-0.107
2478,-0.022
2479,0.154
2480,0.173
2481,0.193
2482,0.293
2483,0.171
2484,-0.122
2485,-0.217
2486,-0.154
2487,-0.051
2488,-0.081
2489,-0.122
2490,-0.117
2491,0.044
2492,0.142
2493,0.068
2494,-0.056
2495,-0.178
2496,-0.061
2497,0.088
2498,-0.051
2499,-0.132
2500,-0.029
2501,0.208
2502,0.232
2503,0.081
2504,-0.002
2505,0.049
2506,0.186
2507,0.066
2508,-0.12
2509,-0.046
2510,0.002
2511,0.017
2512,0.059
2513,0.088
2514,0.134
2515,0.098
2516,-0.049
2517,-0.054
2518,-0.002
2519,-0.059
2520,-0.125
2521,-0.122
2522,-0.029
2523,-0.051
2524,-0.044
2525,-0.078
2526,-0.146
2527,0.027
2528,0.2
2529,0.027
2530,-0.356
2531,-0.112
2532,0.237
2533,0.256
2534,0.083
2535,-0.078
2536,0.088
2537,0.249
2538,0.242
2539,0.046
2540,-0.281
2541,-0.381
2542,-0.051
2543,-0.042
2544,-0.188
2545,0.059
2546,0.254
2547,0.215
2548,-0.146
2549,-0.322
2550,-0.051
2551,0.051
2552,-0.122
2553,-0.374
2554,-0.215
2555,0.254
2556,0.386
2557,0.259
2558,0.027
2559,-0.012
2560,-0.017
2561,-0.139
2562,-0.212
2563,-0.142
2564,-0.071
2565,0.002
2566,0.0
2567,0.01
2568,0.095
2569,0.068
2570,0.005
2571,-0.049
2572,0.039
2573,0.032
2574,0.005
2575,-0.195
2576,-0.09
2577,0.112
2578,0.098
2579,0.073
2580,0.078
2581,-0.029
2582,-0.056
2583,0.039
2584,-0.005
2585,-0.159
2586,-0.139
2587,-0.039
2588,0.063
2589,-0.015
2590,-0.042
2591,0.046
2592,0.107
2593,0.11
2594,0.039
2595,-0.01
2596,-0.049
2597,0.137
2598,0.176
2599,0.042
2600,0.027
2601,0.078
2602,0.032
2603,-0.156
2604,-0.095
2605,-0.024
2606,-0.139
2607,-0.259
2608,-0.251
2609,-0.127
2610,-0.076
2611,-0.071
2612,-0.132
2613,-0.083
2614,0.059
2615,0.127
2616,0.007
2617,-0.049
2618,-0.078
2619,0.09
2620,0.181
2621,0.276
2622,0.042
2623,0.061
2624,0.195
2625,0.344
2626,-0.002
2627,-0.339
2628,-0.444
2629,-0.239
2630,-0.164
2631,-0.015
2632,0.056
2633,-0.037
2634,-0.127
2635,-0.032
2636,-0.007
2637,-0.061
2638,-0.027
2639,-0.073
2640,-0.054
2641,0.051
2642,0.105
2643,0.43
2644,0.383
2645,0.144
2646,-0.063
2647,-0.225
2648,-0.288
2649,-0.312
2650,-0.229
2651,-0.051
2652,-0.068
2653,-0.01
2654,0.139
2655,0.093
2656,0.127
2657,0.059
2658,-0.078
2659,-0.142
2660,-0.073
2661,-0.071
2662,-0.054
2663,0.071
2664,0.054
2665,-0.176
2666,-0.137
2667,0.042
2668,0.02
2669,-0.144
2670,-0.168
2671,-0.164
2672,-0.105
2673,-0.103
2674,-0.09
2675,-0.034
2676,0.042
2677,0.063
2678,0.156
2679,0.21
2680,0.103
2681,0.081
2682,0.134
2683,0.166
2684,0.146
2685,0.078
2686,0.046
2687,0.154
2688,0.125
2689,-0.034
2690,-0.142
2691,-0.21
2692,-0.144
2693,-0.122
2694,-0.134
2695,-0.105
2696,-0.166
2697,0.0
2698,0.002
2699,-0.078
2700,-0.061
2701,0.02
2702,0.073
2703,0.017
2704,-0.098
2705,-0.042
2706,0.142
2707,0.283
2708,0.168
2709,-0.159
2710,-0.137
2711,0.183
2712,0.159
2713,-0.244
2714,-0.51
2715,-0.415
2716,-0.198
2717,-0.093
2718,0.256
2719,0.034
2720,-0.039
2721,-0.115
2722,0.034
2723,0.139
2724,-0.002
2725,-0.161
2726,-0.22
2727,0.027
2728,0.347
2729,0.317
2730,0.022
2731,-0.002
2732,0.022
2733,-0.073
2734,-0.178
2735,-0.303
2736,-0.027
2737,0.071
2738,0.0
2739,-0.015
2740,0.032
2741,0.161
2742,0.171
2743,0.017
2744,-0.056
2745,-0.085
2746,-0.02
2747,0.01
2748,-0.098
2749,-0.11
2750,-0.098
2751,0.042
2752,0.01
2753,-0.066
2754,-0.129
2755,-0.129
2756,-0.166
2757,-0.095
2758,-0.063
2759,-0.032
2760,-0.059
2761,0.037
2762,0.159
2763,0.151
2764,0.103
2765,0.156
2766,0.146
2767,0.042
2768,-0.002
2769,-0.007
2770,0.073
2771,0.083
2772,0.112
2773,0.017
2774,0.034
2775,0.056
2776,-0.032
2777,-0.063
2778,-0.068
2779,-0.161
2780,-0.178
2781,-0.156
2782,0.02
2783,0.024
2784,-0.078
2785,-0.151
2786,-0.156
2787,0.098
2788,0.237
2789,0.103
2790,-0.1
2791,-0.134
2792,0.073
2793,0.325
2794,0.21
2795,-0.129
2796,0.059
2797,0.022
2798,0.117
2799,0.054
2800,-0.156
2801,-0.356
2802,-0.061
2803,-0.088
2804,-0.071
2805,0.122
2806,0.149
2807,0.054
2808,0.034
2809,-0.022
2810,-0.029
2811,0.007
2812,-0.02
2813,0.034
2814,-0.007
2815,0.215
2816,0.291
2817,0.186
2818,0.095
2819,-0.044
2820,-0.051
2821,-0.103
2822,-0.103
2823,-0.122
2824,-0.1
2825,-0.061
2826,0.071
2827,0.107
2828,0.259
2829,0.166
2830,0.034
2831,-0.093
2832,-0.142
2833,-0.076
2834,-0.088
2835,-0.151
2836,-0.044
2837,-0.044
2838,-0.029
2839,0.117
2840,0.024
2841,-0.044
2842,-0.095
2843,-0.081
2844,-0.012
2845,0.012
2846,-0.01
2847,-0.066
2848,-0.017
2849,0.2
2850,0.125
2851,0.115
2852,0.093
2853,0.054
2854,0.137
2855,0.005
2856,-0.007
2857,0.039
2858,0.071
2859,-0.044
2860,-0.037
2861,0.088
2862,0.11
2863,0.012
2864,-0.044
2865,-0.125
2866,-0.127
2867,-0.081
2868,-0.193
2869,-0.154
2870,-0.098
2871,-0.071
2872,-0.125
2873,-0.132
2874,0.027
2875,0.107
2876,-0.015
2877,-0.188
2878,-0.178
2879,-0.032
2880,0.369
2881,0.142
2882,0.107
2883,-0.056
2884,0.21
2885,0.461
2886,0.22
2887,-0.334
2888,-0.369
2889,-0.198
2890,-0.044
2891,-0.146
2892,-0.137
2893,0.125
2894,-0.002
2895,-0.186
2896,-0.239
2897,-0.02
2898,0.081
2899,-0.068
2900,-0.295
2901,-0.161
2902,0.31
2903,0.491
2904,0.31
2905,0.088
2906,0.056
2907,0.068
2908,-0.007
2909,-0.19
2910,-0.181
2911,-0.156
2912,-0.188
2913,-0.063
2914,-0.034
2915,0.059
2916,0.146
2917,0.088
2918,-0.027
2919,-0.059
2920,-0.051
2921,-0.122
2922,-0.151
2923,-0.039
2924,0.049
2925,0.039
2926,0.063
2927,0.151
2928,0.093
2929,-0.073
2930,-0.144
2931,-0.066
2932,-0.059
2933,-0.195
2934,-0.149
2935,0.007
2936,0.095
2937,0.01
2938,0.046
2939,0.132
2940,0.173
2941,0.112
2942,0.015
2943,-0.044
2944,0.09
2945,0.127
2946,0.046
2947,0.044
2948,0.134
2949,0.105
2950,-0.037
2951,-0.181
2952,-0.19
2953,-0.134
2954,-0.071
2955,-0.232
2956,-0.247
2957,-0.178
2958,0.0
2959,0.066
2960,-0.022
2961,0.002
2962,0.122
2963,0.215
2964,0.095
2965,-0.134
2966,-0.078
2967,0.232
2968,0.366
2969,0.21
2970,-0.029
2971,0.027
2972,0.125
2973,0.159
2974,-0.139
2975,-0.393
2976,-0.42
2977,-0.315
2978,-0.112
2979,0.127
2980,0.09
2981,-0.012
2982,-0.049
2983,0.012
2984,0.063
2985,0.039
2986,-0.1
2987,-0.134
2988,-0.034
2989,0.156
2990,0.244
2991,0.325
2992,0.237
2993,0.002
2994,-0.085
2995,-0.183
2996,-0.232
2997,-0.203
2998,-0.107
2999,0.015
3000,0.056
3001,0.068
3002,0.2
3003,0.337
3004,0.181
3005,0.071
3006,-0.027
3007,-0.046
3008,0.085
3009,0.029
3010,-0.007
3011,0.02
3012,0.039
3013,0.042
3014,-0.017
3015,-0.073
3016,-0.139
3017,-0.168
3018,-0.166
3019,-0.139
3020,-0.12
3021,-0.044
3022,-0.054
3023,0.046
3024,0.193
3025,0.234
3026,0.193
3027,0.122
3028,0.078
3029,0.054
3030,0.081
3031,0.063
3032,0.088
3033,0.098
3034,0.159
3035,0.076
3036,-0.005
3037,0.015
3038,-0.098
3039,-0.149
3040,-0.107
3041,-0.127
3042,-0.125
3043,-0.137
3044,-0.081
3045,0.017
3046,0.0
3047,-0.007
3048,-0.029
3049,0.088
3050,0.247
3051,0.193
3052,0.007
3053,-0.09
3054,0.044
3055,0.186
3056,0.342
3057,0.134
3058,-0.225
3059,0.0
3060,0.344
3061,-0.002
3062,-0.308
3063,-0.444
3064,-0.347
3065,-0.071
3066,0.132
3067,0.122
3068,-0.059
3069,0.002
3070,0.027
3071,0.073
3072,-0.093
3073,-0.142
3074,-0.083
3075,0.037
3076,0.059
3077,0.144
3078,0.276
3079,0.293
3080,0.146
3081,-0.09
3082,-0.188
3083,0.002
3084,0.042
3085,-0.105
3086,-0.117
3087,0.222
3088,0.315
3089,0.222
3090,0.244
3091,0.144
3092,0.071
3093,-0.022
3094,-0.095
3095,0.015
3096,-0.029
3097,-0.11
3098,-0.166
3099,-0.103
3100,0.022
3101,0.01
3102,-0.083
3103,-0.095
3104,-0.098
3105,-0.146
3106,-0.115
3107,0.015
3108,-0.007
3109,0.068
3110,0.217
3111,0.247
3112,0.103
3113,0.066
3114,0.154
3115,0.205
3116,0.068
3117,-0.115
3118,-0.159
3119,0.059
3120,0.161
3121,0.002
3122,-0.034
3123,0.027
3124,0.166
3125,0.083
3126,-0.19
3127,-0.269
3128,-0.125
3129,-0.044
3130,-0.051
3131,-0.151
3132,-0.088
3133,0.063
3134,-0.005
3135,-0.144
3136,-0.117
3137,0.093
3138,0.034
3139,-0.193
3140,-0.205
3141,-0.056
3142,0.415
3143,0.278
3144,-0.024
3145,-0.225
3146,0.142
3147,0.354
3148,0.229
3149,-0.198
3150,-0.208
3151,-0.083
3152,-0.046
3153,-0.012
3154,-0.046
3155,0.19
3156,0.176
3157,-0.164
3158,-0.242
3159,-0.054
3160,0.083
3161,-0.046
3162,-0.293
3163,-0.237
3164,0.205
3165,0.442
3166,0.295
3167,0.105
3168,0.176
3169,0.02
3170,0.0
3171,-0.081
3172,-0.144
3173,0.015
3174,0.09
3175,0.002
3176,-0.002
3177,0.129
3178,0.173
3179,0.09
3180,-0.154
3181,-0.161
3182,-0.049
3183,-0.022
3184,-0.098
3185,-0.1
3186,0.024
3187,-0.007
3188,0.042
3189,0.107
3190,0.042
3191,-0.029
3192,-0.122
3193,-0.073
3194,0.002
3195,-0.027
3196,-0.051
3197,0.027
3198,0.066
3199,0.09
3200,0.149
3201,0.125
3202,-0.012
3203,-0.083
3204,-0.044
3205,0.078
3206,0.21
3207,0.078
3208,-0.066
3209,0.039
3210,0.227
3211,0.222
3212,0.01
3213,-0.125
3214,-0.071
3215,0.01
3216,-0.129
3217,-0.293
3218,-0.2
3219,-0.002
3220,0.024
3221,-0.181
3222,-0.312
3223,-0.083
3224,0.176
3225,0.149
3226,-0.12
3227,-0.303
3228,-0.129
3229,0.293
3230,0.342
3231,0.066
3232,-0.022
3233,0.195
3234,0.388
3235,0.266
3236,-0.21
3237,-0.54
3238,-0.293
3239,-0.183
3240,-0.051
3241,-0.132
3242,0.032
3243,0.088
3244,-0.066
3245,-0.176
3246,-0.054
3247,0.088
3248,0.095
3249,-0.3
3250,-0.249
3251,0.337
3252,0.601
3253,0.32
3254,0.134
3255,0.034
3256,0.022
3257,-0.11
3258,-0.276
3259,-0.195
3260,-0.186
3261,-0.042
3262,0.0
3263,-0.068
3264,0.051
3265,0.12
3266,0.068
3267,-0.127
3268,-0.146
3269,0.012
3270,0.046
3271,-0.076
3272,-0.051
3273,0.01
3274,0.061
3275,0.01
3276,-0.037
3277,-0.076
3278,-0.115
3279,-0.247
3280,-0.212
3281,-0.068
3282,-0.081
3283,-0.1
3284,-0.046
3285,0.103
3286,0.107
3287,-0.032
3288,0.027
3289,0.176
3290,0.117
3291,-0.037
3292,-0.042
3293,0.0
3294,0.125
3295,0.107
3296,0.088
3297,0.117
3298,-0.017
3299,-0.09
3300,-0.12
3301,-0.186
3302,-0.193
3303,-0.151
3304,-0.193
3305,-0.298
3306,-0.186
3307,-0.049
3308,0.02
3309,-0.049
3310,-0.125
3311,0.061
3312,0.2
3313,0.19
3314,0.027
3315,-0.022
3316,-0.039
3317,0.322
3318,0.417
3319,0.103
3320,-0.364
3321,-0.088
3322,0.479
3323,0.229
3324,-0.481
3325,-0.706
3326,-0.459
3327,0.029
3328,0.164
3329,0.085
3330,-0.098
3331,-0.071
3332,0.063
3333,0.029
3334,0.032
3335,0.034
3336,0.029
3337,-0.068
3338,-0.022
3339,0.164
3340,0.325
3341,0.215
3342,-0.073
3343,-0.178
3344,-0.164
3345,-0.034
3346,-0.132
3347,-0.212
3348,0.002
3349,0.1
3350,-0.017
3351,0.027
3352,0.173
3353,0.242
3354,0.044
3355,-0.063
3356,-0.042
3357,-0.01
3358,0.015
3359,-0.093
3360,-0.061
3361,-0.066
3362,-0.032
3363,-0.061
3364,-0.076
3365,-0.134
3366,-0.203
3367,-0.181
3368,-0.166
3369,-0.049
3370,0.017
3371,0.039
3372,0.164
3373,0.171
3374,0.059
3375,-0.127
3376,-0.081
3377,0.239
3378,0.129
3379,-0.012
3380,-0.137
3381,-0.208
3382,-0.1
3383,0.125
3384,0.325
3385,0.139
3386,-0.264
3387,-0.208
3388,0.037
3389,-0.044
3390,-0.237
3391,-0.256
3392,-0.103
3393,0.068
3394,-0.007
3395,-0.278
3396,-0.173
3397,0.22
3398,0.347
3399,0.054
3400,-0.237
3401,-0.237
3402,0.039
3403,0.366
3404,0.144
3405,0.063
3406,-0.142
3407,0.198
3408,0.444
3409,0.139
3410,-0.242
3411,-0.352
3412,0.024
3413,-0.088
3414,-0.234
3415,0.044
3416,0.093
3417,0.061
3418,0.02
3419,0.063
3420,0.144
3421,0.054
3422,-0.164
3423,-0.251
3424,-0.083
3425,0.344
3426,0.322
3427,0.132
3428,0.039
3429,0.076
3430,0.112
3431,0.22
3432,-0.183
3433,-0.378
3434,-0.098
3435,0.107
3436,0.1
3437,0.071
3438,0.186
3439,0.176
3440,0.098
3441,0.044
3442,-0.059
3443,0.017
3444,0.0
3445,-0.122
3446,-0.188
3447,-0.056
3448,0.122
3449,0.103
3450,-0.037
3451,-0.129
3452,-0.017
3453,0.066
3454,-0.027
3455,-0.161
3456,-0.12
3457,0.164
3458,0.244
3459,0.125
3460,-0.015
3461,0.125
3462,0.3
3463,0.188
3464,-0.088
3465,-0.139
3466,0.085
3467,0.166
3468,0.032
3469,-0.085
3470,0.078
3471,0.254
3472,0.115
3473,-0.051
3474,-0.049
3475,0.02
3476,0.0
3477,-0.125
3478,-0.232
3479,-0.181
3480,0.005
3481,0.007
3482,-0.078
3483,-0.088
3484,0.1
3485,0.2
3486,0.039
3487,-0.134
3488,-0.166
3489,0.022
3490,0.317
3491,0.237
3492,-0.164
3493,0.051
3494,0.21
3495,0.356
3496,0.134
3497,-0.305
3498,-0.454
3499,-0.056
3500,-0.12
3501,-0.066
3502,0.188
3503,0.151
3504,-0.002
3505,-0.122
3506,0.02
3507,0.149
3508,0.073
3509,-0.161
3510,-0.298
3511,-0.044
3512,0.269
3513,0.298
3514,0.146
3515,0.142
3516,0.159
3517,0.066
3518,-0.056
3519,-0.088
3520,-0.088
3521,-0.11
3522,-0.012
3523,0.005
3524,0.037
3525,0.129
3526,0.1
3527,-0.012
3528,-0.037
3529,-0.056
3530,-0.098
3531,-0.039
3532,-0.024
3533,-0.09
3534,-0.017
3535,0.142
3536,0.183
3537,0.076
3538,-0.037
3539,-0.015
3540,-0.063
3541,-0.005
3542,-0.024
3543,-0.142
3544,-0.054
3545,0.107
3546,0.0
3547,-0.068
3548,-0.007
3549,0.195
3550,0.081
3551,-0.046
3552,-0.017
3553,0.11
3554,0.117
3555,0.029
3556,-0.027
3557,0.103
3558,0.188
3559,0.129
3560,0.09
3561,-0.076
3562,-0.103
3563,-0.171
3564,-0.173
3565,-0.171
3566,-0.085
3567,-0.154
3568,-0.129
3569,-0.122
3570,-0.093
3571,0.02
3572,0.073
3573,0.112
3574,0.007
3575,-0.017
3576,-0.005
3577,0.315
3578,0.371
3579,0.195
3580,-0.078
3581,0.117
3582,0.332
3583,-0.027
3584,-0.479
3585,-0.613
3586,-0.491
3587,-0.203
3588,0.042
3589,0.21
3590,0.083
3591,-0.054
3592,-0.151
3593,-0.012
3594,0.037
3595,0.081
3596,-0.034
3597,-0.142
3598,-0.049
3599,0.325
3600,0.459
3601,0.305
3602,0.054
3603,-0.107
3604,-0.042
3605,-0.161
3606,-0.239
3607,-0.217
3608,-0.247
3609,-0.11
3610,-0.029
3611,0.059
3612,0.178
3613,0.156
3614,0.063
3615,0.005
3616,-0.005
3617,0.039
3618,0.034
3619,-0.051
3620,0.027
3621,0.081
3622,0.112
3623,0.015
3624,-0.054
3625,-0.149
3626,-0.222
3627,-0.156
3628,-0.132
3629,-0.166
3630,-0.256
3631,-0.095
3632,0.134
3633,0.266
3634,0.105
3635,0.032
3636,0.134
3637,0.244
3638,0.186
3639,0.088
3640,0.005
3641,0.063
3642,0.1
3643,0.005
3644,0.059
3645,0.056
3646,0.027
3647,-0.144
3648,-0.188
3649,-0.215
3650,-0.149
3651,-0.149
3652,-0.159
3653,-0.186
3654,-0.039
3655,0.073
3656,0.078
3657,0.029
3658,0.027
3659,0.115
3660,0.122
3661,0.042
3662,-0.012
3663,0.037
3664,0.129
3665,0.164
3666,0.054
3667,-0.1
3668,0.012
3669,0.234
3670,-0.073
3671,-0.422
3672,-0.508
3673,-0.391
3674,-0.127
3675,-0.015
3676,0.205
3677,0.046
3678,0.056
3679,-0.01
3680,-0.037
3681,-0.042
3682,-0.051
3683,-0.112
3684,-0.232
3685,-0.093
3686,0.166
3687,0.344
3688,0.278
3689,0.105
3690,-0.063
3691,-0.168
3692,-0.239
3693,-0.122
3694,-0.132
3695,-0.027
3696,0.071
3697,0.063
3698,0.142
3699,0.19
3700,0.161
3701,0.112
3702,0.083
3703,-0.095
3704,-0.203
3705,-0.088
3706,-0.024
3707,-0.149
3708,-0.144
3709,0.007
3710,0.012
3711,-0.012
3712,-0.024
3713,-0.044
3714,-0.012
3715,-0.068
3716,-0.11
3717,-0.088
3718,-0.027
3719,0.183
3720,0.164
3721,0.125
3722,0.176
3723,0.261
3724,0.237
3725,0.012
3726,-0.088
3727,-0.02
3728,0.061
3729,0.002
3730,-0.098
3731,0.012
3732,0.222
3733,0.027
3734,-0.088
3735,-0.017
3736,0.039
3737,-0.115
3738,-0.32
3739,-0.234
3740,0.002
3741,0.078
3742,0.049
3743,-0.1
3744,-0.022
3745,0.261
3746,0.12
3747,-0.071
3748,-0.281
3749,-0.247
3750,0.142
3751,0.469
3752,0.286
3753,-0.168
3754,0.066
3755,0.251
3756,0.312
3757,0.122
3758,-0.239
3759,-0.483
3760,-0.151
3761,-0.068
3762,0.095
3763,0.291
3764,0.071
3765,-0.276
3766,-0.176
3767,0.032
3768,0.227
3769,0.044
3770,-0.339
3771,-0.332
3772,0.063
3773,0.479
3774,0.376
3775,0.103
3776,-0.029
3777,0.115
3778,0.127
3779,-0.063
3780,0.034
3781,-0.034
3782,-0.039
3783,-0.015
3784,-0.007
3785,0.112
3786,0.21
3787,0.178
3788,0.09
3789,0.071
3790,0.134
3791,-0.068
3792,-0.173
3793,-0.09
3794,0.024
3795,0.063
3796,0.017
3797,-0.054
3798,0.017
3799,0.134
3800,0.071
3801,-0.068
3802,-0.11
3803,-0.071
3804,-0.029
3805,0.022
3806,0.063
3807,0.066
3808,0.063
3809,0.056
3810,0.073
3811,-0.015
3812,-0.034
3813,0.022
3814,0.115
3815,0.115
3816,0.017
3817,0.066
3818,0.19
3819,0.122
3820,-0.002
3821,-0.093
3822,-0.007
3823,0.024
3824,-0.149
3825,-0.195
3826,-0.205
3827,-0.054
3828,-0.107
3829,-0.127
3830,-0.222
3831,-0.112
3832,0.024
3833,0.122
3834,-0.042
3835,-0.042
3836,-0.129
3837,0.139
3838,0.354
3839,0.288
3840,-0.117
3841,-0.066
3842,0.251
3843,0.537
3844,0.11
3845,-0.195
3846,-0.278
3847,-0.103
3848,-0.144
3849,-0.017
3850,0.078
3851,0.012
3852,-0.139
3853,-0.081
3854,-0.093
3855,0.012
3856,0.034
3857,0.09
3858,-0.181
3859,0.049
3860,0.437
3861,0.408
3862,0.166
3863,0.061
3864,0.029
3865,-0.017
3866,-0.027
3867,-0.117
3868,-0.095
3869,-0.198
3870,-0.09
3871,-0.02
3872,0.159
3873,0.2
3874,0.056
3875,-0.049
3876,-0.112
3877,-0.059
3878,0.063
3879,0.037
3880,-0.037
3881,-0.024
3882,0.081
3883,0.156
3884,0.11
3885,-0.022
3886,-0.088
3887,-0.068
3888,-0.132
3889,-0.063
3890,-0.051
3891,-0.044
3892,-0.078
3893,0.015
3894,-0.005
3895,-0.042
3896,-0.015
3897,0.105
3898,0.078
3899,0.034
3900,0.12
3901,0.107
3902,0.09
3903,0.037
3904,0.046
3905,0.115
3906,0.144
3907,0.059
3908,-0.103
3909,-0.154
3910,-0.095
3911,-0.183
3912,-0.264
3913,-0.183
3914,-0.093
3915,-0.134
3916,-0.159
3917,-0.061
3918,-0.081
3919,0.068
3920,0.178
3921,0.1
3922,-0.181
3923,-0.017
3924,0.251
3925,0.269
3926,0.1
3927,0.02
3928,0.039
3929,0.171
3930,0.161
3931,-0.115
3932,-0.42
3933,-0.398
3934,-0.144
3935,-0.115
3936,-0.083
3937,0.061
3938,0.073
3939,-0.078
3940,-0.144
3941,-0.029
3942,0.244
3943,0.127
3944,-0.181
3945,-0.2
3946,0.122
3947,0.393
3948,0.229
3949,-0.027
3950,-0.042
3951,0.134
3952,-0.095
3953,-0.291
3954,-0.239
3955,-0.063
3956,0.024
3957,-0.027
3958,0.046
3959,0.161
3960,0.234
3961,0.088
3962,0.044
3963,-0.012
3964,-0.034
3965,-0.005
3966,-0.034
3967,-0.054
3968,-0.112
3969,-0.115
3970,0.015
3971,-0.015
3972,-0.139
3973,-0.193
3974,-0.095
3975,-0.095
3976,-0.122
3977,-0.193
3978,-0.22
3979,0.117
3980,0.22
3981,0.071
3982,-0.042
3983,0.002
3984,0.203
3985,0.129
3986,-0.017
3987,-0.034
3988,0.051
3989,0.117
3990,-0.02
3991,-0.09
3992,-0.051
3993,0.081
3994,-0.01
3995,-0.144
3996,-0.154
3997,-0.129
3998,-0.127
3999,-0.156
4000,-0.171
4001,-0.039
4002,0.039
4003,-0.01
4004,-0.042
4005,0.046
4006,0.129
4007,0.093
4008,-0.061
4009,-0.186
4010,0.073
4011,0.225
4012,0.21
4013,-0.049
4014,-0.237
4015,-0.01
4016,0.278
4017,0.081
4018,-0.288
4019,-0.486
4020,-0.364
4021,-0.146
4022,0.002
4023,0.161
4024,-0.024
4025,0.078
4026,0.024
4027,-0.056
4028,0.059
4029,0.183
4030,-0.063
4031,-0.2
4032,-0.117
4033,0.149
4034,0.442
4035,0.256
4036,-0.042
4037,0.015
4038,0.098
4039,-0.127
4040,-0.315
4041,-0.3
4042,-0.029
4043,0.088
4044,0.076
4045,0.017
4046,0.134
4047,0.215
4048,0.229
4049,0.044
4050,-0.059
4051,-0.068
4052,-0.042
4053,-0.161
4054,-0.183
4055,-0.107
4056,-0.046
4057,-0.01
4058,-0.024
4059,-0.095
4060,-0.105
4061,-0.066
4062,-0.063
4063,-0.107
4064,-0.022
4065,-0.032
4066,-0.115
4067,0.029
4068,0.21
4069,0.229
4070,0.181
4071,0.051
4072,0.005
4073,-0.024
4074,0.032
4075,-0.046
4076,-0.042
4077,-0.039
4078,0.01
4079,0.078
4080,0.059
4081,-0.017
4082,-0.117
4083,-0.098
4084,-0.156
4085,-0.208
4086,-0.195
4087,-0.095
4088,-0.029
4089,0.017
4090,-0.032
4091,-0.088
4092,-0.034
4093,0.044
4094,0.012
4095,-0.083
4096,-0.071
4097,-0.056
4098,0.19
4099,0.291
4100,0.12
4101,-0.242
4102,-0.061
4103,0.317
4104,0.188
4105,-0.222
4106,-0.281
4107,-0.291
4108,-0.166
4109,-0.061
4110,0.217
4111,0.139
4112,0.134
4113,-0.068
4114,-0.178
4115,-0.1
4116,-0.007
4117,-0.146
4118,-0.251
4119,-0.129
4120,0.239
4121,0.317
4122,0.173
4123,0.007
4124,0.046
4125,0.012
4126,0.007
4127,0.007
4128,-0.249
4129,-0.105
4130,0.071
4131,0.061
4132,0.134
4133,0.183
4134,0.178
4135,0.139
4136,0.01
4137,-0.054
4138,-0.105
4139,-0.056
4140,-0.078
4141,-0.112
4142,-0.012
4143,0.083
4144,0.039
4145,0.042
4146,0.098
4147,0.083
4148,0.0
4149,-0.168
4150,-0.208
4151,-0.159
4152,-0.059
4153,0.0
4154,-0.093
4155,-0.127
4156,0.078
4157,0.215
4158,0.156
4159,-0.029
4160,-0.002
4161,0.024
4162,0.129
4163,0.122
4164,0.073
4165,0.09
4166,0.012
4167,0.049
4168,-0.103
4169,-0.125
4170,-0.029
4171,-0.073
4172,-0.308
4173,-0.332
4174,-0.1
4175,-0.029
4176,-0.137
4177,-0.212
4178,-0.129
4179,0.029
4180,0.117
4181,0.088
4182,-0.015
4183,-0.142
4184,0.02
4185,0.388
4186,0.42
4187,0.017
4188,-0.01
4189,0.193
4190,0.264
4191,0.066
4192,-0.403
4193,-0.427
4194,-0.081
4195,-0.159
4196,-0.239
4197,0.083
4198,0.103
4199,-0.078
4200,-0.127
4201,-0.012
4202,0.139
4203,-0.066
4204,-0.127
4205,-0.156
4206,0.137
4207,0.417
4208,0.339
4209,0.212
4210,0.085
4211,-0.02
4212,-0.063
4213,-0.232
4214,-0.186
4215,-0.061
4216,-0.032
4217,-0.063
4218,-0.11
4219,0.154
4220,0.315
4221,0.222
4222,0.076
4223,0.051
4224,0.081
4225,0.085
4226,0.051
4227,-0.032
4228,-0.103
4229,0.027
4230,0.125
4231,0.159
4232,0.01
4233,-0.139
4234,-0.129
4235,-0.022
4236,-0.073
4237,-0.137
4238,-0.071
4239,-0.027
4240,-0.007
4241,0.024
4242,0.125
4243,0.266
4244,0.283
4245,0.078
4246,0.042
4247,0.151
4248,0.088
4249,0.044
4250,0.088
4251,0.127
4252,0.088
4253,-0.044
4254,0.029
4255,0.137
4256,0.044
4257,-0.115
4258,-0.281
4259,-0.11
4260,-0.054
4261,-0.029
4262,-0.09
4263,-0.034
4264,0.032
4265,0.154
4266,0.242
4267,0.088
4268,-0.154
4269,0.083
4270,0.281
4271,0.352
4272,0.007
4273,-0.132
4274,0.078
4275,0.312
4276,0.203
4277,-0.112
4278,-0.391
4279,-0.229
4280,-0.029
4281,-0.051
4282,-0.012
4283,0.286
4284,0.232
4285,-0.002
4286,-0.193
4287,-0.083
4288,0.183
4289,0.085
4290,-0.229
4291,-0.276
4292,0.181
4293,0.432
4294,0.178
4295,-0.046
4296,-0.044
4297,0.034
4298,-0.083
4299,-0.295
4300,-0.061
4301,0.034
4302,-0.007
4303,0.046
4304,0.051
4305,0.171
4306,0.256
4307,0.2
4308,0.146
4309,0.024
4310,0.088
4311,0.1
4312,-0.154
4313,-0.22
4314,-0.027
4315,0.125
4316,0.181
4317,-0.029
4318,-0.117
4319,-0.103
4320,-0.032
4321,0.002
4322,-0.085
4323,-0.066
4324,0.112
4325,0.139
4326,0.078
4327,-0.037
4328,0.005
4329,0.266
4330,0.193
4331,0.034
4332,0.017
4333,0.085
4334,0.076
4335,0.078
4336,-0.076
4337,-0.142
4338,-0.046
4339,0.112
4340,-0.098
4341,-0.208
4342,-0.015
4343,0.076
4344,-0.039
4345,-0.056
4346,-0.01
4347,-0.095
4348,-0.1
4349,-0.027
4350,0.01
4351,0.159
4352,0.388
4353,0.161
4354,-0.256
4355,-0.239
4356,0.151
4357,0.364
4358,0.154
4359,-0.195
4360,-0.039
4361,0.229
4362,0.381
4363,0.042
4364,-0.393
4365,-0.613
4366,-0.137
4367,0.02
4368,0.09
4369,0.242
4370,0.247
4371,-0.127
4372,-0.198
4373,0.056
4374,0.291
4375,0.151
4376,-0.049
4377,-0.166
4378,-0.105
4379,0.095
4380,0.247
4381,0.161
4382,0.046
4383,0.0
4384,-0.127
4385,-0.261
4386,-0.239
4387,-0.073
4388,0.032
4389,-0.071
4390,0.161
4391,0.281
4392,0.215
4393,0.159
4394,0.081
4395,-0.007
4396,-0.088
4397,-0.056
4398,0.066
4399,-0.083
4400,-0.117
4401,-0.042
4402,-0.061
4403,-0.005
4404,0.012
4405,-0.103
4406,-0.1
4407,-0.212
4408,-0.129
4409,-0.032
4410,0.137
4411,0.129
4412,0.02
4413,-0.037
4414,-0.046
4415,0.134
4416,0.315
4417,0.2
4418,-0.103
4419,-0.232
4420,-0.022
4421,0.171
4422,0.015
4423,-0.166
4424,-0.159
4425,0.039
4426,0.095
4427,-0.059
4428,-0.088
4429,-0.117
4430,-0.11
4431,-0.051
4432,-0.09
4433,-0.142
4434,-0.046
4435,-0.027
4436,-0.081
4437,-0.125
4438,0.027
4439,0.183
4440,0.11
4441,-0.042
4442,-0.171
4443,-0.015
4444,0.129
4445,0.266
4446,0.139
4447,-0.31
4448,0.022
4449,0.549
4450,0.112
4451,-0.259
4452,-0.457
4453,-0.417
4454,-0.249
4455,0.149
4456,0.332
4457,-0.024
4458,-0.2
4459,0.01
4460,0.137
4461,0.0
4462,-0.159
4463,-0.171
4464,-0.09
4465,-0.007
4466,0.188
4467,0.376
4468,0.371
4469,0.166
4470,-0.042
4471,-0.181
4472,-0.276
4473,-0.129
4474,-0.039
4475,-0.291
4476,-0.269
4477,-0.01
4478,0.186
4479,0.225
4480,-0.029
4481,-0.107
4482,-0.105
4483,-0.1
4484,-0.107
4485,-0.173
4486,-0.193
4487,-0.208
4488,-0.049
4489,0.095
4490,0.049
4491,-0.088
4492,-0.061
4493,-0.105
4494,-0.125
4495,-0.171
4496,-0.081
4497,-0.146
4498,-0.095
4499,-0.02
4500,0.168
4501,0.134
4502,0.164
4503,0.139
4504,0.156
4505,0.068
4506,0.042
4507,0.024
4508,0.093
4509,0.186
4510,0.129
4511,0.081
4512,0.149
4513,0.051
4514,-0.085
4515,-0.259
4516,-0.195
4517,-0.161
4518,-0.193
4519,-0.283
4520,-0.305
4521,-0.208
4522,-0.032
4523,-0.032
4524,-0.137
4525,-0.088
4526,0.076
4527,0.093
4528,-0.073
4529,-0.071
4530,0.0
4531,0.208
4532,0.215
4533,-0.173
4534,-0.142
4535,0.107
4536,0.186
4537,0.144
4538,-0.256
4539,-0.522
4540,-0.249
4541,-0.195
4542,-0.164
4543,0.039
4544,-0.073
4545,-0.054
4546,-0.198
4547,-0.034
4548,0.12
4549,0.012
4550,-0.107
4551,-0.186
4552,0.029
4553,0.315
4554,0.217
4555,0.046
4556,0.015
4557,-0.054
4558,-0.103
4559,-0.261
4560,-0.159
4561,-0.044
4562,-0.056
4563,-0.032
4564,0.015
4565,0.049
4566,0.181
4567,0.149
4568,0.027
4569,0.068
4570,0.059
4571,0.012
4572,-0.127
4573,-0.115
4574,-0.027
4575,0.042
4576,-0.039
4577,-0.107
4578,-0.024
4579,-0.042
4580,-0.127
4581,-0.137
4582,-0.195
4583,-0.149
4584,0.129
4585,0.154
4586,-0.012
4587,-0.161
4588,-0.027
4589,0.186
4590,0.344
4591,0.188
4592,-0.027
4593,0.112
4594,0.256
4595,0.21
4596,-0.042
4597,-0.132
4598,-0.002
4599,0.225
4600,0.161
4601,-0.139
4602,-0.195
4603,-0.078
4604,-0.017
4605,-0.115
4606,-0.21
4607,-0.115
4608,-0.029
4609,0.034
4610,0.054
4611,0.015
4612,0.076
4613,0.117
4614,0.073
4615,-0.205
4616,-0.244
4617,0.12
4618,0.295
4619,0.205
4620,-0.149
4621,-0.083
4622,0.205
4623,0.266
4624,-0.139
4625,-0.452
4626,-0.19
4627,-0.015
4628,-0.024
4629,-0.112
4630,0.083
4631,0.186
4632,0.0
4633,-0.007
4634,0.068
4635,0.085
4636,0.02
4637,-0.156
4638,-0.251
4639,0.168
4640,0.334
4641,0.244
4642,0.195
4643,0.051
4644,-0.042
4645,-0.073
4646,-0.095
4647,-0.112
4648,-0.134
4649,-0.056
4650,-0.046
4651,0.093
4652,0.266
4653,0.3
4654,0.178
4655,0.054
4656,-0.12
4657,-0.034
4658,-0.107
4659,-0.11
4660,-0.029
4661,-0.022
4662,-0.046
4663,-0.044
4664,0.022
4665,-0.002
4666,-0.012
4667,-0.034
4668,-0.002
4669,-0.078
4670,-0.095
4671,-0.012
4672,0.178
4673,0.212
4674,0.161
4675,0.183
4676,0.2
4677,0.103
4678,-0.088
4679,-0.085
4680,0.056
4681,0.046
4682,-0.007
4683,0.002
4684,0.076
4685,0.237
4686,0.159
4687,0.015
4688,-0.076
4689,-0.11
4690,-0.176
4691,-0.09
4692,0.022
4693,0.0
4694,-0.034
4695,0.042
4696,0.105
4697,0.088
4698,0.107
4699,0.076
4700,-0.017
4701,-0.054
4702,-0.144
4703,-0.017
4704,0.083
4705,0.198
4706,0.012
4707,-0.046
4708,0.117
4709,0.293
4710,0.198
4711,-0.195
4712,-0.369
4713,-0.176
4714,0.105
4715,0.159
4716,0.056
4717,-0.098
4718,-0.044
4719,0.139
4720,0.115
4721,0.044
4722,-0.059
4723,-0.129
4724,-0.125
4725,0.088
4726,0.288
4727,0.269
4728,0.2
4729,0.063
4730,0.056
4731,-0.066
4732,-0.139
4733,-0.085
4734,-0.081
4735,-0.107
4736,-0.012
4737,0.117
4738,0.139
4739,0.222
4740,0.12
4741,-0.039
4742,-0.078
4743,0.068
4744,-0.085
4745,-0.029
4746,-0.059
4747,-0.005
4748,0.01
4749,-0.005
4750,0.127
4751,-0.039
4752,-0.037
4753,0.1
4754,0.034
4755,-0.168
4756,-0.093
4757,0.059
4758,0.112
4759,0.015
4760,0.012
4761,0.022
4762,0.078
4763,0.081
4764,-0.059
4765,-0.132
4766,-0.015
4767,0.09
4768,0.0
4769,-0.049
4770,-0.017
4771,0.12
4772,0.078
4773,-0.044
4774,-0.071
4775,-0.01
4776,-0.034
4777,-0.176
4778,-0.227
4779,-0.159
4780,-0.11
4781,-0.103
4782,-0.149
4783,-0.115
4784,0.017
4785,0.081
4786,0.022
4787,-0.144
4788,-0.183
4789,0.093
4790,0.359
4791,0.2
4792,-0.002
4793,0.09
4794,0.3
4795,0.483
4796,0.21
4797,-0.239
4798,-0.488
4799,-0.142
4800,-0.137
4801,-0.154
4802,-0.032
4803,-0.005
4804,-0.042
4805,-0.186
4806,-0.071
4807,-0.012
4808,0.002
4809,-0.037
4810,-0.132
4811,-0.105
4812,0.342
4813,0.54
4814,0.3
4815,-0.037
4816,-0.066
4817,-0.112
4818,-0.076
4819,-0.183
4820,-0.281
4821,-0.186
4822,-0.02
4823,0.046
4824,-0.056
4825,0.046
4826,0.132
4827,0.171
4828,0.015
4829,-0.115
4830,-0.032
4831,0.083
4832,0.022
4833,-0.012
4834,-0.039
4835,-0.022
4836,0.112
4837,0.09
4838,-0.154
4839,-0.183
4840,-0.015
4841,0.01
4842,-0.11
4843,-0.129
4844,-0.051
4845,0.056
4846,0.076
4847,-0.032
4848,0.032
4849,0.205
4850,0.195
4851,0.083
4852,-0.054
4853,0.098
4854,0.232
4855,0.159
4856,0.088
4857,-0.032
4858,0.054
4859,-0.081
4860,-0.068
4861,-0.02
4862,-0.183
4863,-0.188
4864,-0.208
4865,-0.261
4866,-0.195
4867,-0.007
4868,0.071
4869,-0.132
4870,-0.063
4871,0.127
4872,0.156
4873,0.078
4874,0.034
4875,-0.061
4876,0.09
4877,0.286
4878,0.2
4879,-0.129
4880,-0.181
4881,0.093
4882,0.161
4883,-0.076
4884,-0.256
4885,-0.503
4886,-0.317
4887,-0.112
4888,0.054
4889,0.215
4890,-0.01
4891,-0.11
4892,-0.056
4893,0.066
4894,0.105
4895,0.068
4896,-0.115
4897,-0.139
4898,0.2
4899,0.288
4900,0.154
4901,0.061
4902,0.051
4903,-0.063
4904,-0.21
4905,-0.227
4906,-0.237
4907,-0.134
4908,-0.059
4909,-0.017
4910,0.061
4911,0.144
4912,0.149
4913,0.122
4914,0.166
4915,0.142
4916,0.056
4917,0.015
4918,0.034
4919,-0.042
4920,-0.034
4921,0.027
4922,0.164
4923,-0.027
4924,-0.122
4925,0.046
4926,0.034
4927,-0.066
4928,-0.056
4929,-0.044
4930,-0.083
4931,-0.032
4932,0.125
4933,0.166
4934,0.063
4935,0.173
4936,0.19
4937,0.088
4938,-0.044
4939,0.027
4940,0.049
4941,0.039
4942,-0.083
4943,-0.005
4944,0.073
4945,-0.027
4946,-0.137
4947,-0.154
4948,-0.088
4949,-0.073
4950,-0.134
4951,-0.195
4952,-0.144
4953,0.005
4954,0.073
4955,0.081
4956,-0.027
4957,0.012
4958,0.139
4959,0.066
4960,-0.042
4961,-0.129
4962,-0.105
4963,0.154
4964,0.225
4965,0.208
4966,-0.183
4967,-0.063
4968,0.176
4969,0.222
4970,0.12
4971,-0.171
4972,-0.154
4973,-0.093
4974,-0.078
4975,0.01
4976,-0.002
4977,-0.017
4978,0.051
4979,0.1
4980,0.034
4981,0.005
4982,-0.059
4983,-0.12
4984,-0.149
4985,0.032
4986,0.315
4987,0.286
4988,0.239
4989,0.078
4990,-0.078
4991,-0.098
4992,-0.198
4993,-0.217
4994,-0.095
4995,-0.007
4996,0.115
4997,0.134
4998,0.117
4999,0.215
5000,0.144
5001,0.115
5002,0.076
5003,-0.083
5004,-0.176
5005,-0.122
5006,-0.054
5007,-0.115
5008,-0.037
5009,0.012
5010,-0.012
5011,-0.044
5012,0.032
5013,0.012
5014,-0.12
5015,-0.176
5016,-0.085
5017,-0.051
5018,-0.024
5019,0.068
5020,0.154
5021,0.181
5022,0.222
5023,0.19
5024,0.042
5025,-0.042
5026,-0.063
5027,-0.032
5028,-0.024
5029,-0.027
5030,-0.012
5031,0.093
5032,0.156
5033,0.098
5034,-0.029
5035,-0.051
5036,-0.083
5037,-0.068
5038,-0.117
5039,-0.085
5040,-0.042
5041,-0.063
5042,-0.105
5043,0.02
5044,0.146
5045,0.181
5046,0.156
5047,-0.103
5048,-0.11
5049,-0.151
5050,0.132
5051,0.249
5052,0.217
5053,-0.088
5054,0.063
5055,0.288
5056,0.33
5057,0.0
5058,-0.388
5059,-0.43
5060,-0.186
5061,-0.085
5062,0.093
5063,0.044
5064,-0.071
5065,-0.129
5066,-0.017
5067,-0.007
5068,-0.051
5069,-0.117
5070,-0.176
5071,-0.222
5072,0.112
5073,0.403
5074,0.535
5075,0.251
5076,0.093
5077,0.005
5078,-0.022
5079,0.054
5080,-0.159
5081,-0.171
5082,-0.037
5083,0.054
5084,0.085
5085,0.093
5086,0.1
5087,0.151
5088,0.02
5089,-0.061
5090,-0.083
5091,-0.046
5092,-0.073
5093,-0.085
5094,-0.056
5095,0.071
5096,0.024
5097,-0.002
5098,0.02
5099,0.012
5100,-0.154
5101,-0.146
5102,-0.076
5103,-0.056
5104,-0.061
5105,-0.063
5106,-0.066
5107,0.068
5108,0.02
5109,0.095
5110,0.1
5111,0.0
5112,0.005
5113,0.112
5114,0.137
5115,0.054
5116,0.046
5117,0.115
5118,0.073
5119,-0.073
5120,-0.132
5121,0.029
5122,0.095
5123,-0.059
5124,-0.293
5125,-0.269
5126,-0.063
5127,0.01
5128,-0.115
5129,-0.073
5130,-0.11
5131,0.022
5132,0.139
5133,0.193
5134,0.054
5135,-0.156
5136,0.154
5137,0.339
5138,0.198
5139,0.012
5140,0.063
5141,0.19
5142,0.283
5143,-0.002
5144,-0.298
5145,-0.366
5146,-0.188
5147,-0.071
5148,0.029
5149,-0.122
5150,0.056
5151,0.181
5152,0.01
5153,-0.151
5154,-0.078
5155,0.144
5156,0.078
5157,-0.137
5158,-0.059
5159,0.181
5160,0.339
5161,0.295
5162,0.002
5163,-0.01
5164,0.061
5165,-0.01
5166,-0.105
5167,-0.317
5168,-0.078
5169,0.12
5170,0.005
5171,0.007
5172,0.134
5173,0.195
5174,0.151
5175,-0.015
5176,-0.105
5177,-0.044
5178,-0.002
5179,-0.105
5180,-0.186
5181,0.022
5182,0.181
5183,-0.042
5184,-0.132
5185,-0.19
5186,-0.022
5187,0.059
5188,-0.093
5189,-0.166
5190,-0.161
5191,-0.107
5192,0.059
5193,0.105
5194,0.105
5195,0.103
5196,0.186
5197,0.2
5198,0.12
5199,0.081
5200,0.044
5201,0.059
5202,0.01
5203,0.081
5204,0.115
5205,0.044
5206,0.049
5207,-0.029
5208,-0.081
5209,-0.081
5210,-0.107
5211,-0.144
5212,-0.127
5213,-0.081
5214,-0.107
5215,-0.049
5216,-0.012
5217,-0.059
5218,-0.144
5219,0.061
5220,0.166
5221,0.046
5222,-0.154
5223,0.059
5224,0.264
5225,0.212
5226,0.0
5227,-0.176
5228,0.161
5229,0.4
5230,0.12
5231,-0.2
5232,-0.544
5233,-0.215
5234,-0.286
5235,-0.083
5236,0.098
5237,0.068
5238,0.051
5239,-0.02
5240,-0.01
5241,0.093
5242,0.042
5243,-0.024
5244,-0.186
5245,-0.127
5246,0.186
5247,0.347
5248,0.203
5249,0.083
5250,-0.146
5251,-0.046
5252,-0.022
5253,-0.22
5254,-0.234
5255,-0.095
5256,0.068
5257,0.073
5258,0.083
5259,0.137
5260,0.247
5261,0.215
5262,0.081
5263,-0.088
5264,-0.066
5265,-0.076
5266,-0.134
5267,-0.144
5268,-0.1
5269,0.002
5270,0.027
5271,-0.034
5272,-0.107
5273,-0.042
5274,-0.039
5275,-0.09
5276,-0.09
5277,-0.012
5278,0.049
5279,0.054
5280,0.039
5281,0.1
5282,0.181
5283,0.166
5284,0.046
5285,-0.11
5286,-0.051
5287,0.085
5288,0.042
5289,-0.071
5290,-0.076
5291,-0.049
5292,0.005
5293,-0.01
5294,-0.027
5295,-0.037
5296,-0.076
5297,-0.115
5298,-0.2
5299,-0.112
5300,-0.107
5301,-0.105
5302,-0.056
5303,-0.01
5304,-0.034
5305,0.068
5306,0.095
5307,0.039
5308,-0.083
5309,-0.081
5310,-0.012
5311,0.266
5312,0.146
5313,0.046
5314,-0.059
5315,0.134
5316,0.378
5317,0.181
5318,-0.22
5319,-0.376
5320,-0.149
5321,-0.173
5322,-0.151
5323,-0.178
5324,0.01
5325,0.183
5326,-0.046
5327,-0.146
5328,-0.054
5329,-0.029
5330,-0.156
5331,-0.322
5332,-0.261
5333,0.232
5334,0.398
5335,0.164
5336,-0.056
5337,0.09
5338,0.1
5339,-0.037
5340,-0.166
5341,-0.146
5342,-0.024
5343,0.01
5344,0.073
5345,0.059
5346,0.107
5347,0.161
5348,0.068
5349,0.066
5350,-0.132
5351,-0.183
5352,-0.142
5353,-0.076
5354,-0.088
5355,-0.066
5356,0.049
5357,0.11
5358,0.032
5359,-0.034
5360,0.012
5361,0.027
5362,-0.1
5363,-0.244
5364,-0.229
5365,-0.056
5366,0.09
5367,-0.034
5368,-0.056
5369,0.049
5370,0.181
5371,0.129
5372,0.012
5373,-0.044
5374,-0.054
5375,-0.063
5376,-0.073
5377,-0.015
5378,0.061
5379,0.042
5380,0.083
5381,0.071
5382,0.002
5383,-0.117
5384,-0.129
5385,-0.137
5386,-0.154
5387,-0.151
5388,-0.081
5389,-0.088
5390,-0.061
5391,-0.085
5392,-0.066
5393,0.044
5394,0.02
5395,-0.103
5396,-0.183
5397,0.039
5398,0.149
5399,0.249
5400,0.2
5401,-0.032
5402,0.1
5403,0.356
5404,0.076
5405,-0.173
5406,-0.427
5407,-0.293
5408,-0.317
5409,-0.173
5410,0.081
5411,0.12
5412,0.01
5413,-0.256
5414,-0.178
5415,0.051
5416,0.107
5417,-0.002
5418,-0.332
5419,-0.078
5420,0.388
5421,0.452
5422,0.259
5423,0.164
5424,0.093
5425,-0.024
5426,-0.095
5427,-0.188
5428,-0.127
5429,-0.103
5430,-0.081
5431,-0.059
5432,0.081
5433,0.222
5434,0.186
5435,0.049
5436,-0.027
5437,-0.049
5438,-0.083
5439,-0.054
5440,-0.012
5441,-0.029
5442,0.027
5443,0.032
5444,0.0
5445,0.007
5446,-0.01
5447,-0.166
5448,-0.286
5449,-0.256
5450,-0.178
5451,-0.215
5452,-0.171
5453,-0.017
5454,0.081
5455,0.076
5456,0.015
5457,0.02
5458,0.11
5459,0.1
5460,0.044
5461,0.054
5462,0.1
5463,0.063
5464,0.054
5465,0.059
5466,0.129
5467,0.085
5468,-0.09
5469,-0.203
5470,-0.225
5471,-0.173
5472,-0.2
5473,-0.188
5474,-0.151
5475,-0.203
5476,-0.193
5477,-0.022
5478,0.01
5479,0.024
5480,0.049
5481,0.076
5482,0.054
5483,0.059
5484,0.073
5485,0.312
5486,0.242
5487,0.115
5488,-0.029
5489,0.027
5490,0.308
5491,0.134
5492,-0.305
5493,-0.42
5494,-0.369
5495,-0.188
5496,-0.11
5497,0.168
5498,0.068
5499,-0.085
5500,-0.024
5501,0.051
5502,0.1
5503,0.11
5504,-0.081
5505,-0.105
5506,0.159
5507,0.256
5508,0.212
5509,0.188
5510,0.288
5511,0.046
5512,-0.181
5513,-0.227
5514,-0.173
5515,-0.239
5516,-0.012
5517,0.081
5518,0.034
5519,0.154
5520,0.239
5521,0.232
5522,0.071
5523,-0.073
5524,-0.022
5525,0.022
5526,0.071
5527,0.044
5528,0.037
5529,0.061
5530,0.105
5531,0.027
5532,-0.024
5533,-0.068
5534,-0.112
5535,-0.142
5536,-0.127
5537,-0.137
5538,-0.176
5539,-0.088
5540,0.132
5541,0.232
5542,0.134
5543,0.015
5544,0.12
5545,0.154
5546,0.088
5547,0.085
5548,0.103
5549,0.059
5550,0.046
5551,0.073
5552,0.098
5553,0.02
5554,0.002
5555,-0.098
5556,-0.21
5557,-0.225
5558,-0.115
5559,-0.146
5560,-0.107
5561,-0.12
5562,-0.046
5563,0.037
5564,0.115
5565,0.054
5566,-0.024
5567,0.073
5568,0.139
5569,0.1
5570,-0.027
5571,0.098
5572,0.293
5573,0.142
5574,-0.049
5575,-0.129
5576,0.032
5577,0.361
5578,-0.015
5579,-0.515
5580,-0.452
5581,-0.061
5582,-0.173
5583,-0.063
5584,0.249
5585,0.107
5586,-0.042
5587,-0.1
5588,-0.01
5589,0.098
5590,0.063
5591,-0.11
5592,-0.266
5593,-0.029
5594,0.315
5595,0.308
5596,0.142
5597,0.0
5598,-0.01
5599,0.015
5600,-0.149
5601,-0.159
5602,-0.159
5603,-0.078
5604,0.046
5605,0.149
5606,0.173
5607,0.298
5608,0.2
5609,0.142
5610,0.076
5611,-0.007
5612,-0.107
5613,-0.107
5614,-0.078
5615,-0.071
5616,-0.056
5617,-0.044
5618,-0.051
5619,-0.044
5620,-0.076
5621,-0.007
5622,0.044
5623,-0.032
5624,-0.088
5625,-0.1
5626,-0.012
5627,0.11
5628,0.076
5629,0.078
5630,0.107
5631,0.037
5632,-0.005
5633,0.046
5634,-0.017
5635,-0.054
5636,0.068
5637,0.078
5638,-0.024
5639,0.044
5640,0.107
5641,0.085
5642,0.037
5643,-0.051
5644,-0.078
5645,-0.015
5646,0.0
5647,-0.027
5648,-0.012
5649,0.039
5650,0.029
5651,-0.007
5652,-0.107
5653,-0.061
5654,0.112
5655,0.178
5656,-0.078
5657,-0.225
5658,-0.002
5659,0.454
5660,0.215
5661,-0.012
5662,-0.22
5663,0.178
5664,0.476
5665,0.305
5666,-0.208
5667,-0.498
5668,-0.168
5669,0.024
5670,-0.088
5671,-0.137
5672,0.115
5673,0.051
5674,-0.217
5675,-0.054
5676,0.1
5677,-0.076
5678,-0.378
5679,-0.11
5680,0.181
5681,0.322
5682,0.403
5683,0.234
5684,0.132
5685,0.183
5686,0.015
5687,-0.149
5688,0.061
5689,0.022
5690,0.01
5691,-0.083
5692,-0.066
5693,0.078
5694,0.139
5695,0.117
5696,0.12
5697,-0.046
5698,-0.146
5699,-0.171
5700,-0.085
5701,-0.176
5702,-0.083
5703,0.0
5704,0.022
5705,0.037
5706,0.146
5707,0.122
5708,-0.039
5709,-0.149
5710,-0.21
5711,-0.127
5712,-0.022
5713,0.054
5714,-0.024
5715,-0.034
5716,0.044
5717,0.1
5718,0.098
5719,-0.012
5720,-0.022
5721,-0.017
5722,-0.029
5723,0.039
5724,0.19
5725,0.222
5726,0.01
5727,-0.076
5728,0.085
5729,0.154
5730,0.068
5731,-0.142
5732,-0.356
5733,-0.142
5734,0.107
5735,0.085
5736,-0.049
5737,-0.134
5738,-0.166
5739,-0.044
5740,0.142
5741,0.151
5742,-0.107
5743,-0.134
5744,-0.056
5745,0.088
5746,0.344
5747,0.305
5748,0.139
5749,-0.066
5750,0.093
5751,0.337
5752,0.186
5753,-0.271
5754,-0.442
5755,-0.376
5756,-0.181
5757,-0.061
5758,0.215
5759,0.076
5760,-0.144
5761,-0.176
5762,-0.02
5763,0.029
5764,-0.083
5765,-0.159
5766,-0.168
5767,-0.012
5768,0.337
5769,0.503
5770,0.261
5771,0.027
5772,0.059
5773,0.137
5774,0.044
5775,-0.134
5776,-0.181
5777,-0.181
5778,-0.095
5779,-0.11
5780,0.046
5781,0.227
5782,0.146
5783,-0.056
5784,-0.112
5785,0.017
5786,0.044
5787,-0.059
5788,-0.085
5789,0.039
5790,0.068
5791,0.051
5792,-0.032
5793,-0.095
5794,-0.144
5795,-0.122
5796,-0.12
5797,-0.115
5798,-0.115
5799,-0.046
5800,-0.051
5801,0.034
5802,0.139
5803,0.095
5804,0.078
5805,0.183
5806,0.176
5807,0.083
5808,0.134
5809,0.151
5810,0.046
5811,-0.022
5812,0.107
5813,0.205
5814,0.205
5815,-0.017
5816,-0.127
5817,-0.066
5818,-0.046
5819,-0.1
5820,-0.21
5821,-0.2
5822,-0.21
5823,-0.061
5824,-0.032
5825,-0.076
5826,-0.017
5827,0.059
5828,0.19
5829,0.046
5830,-0.012
5831,-0.134
5832,0.093
5833,0.295
5834,0.288
5835,-0.066
5836,-0.139
5837,0.139
5838,0.229
5839,0.0
5840,-0.461
5841,-0.515
5842,-0.374
5843,-0.059
5844,0.259
5845,0.068
5846,-0.154
5847,0.049
5848,0.269
5849,0.156
5850,0.11
5851,0.127
5852,-0.137
5853,-0.134
5854,0.127
5855,0.325
5856,0.344
5857,0.225
5858,0.093
5859,-0.081
5860,-0.061
5861,-0.117
5862,-0.103
5863,-0.203
5864,-0.125
5865,-0.063
5866,-0.081
5867,0.115
5868,0.269
5869,0.183
5870,0.093
5871,0.066
5872,0.002
5873,-0.076
5874,-0.129
5875,-0.144
5876,-0.071
5877,-0.02
5878,-0.039
5879,-0.002
5880,-0.081
5881,-0.085
5882,-0.181
5883,-0.083
5884,-0.125
5885,-0.308
5886,-0.112
5887,0.017
5888,-0.007
5889,0.173
5890,0.198
5891,0.09
5892,0.168
5893,0.264
5894,0.188
5895,0.081
5896,0.056
5897,-0.046
5898,0.093
5899,-0.005
5900,-0.066
5901,-0.039
5902,0.098
5903,0.039
5904,-0.127
5905,-0.088
5906,-0.156
5907,-0.09
5908,-0.1
5909,-0.225
5910,-0.215
5911,0.007
5912,0.176
5913,0.061
5914,0.061
5915,0.11
5916,0.042
5917,-0.203
5918,-0.076
5919,0.112
5920,0.093
5921,0.056
5922,-0.005
5923,0.015
5924,0.254
5925,0.063
5926,-0.239
5927,-0.249
5928,-0.225
5929,-0.066
5930,-0.205
5931,-0.024
5932,0.125
5933,0.083
5934,0.078
5935,0.012
5936,-0.056
5937,0.039
5938,-0.032
5939,-0.234
5940,-0.266
5941,0.166
5942,0.354
5943,0.2
5944,0.098
5945,0.073
5946,0.183
5947,-0.051
5948,-0.239
5949,-0.198
5950,-0.076
5951,0.024
5952,-0.02
5953,0.024
5954,0.181
5955,0.188
5956,0.034
5957,0.005
5958,-0.01
5959,-0.02
5960,-0.076
5961,-0.159
5962,-0.227
5963,-0.129
5964,0.032
5965,-0.015
5966,-0.061
5967,0.027
5968,0.117
5969,0.068
5970,-0.142
5971,-0.09
5972,0.029
5973,-0.002
5974,-0.076
5975,-0.01
5976,0.105
5977,0.166
5978,0.176
5979,0.032
5980,0.01
5981,-0.02
5982,-0.054
5983,-0.09
5984,-0.059
5985,0.032
5986,0.044
5987,0.063
5988,0.078
5989,0.083
5990,0.061
5991,-0.051
5992,-0.171
5993,-0.176
5994,-0.081
5995,-0.139
5996,-0.164
5997,-0.039
5998,0.034
5999,0.049
6000,-0.151
6001,-0.178
6002,-0.071
6003,0.002
6004,-0.161
6005,-0.266
6006,0.027
6007,0.19
6008,0.2
6009,-0.024
6010,-0.01
6011,0.259
6012,0.259
6013,0.034
6014,-0.237
6015,-0.337
6016,-0.027
6017,0.081
6018,-0.034
6019,-0.022
6020,0.059
6021,-0.063
6022,-0.278
6023,-0.3
6024,0.005
6025,-0.078
6026,-0.205
6027,-0.151
6028,0.142
6029,0.415
6030,0.215
6031,0.042
6032,0.083
6033,0.103
6034,-0.005
6035,-0.139
6036,-0.198
6037,-0.09
6038,-0.02
6039,0.061
6040,0.056
6041,0.061
6042,0.083
6043,-0.017
6044,-0.098
6045,-0.144
6046,-0.046
6047,-0.02
6048,-0.049
6049,-0.085
6050,0.002
6051,0.11
6052,0.112
6053,0.039
6054,-0.046
6055,-0.007
6056,0.027
6057,-0.09
6058,-0.188
6059,-0.166
6060,-0.017
6061,0.107
6062,0.037
6063,-0.071
6064,-0.027
6065,0.034
6066,0.059
6067,-0.005
6068,-0.029
6069,0.007
6070,0.115
6071,0.129
6072,0.127
6073,0.139
6074,0.149
6075,0.061
6076,-0.076
6077,-0.039
6078,-0.063
6079,-0.127
6080,-0.159
6081,-0.212
6082,-0.271
6083,-0.203
6084,-0.1
6085,-0.12
6086,-0.19
6087,-0.217
6088,-0.103
6089,0.134
6090,0.203
6091,0.059
6092,0.007
6093,0.015
6094,0.344
6095,0.342
6096,0.137
6097,-0.137
6098,-0.032
6099,0.205
6100,0.081
6101,-0.269
6102,-0.544
6103,-0.381
6104,-0.181
6105,-0.068
6106,0.12
6107,0.132
6108,-0.005
6109,-0.134
6110,-0.083
6111,0.042
6112,0.103
6113,-0.029
6114,-0.088
6115,0.061
6116,0.256
6117,0.349
6118,0.303
6119,0.154
6120,0.015
6121,-0.093
6122,-0.203
6123,-0.308
6124,-0.303
6125,-0.176
6126,-0.005
6127,0.081
6128,0.039
6129,0.117
6130,0.195
6131,0.166
6132,-0.037
6133,-0.168
6134,-0.142
6135,0.032
6136,0.093
6137,0.061
6138,-0.127
6139,-0.115
6140,-0.042
6141,-0.024
6142,-0.112
6143,-0.266
6144,-0.193
6145,-0.134
6146,-0.149
6147,-0.088
6148,-0.085
6149,0.015
6150,0.208
6151,0.134
6152,0.127
6153,0.166
6154,0.178
6155,0.105
6156,0.044
6157,0.063
6158,0.159
6159,0.198
6160,0.122
6161,0.012
6162,0.034
6163,0.088
6164,0.039
6165,-0.071
6166,-0.244
6167,-0.186
6168,-0.188
6169,-0.166
6170,-0.107
6171,-0.037
6172,-0.002
6173,-0.039
6174,-0.076
6175,0.103
6176,0.244
6177,0.034
6178,-0.139
6179,-0.103
6180,0.083
6181,0.347
6182,0.354
6183,-0.044
6184,-0.022
6185,0.188
6186,0.203
6187,-0.015
6188,-0.354
6189,-0.474
6190,-0.198
6191,-0.151
6192,-0.073
6193,0.33
6194,0.164
6195,-0.027
6196,-0.015
6197,0.071
6198,0.076
6199,-0.103
6200,-0.168
6201,-0.078
6202,0.024
6203,0.234
6204,0.232
6205,0.034
6206,0.164
6207,0.098
6208,-0.129
6209,-0.232
6210,-0.073
6211,0.0
6212,-0.02
6213,0.02
6214,0.11
6215,0.212
6216,0.332
6217,0.222
6218,-0.007
6219,0.002
6220,0.107
6221,-0.085
6222,-0.227
6223,-0.21
6224,-0.039
6225,0.132
6226,0.151
6227,-0.007
6228,-0.107
6229,-0.042
6230,0.032
6231,-0.044
6232,0.005
6233,-0.063
6234,-0.088
6235,-0.1
6236,0.154
6237,0.273
6238,0.159
6239,-0.015
6240,0.034
6241,0.046
6242,0.066
6243,0.076
6244,0.029
6245,-0.005
6246,0.063
6247,0.159
6248,0.056
6249,-0.022
6250,0.054
6251,0.034
6252,0.027
6253,0.024
6254,-0.061
6255,-0.205
6256,-0.139
6257,-0.029
6258,-0.022
6259,-0.029
6260,0.027
6261,0.015
6262,0.024
6263,0.1
6264,0.071
6265,-0.059
6266,-0.095
6267,0.166
6268,0.293
6269,0.039
6270,-0.098
6271,0.276
6272,0.32
6273,0.244
6274,-0.007
6275,-0.059
6276,-0.342
6277,-0.188
6278,-0.046
6279,0.015
6280,0.244
6281,0.234
6282,-0.063
6283,-0.076
6284,0.042
6285,0.181
6286,-0.022
6287,-0.264
6288,-0.151
6289,0.2
6290,0.374
6291,0.234
6292,0.088
6293,0.073
6294,0.083
6295,0.01
6296,-0.125
6297,-0.127
6298,0.005
6299,0.029
6300,-0.078
6301,-0.056
6302,0.166
6303,0.332
6304,0.193
6305,0.049
6306,-0.034
6307,-0.081
6308,-0.061
6309,-0.1
6310,-0.066
6311,-0.012
6312,0.007
6313,-0.063
6314,-0.039
6315,0.063
6316,0.098
6317,-0.007
6318,-0.134
6319,-0.105
6320,0.017
6321,-0.02
6322,-0.029
6323,0.005
6324,0.044
6325,0.012
6326,0.032
6327,0.068
6328,-0.015
6329,0.012
6330,-0.017
6331,0.015
6332,0.115
6333,0.122
6334,0.11
6335,0.076
6336,0.059
6337,0.034
6338,-0.042
6339,-0.012
6340,-0.032
6341,-0.085
6342,-0.142
6343,-0.164
6344,-0.178
6345,0.005
6346,-0.015
6347,-0.063
6348,-0.122
6349,0.056
6350,0.139
6351,0.022
6352,-0.11
6353,-0.2
6354,0.146
6355,0.361
6356,0.286
6357,-0.068
6358,0.017
6359,0.237
6360,0.452
6361,0.095
6362,-0.354
6363,-0.518
6364,-0.164
6365,0.01
6366,-0.059
6367,-0.078
6368,-0.046
6369,-0.083
6370,-0.005
6371,0.012
6372,-0.122
6373,-0.149
6374,-0.181
6375,-0.095
6376,0.176
6377,0.366
6378,0.232
6379,0.176
6380,0.034
6381,0.078
6382,0.02
6383,-0.139
6384,-0.2
6385,-0.171
6386,0.034
6387,0.076
6388,0.054
6389,0.146
6390,0.232
6391,0.159
6392,0.034
6393,-0.049
6394,-0.083
6395,-0.022
6396,0.032
6397,-0.024
6398,-0.046
6399,0.049
6400,0.12
6401,0.022
6402,-0.078
6403,-0.01
6404,-0.034
6405,-0.195
6406,-0.22
6407,-0.1
6408,-0.056
6409,-0.012
6410,0.032
6411,0.049
6412,-0.012
6413,0.039
6414,0.09
6415,0.09
6416,0.042
6417,0.01
6418,0.044
6419,0.073
6420,0.151
6421,0.1
6422,0.044
6423,0.095
6424,0.076
6425,-0.044
6426,-0.176
6427,-0.154
6428,-0.166
6429,-0.195
6430,-0.2
6431,-0.129
6432,-0.034
6433,-0.002
6434,0.02
6435,-0.012
6436,0.012
6437,0.103
6438,0.098
6439,0.059
6440,-0.134
6441,0.027
6442,0.254
6443,0.33
6444,-0.098
6445,-0.068
6446,0.051
6447,0.134
6448,-0.09
6449,-0.376
6450,-0.522
6451,-0.273
6452,-0.073
6453,-0.044
6454,-0.032
6455,0.11
6456,-0.002
6457,-0.049
6458,-0.078
6459,0.059
6460,0.0
6461,-0.081
6462,-0.129
6463,0.117
6464,0.439
6465,0.198
6466,0.088
6467,0.083
6468,0.01
6469,-0.1
6470,-0.232
6471,-0.144
6472,-0.151
6473,-0.21
6474,0.005
6475,0.132
6476,0.056
6477,0.151
6478,0.112
6479,0.007
6480,-0.017
6481,-0.054
6482,-0.061
6483,-0.139
6484,-0.132
6485,-0.107
6486,-0.071
6487,-0.049
6488,-0.078
6489,-0.071
6490,-0.088
6491,-0.139
6492,-0.171
6493,-0.149
6494,-0.039
6495,-0.022
6496,-0.039
6497,0.125
6498,0.144
6499,0.159
6500,0.129
6501,0.151
6502,0.168
6503,-0.007
6504,-0.042
6505,0.056
6506,0.078
6507,0.093
6508,-0.083
6509,-0.129
6510,-0.027
6511,0.063
6512,-0.078
6513,-0.11
6514,-0.115
6515,-0.166
6516,-0.2
6517,-0.164
6518,-0.076
6519,-0.029
6520,-0.076
6521,-0.059
6522,-0.066
6523,0.149
6524,0.217
6525,-0.063
6526,-0.31
6527,0.095
6528,0.569
6529,0.217
6530,-0.19
6531,-0.11
6532,0.166
6533,0.254
6534,0.076
6535,-0.271
6536,-0.369
6537,-0.122
6538,-0.068
6539,-0.022
6540,0.029
6541,0.183
6542,0.061
6543,-0.12
6544,-0.164
6545,-0.09
6546,0.02
6547,-0.007
6548,-0.269
6549,-0.271
6550,0.166
6551,0.435
6552,0.256
6553,-0.017
6554,-0.056
6555,0.042
6556,-0.044
6557,-0.217
6558,-0.125
6559,0.054
6560,0.054
6561,0.027
6562,-0.012
6563,0.154
6564,0.259
6565,0.205
6566,0.017
6567,-0.059
6568,-0.054
6569,-0.037
6570,-0.081
6571,-0.051
6572,0.007
6573,0.015
6574,-0.071
6575,-0.051
6576,-0.022
6577,0.015
6578,-0.027
6579,-0.181
6580,-0.129
6581,0.015
6582,0.059
6583,0.095
6584,0.115
6585,0.122
6586,0.076
6587,0.061
6588,0.081
6589,0.022
6590,-0.024
6591,0.063
6592,0.1
6593,-0.005
6594,-0.054
6595,-0.029
6596,-0.005
6597,0.015
6598,0.02
6599,-0.061
6600,-0.066
6601,-0.056
6602,-0.122
6603,-0.1
6604,-0.037
6605,-0.049
6606,-0.103
6607,-0.1
6608,-0.059
6609,-0.071
6610,0.015
6611,0.039
6612,-0.027
6613,0.032
6614,-0.198
6615,0.0
6616,0.291
6617,0.369
6618,0.181
6619,-0.132
6620,0.034
6621,0.361
6622,0.156
6623,-0.293
6624,-0.361
6625,-0.161
6626,0.059
6627,0.046
6628,0.012
6629,-0.022
6630,-0.103
6631,-0.002
6632,-0.073
6633,-0.161
6634,-0.176
6635,-0.181
6636,-0.12
6637,0.002
6638,0.3
6639,0.347
6640,0.222
6641,0.083
6642,0.01
6643,0.0
6644,0.032
6645,0.024
6646,-0.027
6647,0.005
6648,-0.007
6649,0.051
6650,0.107
6651,0.146
6652,0.09
6653,-0.027
6654,-0.134
6655,-0.168
6656,-0.007
6657,0.02
6658,-0.034
6659,-0.11
6660,0.017
6661,0.134
6662,0.09
6663,0.061
6664,0.005
6665,-0.017
6666,-0.073
6667,-0.054
6668,-0.078
6669,-0.103
6670,-0.051
6671,-0.024
6672,0.042
6673,0.054
6674,-0.005
6675,-0.042
6676,-0.01
6677,0.083
6678,0.044
6679,0.01
6680,0.032
6681,0.078
6682,0.095
6683,0.056
6684,0.059
6685,0.1
6686,0.078
6687,-0.037
6688,-0.068
6689,-0.054
6690,-0.054
6691,-0.144
6692,-0.237
6693,-0.205
6694,-0.112
6695,-0.076
6696,-0.161
6697,-0.09
6698,0.12
6699,0.105
6700,-0.071
6701,-0.024
6702,0.095
6703,0.405
6704,0.244
6705,0.042
6706,-0.007
6707,0.232
6708,0.378
6709,0.085
6710,-0.308
6711,-0.444
6712,-0.232
6713,-0.149
6714,-0.222
6715,-0.142
6716,-0.056
6717,-0.029
6718,-0.139
6719,-0.142
6720,0.046
6721,0.049
6722,-0.029
6723,-0.154
6724,-0.142
6725,0.232
6726,0.388
6727,0.288
6728,0.063
6729,-0.034
6730,-0.103
6731,-0.137
6732,-0.186
6733,-0.198
6734,-0.186
6735,-0.129
6736,-0.051
6737,0.017
6738,0.195
6739,0.205
6740,0.103
6741,0.01
6742,-0.029
6743,-0.046
6744,0.022
6745,-0.085
6746,-0.071
6747,0.017
6748,0.1
6749,0.027
6750,-0.029
6751,-0.107
6752,-0.076
6753,-0.242
6754,-0.283
6755,-0.178
6756,-0.054
6757,-0.044
6758,-0.085
6759,0.015
6760,0.122
6761,0.105
6762,0.125
6763,0.068
6764,0.081
6765,0.103
6766,0.081
6767,0.073
6768,0.098
6769,0.061
6770,0.022
6771,0.012
6772,0.066
6773,0.01
6774,-0.149
6775,-0.227
6776,-0.171
6777,-0.139
6778,-0.193
6779,-0.278
6780,-0.168
6781,-0.012
6782,0.139
6783,0.017
6784,-0.042
6785,0.127
6786,0.2
6787,0.127
6788,-0.11
6789,-0.063
6790,0.244
6791,0.188
6792,-0.02
6793,-0.134
6794,0.073
6795,0.376
6796,0.181
6797,-0.325
6798,-0.508
6799,-0.347
6800,-0.227
6801,-0.208
6802,0.117
6803,0.225
6804,0.161
6805,0.042
6806,0.046
6807,0.081
6808,0.039
6809,0.115
6810,-0.095
6811,-0.027
6812,0.195
6813,0.273
6814,0.151
6815,-0.156
6816,-0.085
6817,0.159
6818,-0.1
6819,-0.31
6820,-0.232
6821,-0.029
6822,0.012
6823,0.039
6824,0.081
6825,0.227
6826,0.315
6827,0.132
6828,-0.012
6829,-0.095
6830,0.044
6831,0.103
6832,-0.012
6833,-0.171
6834,-0.076
6835,-0.012
6836,-0.005
6837,0.066
6838,-0.002
6839,-0.173
6840,-0.171
6841,-0.076
6842,-0.046
6843,-0.105
6844,-0.142
6845,-0.002
6846,0.156
6847,0.151
6848,0.129
6849,0.283
6850,0.186
6851,-0.049
6852,-0.139
6853,-0.005
6854,0.112
6855,-0.032
6856,-0.159
6857,-0.107
6858,0.09
6859,0.164
6860,-0.005
6861,-0.173
6862,-0.161
6863,-0.129
6864,-0.059
6865,-0.076
6866,-0.151
6867,-0.134
6868,0.039
6869,0.107
6870,0.181
6871,0.159
6872,0.088
6873,0.081
6874,-0.007
6875,-0.164
6876,0.066
6877,0.298
6878,0.288
6879,-0.159
6880,-0.098
6881,0.151
6882,0.371
6883,0.007
6884,-0.42
6885,-0.449
6886,-0.308
6887,-0.12
6888,0.127
6889,0.054
6890,-0.127
6891,-0.12
6892,0.037
6893,0.017
6894,0.032
6895,-0.022
6896,-0.176
6897,-0.242
6898,0.095
6899,0.347
6900,0.249
6901,0.103
6902,0.039
6903,0.005
6904,-0.186
6905,-0.088
6906,-0.085
6907,-0.215
6908,0.002
6909,0.134
6910,0.12
6911,0.232
6912,0.117
6913,0.186
6914,0.049
6915,-0.112
6916,-0.034
6917,0.078
6918,-0.012
6919,-0.239
6920,-0.132
6921,0.044
6922,0.059
6923,-0.01
6924,-0.085
6925,-0.149
6926,-0.022
6927,0.015
6928,-0.11
6929,-0.132
6930,-0.044
6931,0.081
6932,0.168
6933,0.1
6934,0.061
6935,0.107
6936,0.237
6937,0.12
6938,-0.093
6939,-0.083
6940,0.056
6941,0.105
6942,0.071
6943,0.078
6944,0.115
6945,0.073
6946,0.083
6947,0.039
6948,-0.02
6949,-0.02
6950,-0.015
6951,-0.132
6952,-0.229
6953,-0.242
6954,-0.056
6955,-0.029
6956,-0.063
6957,-0.042
6958,-0.029
6959,-0.02
6960,-0.012
6961,-0.142
6962,0.005
6963,0.254
6964,0.19
6965,0.22
6966,0.024
6967,0.054
6968,0.342
6969,0.305
6970,-0.112
6971,-0.491
6972,-0.247
6973,-0.007
6974,0.024
6975,-0.037
6976,-0.017
6977,-0.039
6978,-0.076
6979,-0.022
6980,-0.034
6981,0.083
6982,0.027
6983,-0.183
6984,-0.107
6985,0.276
6986,0.383
6987,0.171
6988,0.01
6989,0.085
6990,0.039
6991,0.029
6992,-0.186
6993,-0.286
6994,-0.176
6995,0.146
6996,0.139
6997,-0.037
6998,0.12
6999,0.286
7000,0.142
7001,-0.012
7002,-0.146
7003,-0.193
7004,-0.127
7005,-0.01
7006,0.051
7007,0.122
7008,0.063
7009,-0.002
7010,0.076
7011,-0.12
7012,-0.139
7013,-0.166
7014,-0.181
7015,-0.125
7016,-0.188
7017,-0.181
7018,-0.034
7019,0.164
7020,0.208
7021,0.024
7022,0.029
7023,0.208
7024,0.2
7025,0.122
7026,-0.012
7027,0.078
7028,0.232
7029,0.098
7030,0.034
7031,0.134
7032,0.195
7033,-0.015
7034,-0.154
7035,-0.049
7036,-0.029
7037,0.059
7038,-0.081
7039,-0.19
7040,-0.078
7041,0.034
7042,-0.007
7043,-0.09
7044,0.127
7045,0.151
7046,-0.061
7047,-0.142
7048,0.151
7049,0.244
7050,0.356
7051,0.142
7052,0.088
7053,0.21
7054,0.208
7055,-0.01
7056,-0.271
7057,-0.312
7058,0.044
7059,-0.166
7060,-0.107
7061,0.242
7062,0.154
7063,0.022
7064,-0.005
7065,0.149
7066,0.154
7067,0.056
7068,0.054
7069,-0.024
7070,0.154
7071,0.315
7072,0.354
7073,0.137
7074,0.0
7075,-0.061
7076,-0.171
7077,-0.171
7078,-0.149
7079,-0.017
7080,-0.061
7081,-0.112
7082,-0.076
7083,0.112
7084,0.273
7085,0.215
7086,0.042
7087,0.032
7088,0.171
7089,0.054
7090,-0.122
7091,-0.115
7092,0.063
7093,0.186
7094,-0.042
7095,-0.159
7096,-0.039
7097,0.073
7098,0.125
7099,-0.029
7100,-0.212
7101,-0.244
7102,-0.046
7103,0.127
7104,0.061
7105,0.002
7106,0.068
7107,0.242
7108,0.298
7109,0.1
7110,-0.037
7111,0.051
7112,0.193
7113,0.247
7114,0.042
7115,-0.032
7116,0.032
7117,0.034
7118,-0.078
7119,-0.12
7120,-0.085
7121,-0.095
7122,-0.088
7123,-0.166
7124,-0.1
7125,-0.068
7126,0.002
7127,0.022
7128,0.029
7129,0.085
7130,0.093
7131,0.024
7132,-0.12
7133,0.042
7134,0.103
7135,0.259
7136,0.256
7137,-0.063
7138,-0.11
7139,0.225
7140,0.181
7141,-0.034
7142,-0.415
7143,-0.356
7144,-0.232
7145,-0.061
7146,0.027
7147,0.049
7148,-0.078
7149,-0.034
7150,0.146
7151,0.125
7152,-0.063
7153,-0.139
7154,-0.11
7155,0.125
7156,0.31
7157,0.376
7158,0.208
7159,0.085
7160,0.083
7161,0.01
7162,-0.098
7163,-0.251
7164,-0.264
7165,-0.281
7166,-0.083
7167,-0.024
7168,0.02
7169,0.186
7170,0.159
7171,-0.002
7172,-0.029
7173,-0.015
7174,0.066
7175,-0.032
7176,0.02
7177,0.007
7178,-0.095
7179,-0.083
7180,0.046
7181,-0.042
7182,-0.112
7183,-0.1
7184,-0.127
7185,-0.117
7186,-0.149
7187,-0.176
7188,-0.105
7189,0.032
7190,0.115
7191,-0.005
7192,-0.034
7193,0.164
7194,0.237
7195,0.195
7196,-0.017
7197,-0.083
7198,0.022
7199,0.115
7200,0.068
7201,-0.012
7202,-0.059
7203,-0.007
7204,0.034
7205,-0.022
7206,-0.105
7207,-0.142
7208,-0.081
7209,-0.129
7210,-0.168
7211,-0.105
7212,-0.02
7213,0.007
7214,0.073
7215,0.112
7216,0.186
7217,0.081
7218,-0.02
7219,-0.11
7220,-0.024
7221,0.015
7222,0.134
7223,0.22
7224,0.01
7225,-0.129
7226,0.242
7227,0.261
7228,-0.181
7229,-0.674
7230,-0.486
7231,-0.339
7232,-0.042
7233,0.159
7234,-0.037
7235,-0.149
7236,0.042
7237,-0.017
7238,-0.11
7239,-0.081
7240,-0.122
7241,-0.21
7242,-0.032
7243,0.093
7244,0.266
7245,0.229
7246,0.071
7247,-0.056
7248,-0.151
7249,-0.149
7250,-0.105
7251,-0.137
7252,-0.107
7253,0.054
7254,0.059
7255,0.144
7256,0.227
7257,0.112
7258,0.01
7259,-0.081
7260,-0.134
7261,-0.149
7262,-0.095
7263,-0.046
7264,-0.049
7265,-0.132
7266,-0.078
7267,-0.049
7268,-0.017
7269,-0.127
7270,-0.166
7271,-0.093
7272,0.007
7273,-0.042
7274,-0.159
7275,-0.168
7276,0.051
7277,0.217
7278,0.029
7279,-0.056
7280,-0.002
7281,0.032
7282,-0.061
7283,-0.2
7284,-0.161
7285,-0.037
7286,0.032
7287,-0.039
7288,-0.046
7289,0.029
7290,0.098
7291,-0.068
7292,-0.178
7293,-0.178
7294,-0.176
7295,-0.127
7296,-0.227
7297,-0.298
7298,-0.164
7299,-0.098
7300,-0.005
7301,-0.125
7302,-0.19
7303,-0.061
7304,0.034
7305,0.083
7306,-0.183
7307,-0.088
7308,0.281
7309,0.33
7310,0.212
7311,0.103
7312,-0.117
7313,0.071
7314,0.188
7315,-0.059
7316,-0.286
7317,-0.259
7318,-0.139
7319,-0.303
7320,-0.01
7321,0.161
7322,0.01
7323,-0.168
7324,-0.176
7325,-0.127
7326,0.007
7327,-0.068
7328,-0.085
7329,-0.188
7330,0.178
7331,0.461
7332,0.31
7333,0.1
7334,0.017
7335,0.134
7336,-0.066
7337,-0.295
7338,-0.32
7339,-0.142
7340,-0.034
7341,-0.059
7342,-0.115
7343,0.032
7344,0.232
7345,0.127
7346,-0.042
7347,-0.1
7348,-0.005
7349,0.032
7350,0.039
7351,-0.024
7352,-0.054
7353,0.0
7354,0.054
7355,0.039
7356,-0.029
7357,-0.173
7358,-0.19
7359,-0.247
7360,-0.166
7361,-0.166
7362,-0.073
7363,0.017
7364,0.093
7365,0.012
7366,-0.029
7367,0.078
7368,0.171
7369,0.081
7370,-0.012
7371,0.005
7372,0.11
7373,0.195
7374,0.181
7375,0.049
7376,0.002
7377,0.073
7378,0.078
7379,-0.081
7380,-0.222
7381,-0.146
7382,-0.149
7383,-0.137
7384,-0.239
7385,-0.198
7386,-0.076
7387,0.061
7388,0.1
7389,-0.063
7390,0.063
7391,0.217
7392,0.103
7393,-0.171
7394,-0.068
7395,0.227
7396,0.259
7397,0.132
7398,-0.117
7399,-0.115
7400,0.093
7401,0.237
7402,-0.073
7403,-0.64
7404,-0.381
7405,-0.173
7406,-0.054
7407,-0.105
7408,-0.059
7409,-0.088
7410,-0.154
7411,-0.039
7412,0.032
7413,0.151
7414,0.1
7415,-0.276
7416,-0.164
7417,0.195
7418,0.173
7419,0.125
7420,0.098
7421,0.029
7422,-0.181
7423,-0.247
7424,-0.149
7425,-0.073
7426,0.005
7427,-0.005
7428,-0.1
7429,-0.022
7430,0.259
7431,0.325
7432,0.132
7433,0.0
7434,0.007
7435,0.073
7436,0.066
7437,-0.09
7438,-0.139
7439,-0.115
7440,-0.051
7441,-0.107
7442,-0.01
7443,-0.042
7444,-0.042
7445,-0.085
7446,-0.149
7447,-0.112
7448,-0.046
7449,-0.081
7450,-0.037
7451,0.024
7452,0.073
7453,0.107
7454,0.212
7455,0.239
7456,0.171
7457,0.142
7458,0.066
7459,-0.095
7460,-0.076
7461,0.02
7462,0.107
7463,0.068
7464,0.073
7465,0.007
7466,0.005
7467,0.007
7468,-0.029
7469,-0.117
7470,-0.144
7471,-0.078
7472,0.015
7473,0.005
7474,0.0
7475,-0.034
7476,0.024
7477,0.227
7478,0.271
7479,0.122
7480,-0.107
7481,-0.017
7482,0.127
7483,0.298
7484,0.164
7485,-0.1
7486,-0.044
7487,0.334
7488,0.093
7489,-0.193
7490,-0.356
7491,-0.237
7492,-0.127
7493,-0.132
7494,0.061
7495,0.154
7496,0.171
7497,0.002
7498,-0.044
7499,0.005
7500,0.142
7501,0.034
7502,-0.156
7503,-0.098
7504,0.251
7505,0.405
7506,0.21
7507,0.049
7508,0.039
7509,0.127
7510,0.039
7511,-0.132
7512,-0.129
7513,0.037
7514,0.176
7515,0.095
7516,-0.002
7517,0.159
7518,0.334
7519,0.188
7520,-0.2
7521,-0.154
7522,-0.09
7523,0.024
7524,0.017
7525,-0.142
7526,-0.056
7527,0.034
7528,0.02
7529,-0.051
7530,-0.105
7531,-0.168
7532,-0.125
7533,-0.1
7534,-0.125
7535,-0.134
7536,-0.039
7537,0.09
7538,0.029
7539,0.0
7540,0.007
7541,0.022
7542,0.088
7543,0.066
7544,-0.063
7545,0.012
7546,0.032
7547,0.073
7548,0.061
7549,0.037
7550,0.164
7551,0.1
7552,-0.071
7553,-0.166
7554,-0.024
7555,0.076
7556,-0.039
7557,-0.188
7558,-0.171
7559,0.015
7560,0.085
7561,-0.071
7562,-0.195
7563,-0.098
7564,0.09
7565,0.073
7566,-0.205
7567,-0.188
7568,0.103
7569,0.312
7570,0.2
7571,0.059
7572,0.061
7573,0.312
7574,0.383
7575,-0.142
7576,-0.513
7577,-0.212
7578,-0.002
7579,0.11
7580,-0.078
7581,-0.068
7582,-0.049
7583,0.022
7584,-0.015
7585,-0.078
7586,-0.137
7587,-0.046
7588,-0.134
7589,-0.024
7590,0.261
7591,0.354
7592,0.225
7593,0.122
7594,-0.071
7595,0.002
7596,-0.029
7597,-0.066
7598,-0.127
7599,-0.132
7600,0.081
7601,0.137
7602,0.044
7603,0.085
7604,0.146
7605,0.156
7606,0.007
7607,-0.085
7608,-0.054
7609,-0.107
7610,-0.146
7611,0.11
7612,0.137
7613,0.056
7614,0.073
7615,0.139
7616,0.024
7617,-0.115
7618,-0.159
7619,-0.122
7620,-0.146
7621,-0.144
7622,-0.156
7623,-0.051
7624,0.078
7625,0.061
7626,-0.005
7627,0.037
7628,0.088
7629,0.078
7630,-0.007
7631,0.015
7632,0.12
7633,0.156
7634,0.059
7635,0.105
7636,0.125
7637,-0.015
7638,-0.029
7639,-0.034
7640,-0.093
7641,-0.232
7642,-0.259
7643,-0.166
7644,-0.11
7645,-0.107
7646,-0.164
7647,-0.168
7648,-0.032
7649,0.068
7650,0.083
7651,0.039
7652,-0.005
7653,-0.107
7654,0.022
7655,0.359
7656,0.239
7657,-0.066
7658,0.212
7659,0.261
7660,0.278
7661,-0.088
7662,-0.286
7663,-0.366
7664,-0.291
7665,-0.261
7666,-0.032
7667,0.261
7668,0.112
7669,-0.129
7670,-0.122
7671,-0.071
7672,0.039
7673,0.081
7674,-0.081
7675,-0.129
7676,0.076
7677,0.354
7678,0.278
7679,0.132
7680,0.051
7681,0.0
7682,-0.066
7683,-0.186
7684,-0.166
7685,-0.146
7686,-0.12
7687,-0.059
7688,-0.007
7689,0.068
7690,0.103
7691,0.125
7692,0.051
7693,0.063
7694,0.12
7695,-0.061
7696,-0.11
7697,-0.01
7698,0.042
7699,0.02
7700,-0.139
7701,-0.076
7702,-0.024
7703,0.017
7704,-0.085
7705,-0.129
7706,-0.176
7707,-0.21
7708,-0.164
7709,-0.117
7710,0.063
7711,0.032
7712,0.044
7713,0.112
7714,0.208
7715,0.093
7716,0.034
7717,0.037
7718,0.183
7719,0.112
7720,0.007
7721,0.027
7722,0.129
7723,0.117
7724,0.0
7725,-0.1
7726,-0.11
7727,-0.02
7728,-0.251
7729,-0.259
7730,-0.11
7731,-0.09
7732,-0.034
7733,-0.081
7734,-0.049
7735,0.083
7736,0.229
7737,0.161
7738,-0.029
7739,-0.068
7740,-0.029
7741,0.178
7742,0.1
7743,0.081
7744,-0.176
7745,-0.042
7746,0.19
7747,0.127
7748,0.051
7749,-0.269
7750,-0.247
7751,-0.269
7752,-0.215
7753,0.032
7754,0.039
7755,-0.012
7756,-0.129
7757,-0.061
7758,0.198
7759,0.308
7760,0.083
7761,-0.173
7762,-0.203
7763,0.149
7764,0.264
7765,0.146
7766,0.127
7767,-0.144
7768,-0.11
7769,-0.005
7770,-0.071
7771,-0.176
7772,-0.21
7773,-0.09
7774,0.076
7775,0.1
7776,0.193
7777,0.181
7778,0.09
7779,0.051
7780,-0.032
7781,-0.007
7782,0.032
7783,-0.029
7784,-0.071
7785,-0.139
7786,-0.029
7787,-0.081
7788,-0.105
7789,-0.051
7790,-0.093
7791,-0.149
7792,-0.151
7793,-0.088
7794,-0.088
7795,-0.1
7796,-0.034
7797,0.125
7798,0.234
7799,0.125
7800,0.098
7801,0.22
7802,0.261
7803,0.027
7804,-0.051
7805,-0.022
7806,0.076
7807,0.005
7808,-0.09
7809,-0.032
7810,0.095
7811,0.005
7812,-0.054
7813,-0.095
7814,-0.012
7815,-0.137
7816,-0.212
7817,-0.144
7818,-0.056
7819,0.017
7820,0.012
7821,-0.071
7822,-0.01
7823,0.132
7824,0.103
7825,-0.09
7826,-0.208
7827,-0.095
7828,0.046
7829,0.193
7830,0.105
7831,0.005
7832,-0.127
7833,-0.022
7834,0.278
7835,0.063
7836,-0.376
7837,-0.352
7838,-0.129
7839,-0.173
7840,-0.042
7841,0.427
7842,0.251
7843,-0.122
7844,-0.261
7845,-0.071
7846,0.063
7847,0.005
7848,-0.095
7849,-0.337
7850,-0.073
7851,0.405
7852,0.378
7853,0.156
7854,0.007
7855,0.032
7856,-0.02
7857,-0.015
7858,-0.01
7859,-0.071
7860,-0.049
7861,0.034
7862,0.002
7863,0.137
7864,0.173
7865,0.198
7866,-0.034
7867,-0.222
7868,-0.149
7869,-0.02
7870,-0.056
7871,-0.129
7872,-0.144
7873,-0.137
7874,-0.056
7875,0.042
7876,-0.007
7877,-0.093
7878,0.005
7879,-0.012
7880,-0.139
7881,-0.181
7882,-0.071
7883,-0.054
7884,0.034
7885,0.217
7886,0.107
7887,-0.083
7888,-0.039
7889,0.129
7890,0.083
7891,-0.039
7892,-0.037
7893,0.117
7894,0.134
7895,0.142
7896,0.056
7897,0.02
7898,0.068
7899,0.027
7900,-0.139
7901,-0.193
7902,-0.029
7903,-0.017
7904,-0.122
7905,-0.239
7906,-0.164
7907,-0.012
7908,-0.012
7909,-0.164
7910,-0.1
7911,0.09
7912,0.122
7913,0.037
7914,-0.061
7915,0.129
7916,0.347
7917,0.271
7918,0.132
7919,0.044
7920,0.249
7921,0.315
7922,0.122
7923,-0.293
7924,-0.447
7925,-0.105
7926,-0.105
7927,-0.178
7928,-0.09
7929,0.1
7930,0.056
7931,-0.166
7932,-0.156
7933,-0.054
7934,-0.012
7935,0.015
7936,-0.107
7937,-0.095
7938,0.173
7939,0.254
7940,0.208
7941,0.161
7942,0.195
7943,0.061
7944,-0.198
7945,-0.281
7946,-0.222
7947,-0.12
7948,0.0
7949,-0.02
7950,-0.085
7951,0.039
7952,0.125
7953,0.21
7954,0.142
7955,0.042
7956,0.081
7957,-0.017
7958,-0.02
7959,-0.012
7960,-0.146
7961,-0.012
7962,0.173
7963,0.156
7964,0.066
7965,-0.107
7966,-0.09
7967,-0.039
7968,0.066
7969,-0.068
7970,-0.205
7971,-0.105
7972,0.107
7973,0.171
7974,0.017
7975,0.107
7976,0.254
7977,0.09
7978,-0.046
7979,0.027
7980,0.105
7981,0.122
7982,0.024
7983,0.029
7984,0.171
7985,0.161
7986,-0.032
7987,-0.22
7988,-0.176
7989,0.005
7990,-0.059
7991,-0.227
7992,-0.337
7993,-0.117
7994,0.103
7995,0.015
7996,-0.1
7997,-0.176
7998,0.068
7999,0.259
8000,0.134
8001,-0.037
8002,0.127
8003,0.308
8004,0.332
8005,0.034
8006,-0.171
8007,0.056
8008,0.481
8009,-0.042
8010,-0.317
8011,-0.3
8012,-0.186
8013,-0.164
8014,-0.078
8015,0.056
8016,-0.007
8017,0.09
8018,0.012
8019,0.039
8020,0.059
8021,0.142
8022,0.095
8023,-0.088
8024,-0.061
8025,0.171
8026,0.259
8027,0.242
8028,0.107
8029,0.059
8030,-0.037
8031,-0.154
8032,-0.278
8033,-0.193
8034,-0.054
8035,-0.061
8036,-0.061
8037,0.029
8038,0.234
8039,0.312
8040,0.251
8041,0.159
8042,-0.037
8043,-0.078
8044,-0.098
8045,0.015
8046,0.012
8047,-0.049
8048,-0.093
8049,-0.029
8050,0.024
8051,-0.037
8052,-0.09
8053,-0.144
8054,-0.122
8055,-0.12
8056,-0.154
8057,-0.061
8058,0.12
8059,0.2
8060,0.161
8061,0.066
8062,0.168
8063,0.186
8064,0.054
8065,-0.056
8066,-0.042
8067,0.088
8068,0.068
8069,0.042
8070,0.022
8071,0.105
8072,0.156
8073,0.042
8074,-0.066
8075,-0.083
8076,-0.095
8077,-0.125
8078,-0.137
8079,-0.081
8080,-0.012
8081,-0.022
8082,-0.11
8083,-0.012
8084,0.164
8085,0.276
8086,0.024
8087,-0.278
8088,-0.088
8089,0.195
8090,0.176
8091,0.073
8092,-0.137
8093,0.015
8094,0.278
8095,0.325
8096,-0.002
8097,-0.356
8098,-0.43
8099,-0.073
8100,-0.034
8101,-0.024
8102,0.039
8103,0.312
8104,0.208
8105,-0.139
8106,-0.264
8107,0.09
8108,0.286
8109,-0.139
8110,-0.425
8111,-0.054
8112,0.454
8113,0.381
8114,0.015
8115,-0.073
8116,0.137
8117,0.066
8118,-0.149
8119,-0.127
8120,-0.081
8121,0.042
8122,0.01
8123,-0.071
8124,-0.017
8125,0.249
8126,0.298
8127,0.024
8128,-0.142
8129,-0.212
8130,-0.012
8131,0.103
8132,-0.068
8133,-0.273
8134,-0.198
8135,-0.015
8136,0.161
8137,0.039
8138,-0.063
8139,-0.095
8140,-0.173
8141,-0.132
8142,-0.034
8143,-0.051
8144,-0.029
8145,0.168
8146,0.146
8147,0.015
8148,0.095
8149,0.205
8150,0.076
8151,-0.09
8152,-0.139
8153,0.046
8154,0.085
8155,0.059
8156,-0.044
8157,0.02
8158,0.095
8159,0.159
8160,0.01
8161,-0.112
8162,-0.015
8163,-0.107
8164,-0.117
8165,-0.083
8166,-0.063
8167,-0.144
8168,-0.225
8169,-0.159
8170,0.066
8171,0.171
8172,0.078
8173,-0.181
8174,-0.193
8175,0.095
8176,0.139
8177,0.188
8178,0.095
8179,-0.068
8180,-0.02
8181,0.22
8182,0.186
8183,-0.032
8184,-0.391
8185,-0.312
8186,-0.31
8187,0.059
8188,0.129
8189,0.071
8190,-0.103
8191,-0.061
8192,-0.117
8193,-0.115
8194,-0.024
8195,0.066
8196,-0.291
8197,-0.146
8198,0.183
8199,0.356
8200,0.276
8201,0.159
8202,0.088
8203,0.034
8204,-0.151
8205,-0.195
8206,-0.103
8207,0.002
8208,0.125
8209,0.032
8210,0.027
8211,0.156
8212,0.063
8213,-0.027
8214,-0.066
8215,-0.117
8216,-0.164
8217,-0.161
8218,-0.042
8219,-0.012
8220,0.015
8221,0.039
8222,-0.039
8223,-0.127
8224,-0.051
8225,-0.076
8226,-0.12
8227,-0.178
8228,-0.181
8229,-0.181
8230,-0.076
8231,0.066
8232,0.107
8233,-0.024
8234,-0.007
8235,0.061
8236,0.117
8237,0.049
8238,-0.129
8239,-0.034
8240,0.073
8241,0.149
8242,0.068
8243,0.063
8244,0.063
8245,0.015
8246,-0.005
8247,0.007
8248,0.049
8249,-0.017
8250,-0.159
8251,-0.273
8252,-0.129
8253,0.01
8254,0.022
8255,-0.103
8256,-0.122
8257,0.088
8258,0.161
8259,0.037
8260,-0.034
8261,-0.117
8262,0.059
8263,0.259
8264,0.242
8265,-0.115
8266,-0.02
8267,0.237
8268,0.334
8269,-0.022
8270,-0.496
8271,-0.398
8272,-0.144
8273,0.005
8274,0.105
8275,-0.11
8276,-0.181
8277,-0.12
8278,0.071
8279,0.042
8280,-0.015
8281,-0.015
8282,-0.139
8283,0.044
8284,0.337
8285,0.256
8286,0.378
8287,0.261
8288,0.071
8289,-0.134
8290,-0.085
8291,-0.063
8292,-0.107
8293,-0.083
8294,-0.11
8295,-0.054
8296,0.037
8297,0.068
8298,0.151
8299,0.159
8300,-0.002
8301,-0.044
8302,-0.015
8303,-0.032
8304,-0.024
8305,-0.054
8306,-0.007
8307,-0.027
8308,-0.042
8309,-0.042
8310,0.0
8311,-0.059
8312,-0.168
8313,-0.212
8314,-0.112
8315,-0.154
8316,-0.225
8317,-0.088
8318,0.1
8319,0.127
8320,0.0
8321,0.044
8322,0.168
8323,0.11
8324,0.01
8325,0.125
8326,0.146
8327,0.127
8328,-0.032
8329,0.01
8330,0.093
8331,0.19
8332,0.095
8333,-0.188
8334,-0.208
8335,-0.103
8336,-0.156
8337,-0.254
8338,-0.283
8339,-0.127
8340,0.061
8341,0.02
8342,-0.042
8343,-0.054
8344,0.21
8345,0.269
8346,0.051
8347,-0.164
8348,-0.005
8349,0.347
8350,0.178
8351,0.105
8352,-0.251
8353,-0.093
8354,0.317
8355,0.098
8356,-0.339
8357,-0.374
8358,-0.203
8359,-0.286
8360,-0.212
8361,0.122
8362,0.115
8363,0.056
8364,-0.015
8365,-0.039
8366,0.076
8367,0.09
8368,-0.002
8369,-0.146
8370,0.029
8371,0.298
8372,0.342
8373,0.11
8374,0.029
8375,-0.005
8376,-0.049
8377,-0.059
8378,-0.239
8379,-0.19
8380,-0.049
8381,0.032
8382,0.002
8383,0.149
8384,0.232
8385,0.183
8386,0.046
8387,0.012
8388,-0.007
8389,0.032
8390,0.029
8391,-0.034
8392,-0.061
8393,-0.107
8394,-0.061
8395,-0.007
8396,0.039
8397,-0.078
8398,-0.149
8399,-0.19
8400,-0.154
8401,-0.046
8402,-0.029
8403,-0.02
8404,0.098
8405,0.203
8406,0.186
8407,0.151
8408,0.186
8409,0.298
8410,0.217
8411,0.059
8412,-0.044
8413,0.061
8414,0.095
8415,0.103
8416,0.112
8417,-0.007
8418,-0.037
8419,-0.027
8420,-0.059
8421,-0.098
8422,-0.095
8423,-0.164
8424,-0.171
8425,-0.12
8426,0.027
8427,0.012
8428,0.01
8429,0.068
8430,0.068
8431,0.1
8432,0.129
8433,-0.061
8434,-0.286
8435,-0.098
8436,0.288
8437,0.115
8438,-0.056
8439,-0.237
8440,0.039
8441,0.449
8442,0.2
8443,-0.383
8444,-0.364
8445,0.007
8446,0.12
8447,-0.112
8448,-0.063
8449,0.227
8450,0.264
8451,-0.034
8452,-0.139
8453,-0.024
8454,0.117
8455,-0.024
8456,-0.369
8457,-0.337
8458,0.203
8459,0.378
8460,0.203
8461,-0.049
8462,-0.054
8463,0.117
8464,0.01
8465,-0.222
8466,-0.273
8467,-0.049
8468,0.21
8469,0.12
8470,-0.068
8471,0.081
8472,0.225
8473,0.063
8474,-0.166
8475,-0.139
8476,0.054
8477,0.017
8478,-0.168
8479,-0.205
8480,-0.005
8481,0.022
8482,-0.076
8483,-0.132
8484,-0.002
8485,0.017
8486,-0.002
8487,-0.112
8488,-0.254
8489,-0.173
8490,-0.151
8491,-0.034
8492,-0.02
8493,0.093
8494,0.142
8495,-0.044
8496,-0.076
8497,-0.029
8498,-0.034
8499,0.054
8500,0.002
8501,-0.071
8502,-0.024
8503,0.073
8504,0.215
8505,0.144
8506,-0.068
8507,-0.1
8508,0.042
8509,0.029
8510,-0.076
8511,-0.066
8512,-0.156
8513,-0.19
8514,-0.032
8515,0.034
8516,-0.098
8517,-0.015
8518,0.222
8519,0.11
8520,-0.054
8521,-0.088
8522,0.146
8523,0.227
8524,0.151
8525,0.256
8526,-0.088
8527,0.125
8528,0.408
8529,0.349
8530,-0.081
8531,-0.393
8532,-0.247
8533,-0.093
8534,-0.132
8535,-0.112
8536,-0.054
8537,-0.127
8538,-0.068
8539,-0.027
8540,-0.056
8541,-0.156
8542,-0.059
8543,-0.171
8544,-0.164
8545,0.144
8546,0.317
8547,0.393
8548,0.291
8549,0.105
8550,-0.034
8551,-0.042
8552,-0.127
8553,-0.1
8554,-0.129
8555,-0.105
8556,0.015
8557,0.044
8558,0.083
8559,0.166
8560,0.076
8561,0.017
8562,-0.012
8563,0.054
8564,0.12
8565,-0.098
8566,-0.127
8567,0.083
8568,0.137
8569,0.027
8570,0.017
8571,-0.015
8572,0.051
8573,0.024
8574,-0.098
8575,-0.198
8576,-0.205
8577,-0.142
8578,-0.02
8579,0.029
8580,0.024
8581,0.088
8582,0.188
8583,0.078
8584,-0.022
8585,-0.054
8586,0.022
8587,0.137
8588,0.11
8589,0.012
8590,-0.015
8591,0.095
8592,0.19
8593,0.083
8594,-0.046
8595,-0.112
8596,-0.156
8597,-0.198
8598,-0.188
8599,-0.112
8600,-0.029
8601,-0.056
8602,-0.022
8603,-0.081
8604,-0.022
8605,0.032
8606,0.076
8607,0.125
8608,0.139
8609,0.11
8610,0.083
8611,0.127
8612,0.305
8613,0.129
8614,-0.073
8615,0.132
8616,0.374
8617,-0.095
8618,-0.488
8619,-0.562
8620,-0.5
8621,-0.159
8622,0.2
8623,0.034
8624,-0.022
8625,-0.115
8626,0.024
8627,0.032
8628,0.015
8629,-0.063
8630,-0.11
8631,0.005
8632,0.229
8633,0.237
8634,0.332
8635,0.295
8636,0.027
8637,-0.063
8638,-0.105
8639,-0.132
8640,-0.171
8641,-0.208
8642,-0.098
8643,0.012
8644,0.039
8645,0.173
8646,0.229
8647,0.232
8648,0.146
8649,0.017
8650,-0.024
8651,-0.117
8652,-0.076
8653,-0.022
8654,0.042
8655,0.027
8656,-0.015
8657,-0.01
8658,0.015
8659,-0.059
8660,-0.127
8661,-0.151
8662,-0.203
8663,-0.12
8664,-0.088
8665,0.042
8666,0.112
8667,0.161
8668,0.173
8669,0.261
8670,0.22
8671,0.071
8672,0.012
8673,0.012
8674,0.09
8675,0.1
8676,0.034
8677,0.029
8678,0.09
8679,0.12
8680,-0.007
8681,-0.171
8682,-0.103
8683,-0.122
8684,-0.273
8685,-0.239
8686,-0.129
8687,-0.066
8688,-0.054
8689,0.029
8690,-0.002
8691,0.049
8692,0.071
8693,0.134
8694,0.039
8695,-0.132
8696,0.005
8697,0.31
8698,0.176
8699,-0.012
8700,-0.085
8701,0.078
8702,0.266
8703,0.234
8704,-0.356
8705,-0.586
8706,-0.237
8707,-0.144
8708,-0.046
8709,0.034
8710,0.139
8711,0.022
8712,-0.093
8713,-0.063
8714,-0.007
8715,0.085
8716,-0.059
8717,-0.303
8718,-0.22
8719,0.276
8720,0.452
8721,0.176
8722,-0.032
8723,0.01
8724,0.051
8725,-0.117
8726,-0.259
8727,-0.254
8728,-0.076
8729,-0.017
8730,0.022
8731,0.105
8732,0.244
8733,0.344
8734,0.208
8735,-0.063
8736,-0.034
8737,0.078
8738,-0.012
8739,-0.225
8740,-0.176
8741,0.049
8742,0.11
8743,-0.027
8744,-0.11
8745,-0.166
8746,-0.125
8747,-0.054
8748,-0.137
8749,-0.203
8750,-0.205
8751,-0.061
8752,0.144
8753,0.181
8754,0.061
8755,0.134
8756,0.261
8757,0.134
8758,-0.073
8759,-0.076
8760,0.115
8761,0.164
8762,0.024
8763,-0.083
8764,0.051
8765,0.203
8766,0.134
8767,-0.076
8768,-0.081
8769,-0.059
8770,-0.107
8771,-0.112
8772,-0.09
8773,-0.034
8774,0.007
8775,-0.081
8776,-0.161
8777,-0.088
8778,0.032
8779,0.063
8780,-0.032
8781,-0.151
8782,-0.256
8783,-0.059
8784,0.21
8785,0.164
8786,0.029
8787,-0.061
8788,0.217
8789,0.3
8790,0.129
8791,-0.171
8792,-0.256
8793,-0.039
8794,-0.022
8795,-0.015
8796,-0.039
8797,-0.066
8798,0.103
8799,-0.024
8800,-0.225
8801,-0.222
8802,0.051
8803,0.12
8804,-0.208
8805,-0.176
8806,0.168
8807,0.488
8808,0.374
8809,-0.005
8810,-0.083
8811,0.054
8812,0.076
8813,-0.09
8814,-0.256
8815,-0.081
8816,0.095
8817,-0.005
8818,-0.085
8819,0.037
8820,0.176
8821,0.076
8822,-0.139
8823,-0.283
8824,-0.178
8825,0.049
8826,0.027
8827,-0.112
8828,-0.171
8829,-0.015
8830,0.078
8831,0.024
8832,-0.134
8833,-0.117
8834,-0.12
8835,-0.085
8836,-0.144
8837,-0.142
8838,-0.022
8839,0.076
8840,0.029
8841,-0.105
8842,-0.029
8843,0.09
8844,0.076
8845,-0.073
8846,-0.125
8847,-0.085
8848,0.015
8849,0.076
8850,0.054
8851,0.046
8852,0.051
8853,0.027
8854,0.0
8855,-0.085
8856,-0.1
8857,-0.066
8858,-0.12
8859,-0.137
8860,-0.017
8861,-0.007
8862,-0.112
8863,-0.186
8864,-0.156
8865,0.002
8866,0.056
8867,0.007
8868,-0.078
8869,0.012
8870,-0.066
8871,0.132
8872,0.286
8873,0.212
8874,-0.042
8875,0.005
8876,0.154
8877,0.295
8878,-0.063
8879,-0.334
8880,-0.291
8881,-0.193
8882,-0.09
8883,-0.012
8884,-0.059
8885,-0.125
8886,-0.12
8887,-0.1
8888,-0.168
8889,-0.049
8890,0.042
8891,-0.078
8892,-0.071
8893,0.137
8894,0.305
8895,0.232
8896,0.173
8897,0.107
8898,-0.02
8899,-0.208
8900,-0.142
8901,-0.066
8902,-0.09
8903,-0.122
8904,-0.107
8905,-0.083
8906,-0.017
8907,0.159
8908,0.105
8909,0.098
8910,-0.01
8911,-0.093
8912,-0.063
8913,0.01
8914,0.002
8915,-0.083
8916,-0.12
8917,0.095
8918,0.088
8919,-0.105
8920,-0.164
8921,-0.093
8922,-0.017
8923,-0.229
8924,-0.364
8925,-0.249
8926,-0.024
8927,0.024
8928,0.037
8929,-0.044
8930,0.037
8931,0.117
8932,0.154
8933,-0.002
8934,-0.051
8935,0.037
8936,0.122
8937,0.029
8938,-0.034
8939,0.012
8940,0.046
8941,0.029
8942,-0.078
8943,-0.088
8944,-0.081
8945,-0.115
8946,-0.249
8947,-0.308
8948,-0.066
8949,0.061
8950,-0.115
8951,-0.151
8952,-0.083
8953,0.095
8954,0.259
8955,0.115
8956,-0.098
8957,-0.225
8958,0.056
8959,0.325
8960,0.125
8961,-0.049
8962,-0.059
8963,0.244
8964,0.337
8965,-0.01
8966,-0.325
8967,-0.378
8968,-0.291
8969,-0.212
8970,-0.164
8971,0.151
8972,0.142
8973,0.029
8974,-0.085
8975,0.032
8976,0.12
8977,0.063
8978,-0.107
8979,-0.183
8980,-0.081
8981,0.286
8982,0.281
8983,0.103
8984,-0.056
8985,-0.068
8986,-0.085
8987,-0.095
8988,-0.076
8989,-0.076
8990,-0.002
8991,-0.049
8992,0.005
8993,0.098
8994,0.186
8995,0.168
8996,-0.007
8997,-0.073
8998,-0.037
8999,0.022
9000,-0.034
9001,-0.188
9002,-0.215
9003,-0.039
9004,-0.02
9005,-0.037
9006,-0.066
9007,-0.088
9008,-0.171
9009,-0.093
9010,0.015
9011,-0.044
9012,-0.115
9013,-0.056
9014,0.2
9015,0.232
9016,0.11
9017,0.022
9018,0.176
9019,0.239
9020,0.127
9021,-0.042
9022,-0.012
9023,0.073
9024,0.046
9025,0.037
9026,-0.015
9027,0.063
9028,0.063
9029,0.044
9030,-0.115
9031,-0.107
9032,-0.112
9033,-0.105
9034,-0.061
9035,0.056
9036,0.024
9037,0.024
9038,0.027
9039,-0.032
9040,0.042
9041,0.149
9042,0.195
9043,-0.034
9044,-0.208
9045,-0.01
9046,0.364
9047,0.269
9048,0.02
9049,-0.288
9050,0.105
9051,0.278
9052,0.107
9053,-0.21
9054,-0.315
9055,-0.037
9056,-0.1
9057,-0.083
9058,0.217
9059,0.178
9060,0.105
9061,-0.059
9062,-0.034
9063,-0.015
9064,-0.002
9065,-0.122
9066,-0.339
9067,-0.129
9068,0.376
9069,0.305
9070,0.105
9071,0.081
9072,0.127
9073,0.024
9074,-0.166
9075,-0.181
9076,-0.073
9077,0.034
9078,0.117
9079,0.078
9080,0.081
9081,0.229
9082,0.21
9083,-0.002
9084,-0.078
9085,-0.012
9086,-0.027
9087,-0.073
9088,-0.081
9089,-0.017
9090,0.042
9091,-0.005
9092,-0.115
9093,-0.022
9094,0.02
9095,-0.083
9096,-0.017
9097,0.02
9098,0.022
9099,-0.039
9100,0.049
9101,0.156
9102,0.237
9103,0.161
9104,0.142
9105,0.12
9106,0.088
9107,0.012
9108,-0.115
9109,-0.029
9110,-0.005
9111,-0.02
9112,0.012
9113,0.017
9114,0.005
9115,0.059
9116,0.032
9117,-0.034
9118,0.007
9119,0.037
9120,-0.049
9121,-0.178
9122,-0.166
9123,-0.015
9124,0.027
9125,-0.071
9126,-0.149
9127,-0.049
9128,0.071
9129,0.066
9130,-0.015
9131,-0.166
9132,0.144
9133,0.261
9134,0.283
9135,0.22
9136,0.044
9137,0.159
9138,0.359
9139,0.161
9140,0.078
9141,-0.261
9142,-0.063
9143,-0.19
9144,-0.049
9145,0.085
9146,0.029
9147,-0.027
9148,-0.032
9149,-0.2
9150,-0.171
9151,-0.073
9152,-0.054
9153,-0.205
9154,0.046
9155,0.247
9156,0.251
9157,0.3
9158,0.222
9159,0.093
9160,0.049
9161,-0.017
9162,-0.129
9163,-0.125
9164,-0.002
9165,0.103
9166,0.029
9167,0.044
9168,0.146
9169,0.193
9170,0.076
9171,0.027
9172,-0.051
9173,-0.063
9174,-0.049
9175,-0.071
9176,-0.105
9177,-0.085
9178,0.02
9179,0.073
9180,0.024
9181,-0.056
9182,-0.049
9183,-0.107
9184,-0.115
9185,-0.09
9186,-0.103
9187,-0.105
9188,-0.032
9189,-0.015
9190,-0.046
9191,-0.051
9192,0.039
9193,0.098
9194,-0.015
9195,-0.061
9196,0.012
9197,0.107
9198,0.078
9199,0.066
9200,0.127
9201,0.137
9202,0.073
9203,0.083
9204,-0.005
9205,-0.093
9206,-0.066
9207,-0.168
9208,-0.205
9209,-0.156
9210,-0.078
9211,-0.083
9212,-0.073
9213,-0.078
9214,0.005
9215,0.156
9216,0.173
9217,-0.017
9218,-0.095
9219,-0.127
9220,0.244
9221,0.393
9222,0.256
9223,-0.078
9224,-0.039
9225,0.154
9226,0.298
9227,0.01
9228,-0.469
9229,-0.415
9230,-0.232
9231,-0.122
9232,-0.093
9233,-0.042
9234,0.044
9235,-0.022
9236,-0.037
9237,-0.073
9238,0.017
9239,0.063
9240,-0.02
9241,-0.166
9242,-0.073
9243,0.361
9244,0.505
9245,0.288
9246,0.017
9247,-0.139
9248,0.0
9249,-0.012
9250,-0.239
9251,-0.205
9252,-0.044
9253,0.017
9254,0.071
9255,0.107
9256,0.129
9257,0.095
9258,0.132
9259,0.027
9260,-0.093
9261,-0.027
9262,0.015
9263,-0.01
9264,-0.029
9265,0.042
9266,0.125
9267,0.032
9268,-0.027
9269,-0.166
9270,-0.203
9271,-0.112
9272,-0.132
9273,-0.2
9274,-0.239
9275,-0.117
9276,0.056
9277,0.222
9278,0.161
9279,0.024
9280,0.095
9281,0.151
9282,0.073
9283,0.01
9284,0.024
9285,0.173
9286,0.159
9287,-0.032
9288,-0.083
9289,0.044
9290,0.107
9291,0.005
9292,-0.225
9293,-0.298
9294,-0.183
9295,-0.1
9296,-0.105
9297,-0.137
9298,-0.059
9299,-0.022
9300,-0.022
9301,-0.051
9302,0.024
9303,0.154
9304,0.095
9305,-0.137
9306,-0.088
9307,0.159
9308,0.237
9309,0.129
9310,-0.132
9311,0.037
9312,0.259
9313,0.3
9314,-0.034
9315,-0.437
9316,-0.535
9317,-0.208
9318,0.049
9319,0.042
9320,-0.042
9321,0.063
9322,0.046
9323,0.01
9324,0.027
9325,-0.107
9326,0.029
9327,-0.037
9328,-0.105
9329,0.076
9330,0.322
9331,0.269
9332,0.044
9333,-0.015
9334,0.039
9335,-0.083
9336,0.039
9337,0.12
9338,0.02
9339,-0.127
9340,-0.12
9341,0.095
9342,0.159
9343,0.171
9344,0.134
9345,-0.061
9346,-0.078
9347,-0.007
9348,-0.117
9349,-0.188
9350,-0.229
9351,0.0
9352,0.181
9353,-0.066
9354,-0.293
9355,-0.286
9356,-0.027
9357,0.139
9358,-0.005
9359,-0.159
9360,-0.269
9361,0.007
9362,0.222
9363,0.208
9364,0.024
9365,-0.01
9366,0.1
9367,0.22
9368,0.112
9369,0.017
9370,-0.012
9371,0.081
9372,0.059
9373,-0.081
9374,-0.039
9375,0.139
9376,0.159
9377,-0.12
9378,-0.234
9379,-0.049
9380,0.103
9381,-0.061
9382,-0.188
9383,-0.137
9384,-0.029
9385,0.012
9386,-0.012
9387,-0.056
9388,-0.063
9389,-0.061
9390,0.115
9391,0.081
9392,-0.171
9393,-0.059
9394,0.137
9395,0.315
9396,0.071
9397,0.034
9398,0.142
9399,0.176
9400,-0.022
9401,0.0
9402,-0.342
9403,-0.134
9404,-0.283
9405,-0.02
9406,0.098
9407,0.051
9408,-0.132
9409,-0.125
9410,-0.027
9411,-0.044
9412,-0.054
9413,-0.088
9414,-0.173
9415,-0.085
9416,0.212
9417,0.288
9418,0.203
9419,0.11
9420,0.012
9421,-0.005
9422,-0.029
9423,-0.054
9424,0.024
9425,-0.01
9426,0.029
9427,-0.015
9428,0.186
9429,0.308
9430,0.142
9431,-0.051
9432,-0.208
9433,-0.056
9434,0.09
9435,0.046
9436,-0.051
9437,-0.061
9438,0.01
9439,0.088
9440,0.051
9441,-0.078
9442,-0.066
9443,-0.046
9444,-0.015
9445,-0.11
9446,-0.103
9447,-0.044
9448,0.015
9449,0.081
9450,0.034
9451,-0.022
9452,-0.027
9453,0.103
9454,0.095
9455,-0.085
9456,-0.139
9457,0.046
9458,0.093
9459,-0.044
9460,-0.076
9461,0.1
9462,0.239
9463,0.044
9464,0.01
9465,-0.051
9466,0.051
9467,0.046
9468,-0.042
9469,-0.161
9470,-0.144
9471,-0.032
9472,-0.017
9473,-0.115
9474,-0.183
9475,-0.088
9476,0.134
9477,0.054
9478,-0.198
9479,-0.22
9480,0.105
9481,0.295
9482,0.166
9483,-0.073
9484,0.146
9485,0.31
9486,0.303
9487,0.051
9488,-0.244
9489,-0.376
9490,-0.149
9491,-0.002
9492,-0.117
9493,-0.049
9494,0.151
9495,0.115
9496,-0.188
9497,-0.208
9498,0.02
9499,0.093
9500,-0.029
9501,-0.171
9502,-0.027
9503,0.322
9504,0.383
9505,0.186
9506,0.002
9507,0.046
9508,0.095
9509,-0.015
9510,-0.134
9511,-0.161
9512,-0.129
9513,-0.066
9514,-0.154
9515,-0.164
9516,0.056
9517,0.083
9518,0.059
9519,-0.054
9520,-0.005
9521,0.076
9522,-0.017
9523,-0.173
9524,-0.112
9525,-0.049
9526,-0.017
9527,0.034
9528,0.076
9529,0.056
9530,-0.139
9531,-0.176
9532,-0.181
9533,-0.146
9534,-0.117
9535,-0.051
9536,-0.015
9537,0.059
9538,0.022
9539,0.015
9540,0.107
9541,0.129
9542,0.015
9543,-0.1
9544,-0.017
9545,0.049
9546,0.039
9547,0.063
9548,0.186
9549,0.222
9550,0.027
9551,-0.049
9552,-0.034
9553,-0.105
9554,-0.151
9555,-0.195
9556,-0.317
9557,-0.208
9558,-0.078
9559,-0.044
9560,-0.073
9561,-0.015
9562,0.137
9563,0.2
9564,0.059
9565,-0.02
9566,-0.122
9567,0.142
9568,0.427
9569,0.298
9570,-0.1
9571,-0.103
9572,0.137
9573,0.432
9574,0.09
9575,-0.42
9576,-0.496
9577,-0.229
9578,-0.149
9579,-0.12
9580,-0.032
9581,0.02
9582,-0.083
9583,-0.029
9584,0.01
9585,0.078
9586,0.078
9587,-0.042
9588,-0.078
9589,-0.071
9590,0.242
9591,0.283
9592,0.183
9593,0.188
9594,-0.044
9595,-0.042
9596,-0.059
9597,-0.186
9598,-0.159
9599,-0.154
9600,-0.137
9601,-0.066
9602,0.037
9603,0.186
9604,0.088
9605,0.073
9606,0.015
9607,0.02
9608,-0.015
9609,-0.054
9610,-0.105
9611,-0.083
9612,-0.005
9613,0.022
9614,0.015
9615,-0.005
9616,-0.137
9617,-0.21
9618,-0.149
9619,-0.098
9620,-0.129
9621,-0.19
9622,-0.105
9623,0.1
9624,0.105
9625,0.061
9626,0.117
9627,0.269
9628,0.173
9629,0.02
9630,-0.049
9631,0.151
9632,0.137
9633,-0.012
9634,-0.024
9635,0.024
9636,0.12
9637,0.01
9638,-0.198
9639,-0.183
9640,-0.078
9641,-0.042
9642,-0.195
9643,-0.168
9644,-0.056
9645,0.017
9646,-0.056
9647,-0.054
9648,-0.01
9649,0.198
9650,0.217
9651,0.073
9652,-0.166
9653,0.017
9654,0.071
9655,0.115
9656,0.017
9657,-0.017
9658,0.056
9659,0.195
9660,0.007
9661,-0.107
9662,-0.479
9663,-0.408
9664,-0.251
9665,-0.044
9666,0.09
9667,0.166
9668,0.095
9669,0.059
9670,0.076
9671,0.015
9672,0.024
9673,-0.039
9674,-0.178
9675,-0.107
9676,0.193
9677,0.2
9678,0.244
9679,0.183
9680,-0.083
9681,-0.12
9682,-0.168
9683,-0.208
9684,-0.193
9685,-0.159
9686,0.02
9687,0.049
9688,0.129
9689,0.317
9690,0.269
9691,0.127
9692,0.046
9693,0.0
9694,-0.071
9695,-0.178
9696,-0.149
9697,-0.181
9698,-0.139
9699,-0.022
9700,-0.054
9701,-0.151
9702,-0.178
9703,-0.19
9704,-0.129
9705,-0.188
9706,-0.168
9707,-0.049
9708,0.015
9709,0.142
9710,0.164
9711,0.056
9712,0.034
9713,0.151
9714,0.134
9715,0.063
9716,-0.027
9717,-0.076
9718,-0.024
9719,0.11
9720,0.139
9721,0.032
9722,0.01
9723,0.063
9724,0.068
9725,-0.027
9726,-0.09
9727,-0.125
9728,-0.19
9729,-0.171
9730,0.015
9731,0.017
9732,-0.01
9733,0.049
9734,-0.012
9735,-0.015
9736,0.107
9737,0.093
9738,-0.01
9739,-0.237
9740,0.027
9741,0.208
9742,0.237
9743,0.098
9744,0.095
9745,-0.034
9746,0.085
9747,0.247
9748,-0.09
9749,-0.449
9750,-0.239
9751,-0.037
9752,0.09
9753,0.012
9754,-0.017
9755,0.049
9756,-0.017
9757,-0.171
9758,-0.139
9759,-0.178
9760,-0.132
9761,-0.137
9762,-0.044
9763,0.2
9764,0.2
9765,0.266
9766,0.237
9767,0.278
9768,0.037
9769,-0.007
9770,-0.193
9771,-0.264
9772,-0.044
9773,0.012
9774,-0.027
9775,0.039
9776,0.164
9777,0.164
9778,0.078
9779,-0.088
9780,-0.078
9781,-0.024
9782,-0.105
9783,-0.298
9784,-0.103
9785,0.063
9786,0.132
9787,0.071
9788,0.1
9789,0.007
9790,-0.103
9791,-0.2
9792,-0.3
9793,-0.103
9794,-0.034
9795,-0.11
9796,-0.12
9797,-0.039
9798,0.007
9799,0.151
9800,0.144
9801,0.039
9802,-0.12
9803,-0.02
9804,0.093
9805,0.247
9806,0.125
9807,0.0
9808,0.032
9809,0.229
9810,0.173
9811,-0.032
9812,-0.085
9813,-0.022
9814,-0.054
9815,-0.21
9816,-0.212
9817,-0.095
9818,-0.061
9819,0.054
9820,-0.037
9821,-0.051
9822,0.049
9823,0.181
9824,0.081
9825,-0.198
9826,0.012
9827,0.437
9828,0.3
9829,0.168
9830,-0.1
9831,0.305
9832,0.623
9833,0.359
9834,-0.293
9835,-0.498
9836,-0.164
9837,0.024
9838,0.0
9839,-0.168
9840,0.034
9841,0.137
9842,-0.032
9843,-0.068
9844,0.034
9845,0.188
9846,-0.051
9847,-0.234
9848,-0.005
9849,0.229
9850,0.3
9851,0.312
9852,0.029
9853,0.015
9854,-0.054
9855,-0.127
9856,-0.012
9857,0.161
9858,-0.088
9859,-0.386
9860,-0.181
9861,0.151
9862,0.352
9863,0.134
9864,0.005
9865,0.007
9866,0.146
9867,0.134
9868,-0.01
9869,-0.024
9870,0.032
9871,0.09
9872,0.061
9873,-0.017
9874,-0.085
9875,-0.095
9876,-0.061
9877,-0.037
9878,-0.049
9879,-0.103
9880,-0.122
9881,-0.005
9882,0.046
9883,0.095
9884,0.085
9885,0.159
9886,0.149
9887,0.071
9888,0.12
9889,0.205
9890,0.215
9891,0.078
9892,-0.005
9893,0.015
9894,0.21
9895,0.193
9896,0.024
9897,-0.002
9898,-0.02
9899,-0.044
9900,-0.022
9901,-0.127
9902,-0.159
9903,-0.068
9904,0.007
9905,-0.029
9906,-0.115
9907,0.076
9908,0.264
9909,0.178
9910,0.02
9911,-0.186
9912,0.095
9913,0.403
9914,0.276
9915,-0.168
9916,-0.044
9917,0.237
9918,0.432
9919,0.029
9920,-0.369
9921,-0.391
9922,-0.146
9923,0.01
9924,0.063
9925,0.022
9926,-0.049
9927,-0.09
9928,-0.054
9929,-0.068
9930,0.088
9931,0.103
9932,-0.081
9933,-0.09
9934,0.183
9935,0.41
9936,0.4
9937,0.146
9938,0.017
9939,-0.007
9940,0.012
9941,-0.186
9942,-0.286
9943,-0.334
9944,0.049
9945,0.156
9946,-0.054
9947,-0.027
9948,0.122
9949,0.125
9950,0.1
9951,0.027
9952,0.225
9953,0.146
9954,-0.09
9955,-0.195
9956,0.02
9957,0.22
9958,0.183
9959,-0.061
9960,-0.217
9961,-0.139
9962,-0.002
9963,-0.122
9964,-0.19
9965,-0.127
9966,-0.112
9967,-0.046
9968,-0.071
9969,-0.034
9970,0.103
9971,0.195
9972,0.139
9973,0.054
9974,-0.002
9975,0.105
9976,0.164
9977,0.129
9978,-0.01
9979,0.066
9980,0.186
9981,0.125
9982,-0.073
9983,-0.188
9984,-0.09
9985,-0.093
9986,-0.127
9987,-0.173
9988,-0.166
9989,-0.112
9990,-0.068
9991,-0.049
9992,0.061
9993,0.105
9994,0.098
9995,0.071
9996,0.012
9997,0.017
9998,-0.081
9999,0.032
10000,0.181
10001,0.154
10002,-0.01
10003,-0.2
10004,0.042
10005,0.396
10006,-0.002
10007,-0.527
10008,-0.471
10009,-0.32
10010,-0.093
10011,0.205
10012,0.076
10013,-0.178
10014,-0.042
10015,0.005
10016,0.117
10017,0.02
10018,-0.129
10019,-0.205
10020,0.01
10021,0.251
10022,0.334
10023,0.305
10024,0.239
10025,-0.076
10026,-0.12
10027,-0.12
10028,-0.159
10029,-0.112
10030,-0.188
10031,-0.1
10032,0.12
10033,0.144
10034,0.154
10035,0.037
10036,0.022
10037,-0.107
10038,-0.103
10039,-0.049
10040,-0.01
10041,-0.071
10042,-0.129
10043,-0.142
10044,-0.125
10045,-0.132
10046,-0.149
10047,-0.12
10048,-0.132
10049,-0.105
10050,-0.156
10051,-0.247
10052,-0.107
10053,-0.005
10054,0.034
10055,0.027
10056,-0.012
10057,0.0
10058,0.107
10059,0.171
10060,0.024
10061,-0.022
10062,0.007
10063,0.054
10064,-0.012
10065,-0.022
10066,-0.024
10067,-0.032
10068,-0.015
10069,-0.032
10070,-0.098
10071,-0.168
10072,-0.137
10073,-0.085
10074,-0.193
10075,-0.149
10076,-0.095
10077,-0.088
10078,-0.059
10079,-0.19
10080,-0.168
10081,-0.012
10082,0.098
10083,-0.098
10084,-0.334
10085,0.01
10086,0.254
10087,0.164
10088,0.027
10089,-0.078
10090,0.105
10091,0.085
10092,0.046
10093,-0.1
10094,-0.366
10095,-0.374
10096,-0.081
10097,-0.076
10098,-0.049
10099,0.054
10100,-0.059
10101,-0.168
10102,-0.225
10103,-0.146
10104,0.046
10105,0.02
10106,-0.19
10107,-0.198
10108,0.186
10109,0.461
10110,0.203
10111,0.037
10112,0.093
10113,0.171
10114,-0.037
10115,-0.264
10116,-0.239
10117,-0.061
10118,-0.098
10119,-0.181
10120,-0.137
10121,0.059
10122,0.159
10123,0.02
10124,-0.085
10125,-0.088
10126,-0.066
10127,-0.076
10128,-0.117
10129,-0.103
10130,-0.007
10131,0.027
10132,-0.068
10133,-0.078
10134,0.088
10135,0.09
10136,0.063
10137,-0.21
10138,-0.247
10139,-0.171
10140,-0.117
10141,-0.127
10142,-0.056
10143,0.088
10144,0.076
10145,0.154
10146,0.1
10147,-0.049
10148,-0.029
10149,0.11
10150,0.137
10151,0.039
10152,0.012
10153,0.1
10154,0.151
10155,0.105
10156,0.015
10157,-0.122
10158,-0.137
10159,-0.1
10160,-0.269
10161,-0.322
10162,-0.195
10163,-0.093
10164,-0.066
10165,-0.107
10166,-0.044
10167,0.015
10168,0.095
10169,0.1
10170,-0.034
10171,-0.171
10172,-0.051
10173,0.261
10174,0.208
10175,0.144
10176,-0.007
10177,0.068
10178,0.361
10179,0.312
10180,-0.212
10181,-0.681
10182,-0.308
10183,-0.117
10184,-0.027
10185,-0.1
10186,0.005
10187,0.12
10188,0.093
10189,0.034
10190,0.073
10191,0.12
10192,-0.076
10193,-0.212
10194,-0.066
10195,0.203
10196,0.449
10197,0.339
10198,0.09
10199,0.039
10200,0.056
10201,0.032
10202,-0.22
10203,-0.251
10204,-0.171
10205,-0.063
10206,-0.117
10207,-0.095
10208,0.229
10209,0.391
10210,0.22
10211,-0.034
10212,-0.076
10213,-0.01
10214,0.005
10215,-0.217
10216,-0.244
10217,-0.076
10218,0.093
10219,0.002
10220,-0.149
10221,-0.161
10222,0.054
10223,0.081
10224,-0.132
10225,-0.305
10226,-0.21
10227,0.002
10228,0.029
10229,-0.029
10230,0.051
10231,0.181
10232,0.22
10233,0.144
10234,0.049
10235,0.093
10236,0.107
10237,0.059
10238,-0.027
10239,-0.015
10240,0.029
10241,0.059
10242,0.024
10243,-0.144
10244,-0.063
10245,-0.012
10246,-0.098
10247,-0.203
10248,-0.144
10249,-0.088
10250,-0.01
10251,-0.059
10252,0.017
10253,0.073
10254,0.042
10255,0.161
10256,0.168
10257,0.066
10258,-0.107
10259,0.1
10260,0.183
10261,0.271
10262,0.095
10263,-0.002
10264,0.085
10265,0.317
10266,0.161
10267,-0.173
10268,-0.469
10269,-0.391
10270,-0.227
10271,0.061
10272,0.308
10273,0.144
10274,-0.029
10275,-0.093
10276,0.125
10277,0.229
10278,0.125
10279,0.044
10280,-0.112
10281,-0.061
10282,0.125
10283,0.334
10284,0.344
10285,0.176
10286,-0.149
10287,-0.171
10288,-0.078
10289,-0.103
10290,-0.127
10291,-0.212
10292,-0.063
10293,0.217
10294,0.149
10295,0.161
10296,0.288
10297,0.144
10298,0.088
10299,-0.09
10300,-0.076
10301,-0.01
10302,0.012
10303,-0.103
10304,-0.154
10305,-0.112
10306,0.017
10307,0.007
10308,-0.151
10309,-0.239
10310,-0.166
10311,-0.037
10312,-0.078
10313,-0.081
10314,0.002
10315,0.181
10316,0.208
10317,0.212
10318,0.098
10319,0.12
10320,0.186
10321,0.178
10322,0.005
10323,0.039
10324,0.117
10325,0.015
10326,-0.015
10327,0.032
10328,0.107
10329,0.059
10330,0.056
10331,-0.042
10332,-0.164
10333,-0.168
10334,-0.032
10335,-0.02
10336,-0.007
10337,-0.027
10338,0.034
10339,0.093
10340,0.032
10341,0.015
10342,-0.01
10343,-0.039
10344,-0.027
10345,-0.007
10346,0.032
10347,0.232
10348,0.173
10349,-0.051
10350,0.039
10351,0.205
10352,0.352
10353,0.117
10354,-0.166
10355,-0.303
10356,-0.117
10357,-0.254
10358,-0.068
10359,0.325
10360,0.078
10361,-0.129
10362,-0.105
10363,0.059
10364,0.122
10365,-0.078
10366,-0.195
10367,-0.232
10368,-0.12
10369,0.251
10370,0.269
10371,0.168
10372,0.159
10373,0.071
10374,-0.054
10375,-0.139
10376,-0.09
10377,0.032
10378,-0.063
10379,-0.09
10380,0.037
10381,0.142
10382,0.21
10383,0.139
10384,0.015
10385,-0.037
10386,-0.076
10387,-0.154
10388,-0.229
10389,-0.134
10390,-0.002
10391,-0.027
10392,-0.027
10393,0.029
10394,0.029
10395,0.039
10396,-0.049
10397,-0.1
10398,-0.181
10399,-0.083
10400,-0.022
10401,0.007
10402,0.012
10403,0.078
10404,0.068
10405,0.054
10406,0.078
10407,0.066
10408,-0.037
10409,0.022
10410,0.073
10411,0.049
10412,0.005
10413,0.076
10414,0.151
10415,0.171
10416,0.112
10417,0.061
10418,0.103
10419,0.027
10420,-0.09
10421,-0.203
10422,-0.1
10423,0.0
10424,-0.107
10425,-0.181
10426,-0.142
10427,-0.024
10428,0.088
10429,0.061
10430,-0.049
10431,-0.122
10432,-0.083
10433,0.161
10434,0.249
10435,0.137
10436,-0.068
10437,0.222
10438,0.295
10439,0.4
10440,0.193
10441,-0.154
10442,-0.405
10443,-0.298
10444,-0.264
10445,0.056
10446,0.317
10447,0.054
10448,-0.159
10449,-0.166
10450,0.078
10451,0.278
10452,0.061
10453,-0.149
10454,-0.134
10455,0.181
10456,0.339
10457,0.276
10458,0.154
10459,0.088
10460,0.12
10461,0.066
10462,-0.247
10463,-0.171
10464,-0.042
10465,-0.029
10466,-0.076
10467,-0.024
10468,0.059
10469,0.095
10470,0.071
10471,-0.002
10472,0.081
10473,0.098
10474,0.071
10475,-0.1
10476,-0.159
10477,-0.032
10478,0.115
10479,-0.032
10480,-0.146
10481,-0.039
10482,0.032
10483,0.049
10484,-0.139
10485,-0.173
10486,-0.093
10487,-0.186
10488,-0.122
10489,0.105
10490,0.022
10491,-0.034
10492,0.027
10493,0.195
10494,0.176
10495,0.137
10496,0.046
10497,-0.105
10498,-0.005
10499,0.002
10500,0.105
10501,0.095
10502,-0.049
10503,-0.156
10504,-0.071
10505,0.085
10506,-0.01
10507,-0.259
10508,-0.31
10509,-0.068
10510,0.122
10511,0.002
10512,-0.21
10513,-0.176
10514,0.088
10515,0.254
10516,0.125
10517,-0.063
10518,-0.073
10519,0.144
10520,0.159
10521,0.115
10522,0.017
10523,-0.051
10524,0.125
10525,0.447
10526,0.115
10527,-0.261
10528,-0.332
10529,-0.103
10530,-0.171
10531,-0.288
10532,0.044
10533,0.042
10534,-0.059
10535,-0.022
10536,-0.017
10537,0.007
10538,0.12
10539,-0.017
10540,-0.269
10541,-0.237
10542,0.032
10543,0.327
10544,0.266
10545,0.178
10546,-0.059
10547,-0.105
10548,-0.125
10549,-0.154
10550,-0.178
10551,-0.178
10552,-0.134
10553,0.005
10554,0.173
10555,0.127
10556,0.127
10557,0.073
10558,0.051
10559,0.039
10560,0.107
10561,-0.11
10562,-0.146
10563,-0.088
10564,0.059
10565,0.01
10566,-0.063
10567,-0.037
10568,-0.037
10569,-0.156
10570,-0.173
10571,-0.159
10572,-0.164
10573,-0.073
10574,-0.029
10575,0.007
10576,0.076
10577,0.161
10578,0.144
10579,0.171
10580,0.115
10581,0.081
10582,0.076
10583,-0.066
10584,-0.002
10585,0.063
10586,0.215
10587,0.046
10588,-0.049
10589,0.005
10590,0.093
10591,-0.044
10592,-0.144
10593,-0.222
10594,-0.198
10595,-0.127
10596,-0.061
10597,-0.061
10598,-0.044
10599,0.083
10600,-0.022
10601,-0.046
10602,0.09
10603,0.203
10604,0.107
10605,-0.234
10606,-0.034
10607,0.212
10608,0.247
10609,0.132
10610,-0.085
10611,0.027
10612,0.234
10613,-0.105
10614,-0.12
10615,-0.525
10616,-0.386
10617,-0.247
10618,0.049
10619,0.229
10620,0.173
10621,0.037
10622,-0.105
10623,0.024
10624,0.125
10625,-0.042
10626,-0.161
10627,-0.227
10628,-0.017
10629,0.232
10630,0.227
10631,0.249
10632,0.103
10633,-0.037
10634,-0.073
10635,-0.098
10636,-0.1
10637,-0.198
10638,-0.002
10639,0.154
10640,0.054
10641,0.071
10642,0.225
10643,0.168
10644,0.049
10645,-0.007
10646,0.017
10647,-0.105
10648,-0.239
10649,-0.2
10650,-0.049
10651,0.037
10652,-0.015
10653,-0.154
10654,-0.083
10655,-0.054
10656,-0.066
10657,-0.115
10658,-0.083
10659,0.01
10660,-0.02
10661,-0.037
10662,0.024
10663,0.19
10664,0.22
10665,0.137
10666,0.039
10667,0.083
10668,0.054
10669,-0.037
10670,0.046
10671,0.024
10672,-0.02
10673,0.088
10674,0.178
10675,0.049
10676,0.042
10677,-0.054
10678,-0.02
10679,-0.027
10680,-0.068
10681,-0.122
10682,-0.178
10683,-0.142
10684,-0.081
10685,-0.007
10686,-0.085
10687,-0.105
10688,-0.007
10689,0.1
10690,0.0
10691,-0.002
10692,-0.173
10693,-0.054
10694,0.261
10695,0.242
10696,0.01
10697,-0.12
10698,0.208
10699,0.398
10700,0.088
10701,-0.342
10702,-0.396
10703,-0.017
10704,-0.046
10705,-0.122
10706,0.11
10707,0.095
10708,0.029
10709,-0.046
10710,-0.022
10711,-0.059
10712,-0.083
10713,0.0
10714,-0.054
10715,0.002
10716,0.159
10717,0.325
10718,0.139
10719,0.085
10720,0.071
10721,-0.02
10722,-0.127
10723,-0.032
10724,-0.127
10725,-0.081
10726,0.085
10727,0.0
10728,0.1
10729,0.046
10730,0.049
10731,0.039
10732,0.017
10733,-0.105
10734,-0.063
10735,-0.112
10736,-0.146
10737,-0.076
10738,-0.039
10739,0.056
10740,0.107
10741,0.085
10742,-0.037
10743,-0.115
10744,-0.105
10745,-0.049
10746,-0.022
10747,-0.1
10748,-0.227
10749,-0.134
10750,0.134
10751,0.112
10752,0.024
10753,0.054
10754,0.11
10755,0.125
10756,0.12
10757,0.071
10758,0.056
10759,0.027
10760,0.017
10761,0.149
10762,0.264
10763,0.259
10764,0.078
10765,-0.12
10766,-0.161
10767,-0.046
10768,-0.024
10769,-0.193
10770,-0.254
10771,-0.215
10772,-0.076
10773,0.034
10774,0.029
10775,-0.015
10776,0.059
10777,0.085
10778,-0.024
10779,-0.061
10780,0.049
10781,0.217
10782,0.298
10783,0.132
10784,0.076
10785,0.217
10786,0.293
10787,-0.044
10788,-0.315
10789,-0.295
10790,-0.166
10791,-0.249
10792,0.054
10793,-0.049
10794,-0.11
10795,-0.068
10796,0.076
10797,0.063
10798,0.09
10799,0.063
10800,-0.134
10801,-0.146
10802,0.095
10803,0.312
10804,0.3
10805,0.173
10806,0.095
10807,-0.022
10808,-0.054
10809,-0.171
10810,-0.286
10811,-0.271
10812,-0.127
10813,-0.083
10814,0.042
10815,0.132
10816,0.115
10817,0.01
10818,0.037
10819,0.054
10820,0.059
10821,-0.015
10822,-0.161
10823,-0.063
10824,-0.039
10825,0.112
10826,0.081
10827,-0.002
10828,-0.022
10829,-0.01
10830,-0.125
10831,-0.178
10832,-0.137
10833,-0.049
10834,-0.09
10835,-0.054
10836,0.068
10837,0.181
10838,0.083
10839,0.127
10840,0.251
10841,0.103
10842,0.032
10843,0.081
10844,0.015
10845,-0.022
10846,0.107
10847,0.076
10848,0.059
10849,0.061
10850,0.015
10851,-0.024
10852,-0.059
10853,-0.029
10854,-0.11
10855,-0.21
10856,-0.251
10857,-0.117
10858,-0.059
10859,0.034
10860,0.044
10861,0.022
10862,0.137
10863,0.254
10864,0.032
10865,-0.081
10866,0.054
10867,0.415
10868,0.259
10869,0.024
10870,-0.083
10871,0.137
10872,0.276
10873,0.044
10874,-0.349
10875,-0.481
10876,-0.156
10877,0.002
10878,-0.02
10879,0.005
10880,0.161
10881,0.183
10882,0.017
10883,-0.046
10884,0.034
10885,0.066
10886,-0.037
10887,-0.129
10888,-0.017
10889,0.298
10890,0.437
10891,0.134
10892,-0.076
10893,0.0
10894,0.039
10895,-0.125
10896,-0.31
10897,-0.266
10898,0.146
10899,0.198
10900,0.073
10901,0.061
10902,0.112
10903,0.215
10904,0.132
10905,-0.095
10906,-0.071
10907,0.049
10908,0.02
10909,-0.168
10910,-0.168
10911,0.032
10912,0.103
10913,0.0
10914,-0.042
10915,-0.066
10916,-0.103
10917,-0.022
10918,-0.107
10919,-0.166
10920,-0.103
10921,0.063
10922,0.178
10923,0.127
10924,0.105
10925,0.081
10926,0.132
10927,0.1
10928,0.005
10929,-0.161
10930,-0.056
10931,-0.015
10932,0.061
10933,0.044
10934,-0.071
10935,-0.012
10936,-0.068
10937,-0.066
10938,-0.1
10939,-0.115
10940,-0.098
10941,-0.127
10942,-0.132
10943,-0.032
10944,0.002
10945,0.032
10946,-0.068
10947,-0.083
10948,0.049
10949,0.098
10950,-0.024
10951,-0.178
10952,-0.149
10953,-0.022
10954,0.254
10955,0.144
10956,0.076
10957,-0.1
10958,0.02
10959,0.295
10960,0.129
10961,-0.383
10962,-0.449
10963,-0.171
10964,-0.005
10965,-0.037
10966,0.134
10967,0.059
10968,-0.042
10969,-0.083
10970,-0.071
10971,0.044
10972,-0.134
10973,-0.115
10974,-0.225
10975,-0.051
10976,0.183
10977,0.239
10978,0.222
10979,0.098
10980,0.017
10981,-0.015
10982,-0.034
10983,-0.146
10984,-0.139
10985,-0.017
10986,0.083
10987,-0.007
10988,-0.017
10989,0.112
10990,0.088
10991,-0.005
10992,-0.081
10993,-0.144
10994,-0.132
10995,-0.042
10996,-0.039
10997,-0.046
10998,-0.066
10999,-0.051
11000,0.037
11001,0.066
11002,0.051
11003,0.068
11004,-0.066
11005,-0.027
11006,-0.059
11007,-0.061
11008,0.01
11009,0.12
11010,0.139
11011,0.01
11012,-0.01
11013,-0.027
11014,0.085
11015,0.02
11016,-0.051
11017,-0.032
11018,0.083
11019,0.029
11020,0.01
11021,0.132
11022,0.215
11023,0.107
11024,-0.017
11025,-0.059
11026,-0.017
11027,-0.117
11028,-0.144
11029,-0.098
11030,-0.068
11031,-0.088
11032,-0.156
11033,-0.161
11034,-0.012
11035,0.161
11036,0.144
11037,-0.142
11038,-0.142
11039,-0.078
11040,0.239
11041,0.256
11042,0.159
11043,-0.198
11044,0.012
11045,0.327
11046,0.378
11047,0.02
11048,-0.376
11049,-0.354
11050,-0.276
11051,-0.159
11052,-0.051
11053,0.017
11054,-0.02
11055,-0.054
11056,-0.054
11057,-0.051
11058,-0.039
11059,0.044
11060,-0.149
11061,-0.046
11062,0.161
11063,0.232
11064,0.33
11065,0.278
11066,0.068
11067,0.017
11068,-0.061
11069,-0.171
11070,-0.161
11071,-0.149
11072,0.032
11073,0.051
11074,-0.093
11075,0.002
11076,0.139
11077,0.142
11078,0.005
11079,-0.022
11080,-0.01
11081,-0.046
11082,-0.112
11083,-0.115
11084,-0.061
11085,0.046
11086,0.054
11087,0.083
11088,0.056
11089,-0.054
11090,-0.122
11091,-0.024
11092,0.063
11093,-0.117
11094,-0.105
11095,-0.024
11096,0.015
11097,-0.027
11098,0.081
11099,0.076
11100,0.105
11101,0.095
11102,0.107
11103,0.11
11104,0.105
11105,0.166
11106,0.093
11107,0.059
11108,0.11
11109,0.208
11110,0.095
11111,-0.032
11112,-0.112
11113,-0.144
11114,-0.259
11115,-0.227
11116,-0.227
11117,-0.166
11118,-0.12
11119,-0.078
11120,-0.076
11121,-0.027
11122,0.188
11123,0.19
11124,0.007
11125,-0.205
11126,0.083
11127,0.247
11128,0.344
11129,0.225
11130,0.19
11131,0.098
11132,0.344
11133,0.266
11134,-0.103
11135,-0.449
11136,-0.396
11137,-0.11
11138,0.059
11139,0.078
11140,0.068
11141,0.012
11142,-0.125
11143,0.002
11144,0.193
11145,0.154
11146,0.032
11147,-0.1
11148,-0.034
11149,0.232
11150,0.427
11151,0.259
11152,0.076
11153,-0.02
11154,0.039
11155,-0.11
11156,-0.281
11157,-0.256
11158,-0.164
11159,-0.176
11160,-0.044
11161,0.117
11162,0.188
11163,0.227
11164,0.107
11165,0.046
11166,0.037
11167,0.061
11168,-0.032
11169,-0.02
11170,0.017
11171,0.029
11172,-0.039
11173,0.044
11174,0.061
11175,0.059
11176,-0.049
11177,-0.244
11178,-0.193
11179,-0.076
11180,0.0
11181,-0.105
11182,-0.085
11183,0.151
11184,0.188
11185,0.195
11186,0.161
11187,0.1
11188,0.11
11189,0.149
11190,0.083
11191,0.132
11192,0.083
11193,0.073
11194,0.076
11195,0.095
11196,0.037
11197,-0.042
11198,-0.11
11199,-0.181
11200,-0.183
11201,-0.178
11202,-0.122
11203,-0.051
11204,-0.027
11205,-0.017
11206,0.039
11207,-0.032
11208,-0.063
11209,0.244
11210,0.1
11211,-0.154
11212,-0.083
11213,0.042
11214,0.208
11215,0.181
11216,0.1
11217,0.007
11218,0.02
11219,0.251
11220,0.144
11221,-0.115
11222,-0.366
11223,-0.291
11224,0.007
11225,-0.063
11226,-0.125
11227,0.217
11228,0.156
11229,0.002
11230,0.02
11231,-0.039
11232,-0.005
11233,0.0
11234,-0.212
11235,-0.159
11236,0.19
11237,0.291
11238,0.237
11239,0.051
11240,-0.039
11241,0.073
11242,-0.076
11243,-0.261
11244,-0.31
11245,-0.139
11246,0.046
11247,0.061
11248,0.054
11249,0.173
11250,0.137
11251,0.063
11252,-0.054
11253,-0.044
11254,-0.022
11255,-0.037
11256,-0.044
11257,-0.09
11258,-0.032
11259,0.054
11260,-0.007
11261,-0.017
11262,-0.049
11263,-0.034
11264,-0.076
11265,-0.164
11266,-0.095
11267,-0.071
11268,-0.044
11269,0.049
11270,0.044
11271,0.127
11272,0.186
11273,0.149
11274,0.078
11275,0.005
11276,-0.034
11277,0.088
11278,0.068
11279,0.002
11280,0.002
11281,0.051
11282,0.085
11283,0.076
11284,-0.032
11285,-0.161
11286,-0.115
11287,-0.107
11288,-0.09
11289,-0.066
11290,0.054
11291,-0.103
11292,-0.117
11293,-0.095
11294,-0.024
11295,0.09
11296,0.095
11297,0.02
11298,-0.061
11299,-0.022
11300,0.029
11301,0.142
11302,0.21
11303,0.298
11304,-0.029
11305,-0.059
11306,0.129
11307,0.352
11308,0.063
11309,-0.381
11310,-0.457
11311,-0.198
11312,-0.01
11313,0.195
11314,0.095
11315,-0.034
11316,-0.083
11317,-0.078
11318,-0.02
11319,-0.061
11320,-0.037
11321,-0.132
11322,-0.11
11323,0.046
11324,0.247
11325,0.288
11326,0.203
11327,0.149
11328,-0.044
11329,-0.154
11330,-0.007
11331,0.103
11332,-0.19
11333,-0.054
11334,0.0
11335,0.171
11336,0.291
11337,0.225
11338,0.068
11339,0.022
11340,-0.051
11341,-0.105
11342,-0.139
11343,-0.046
11344,-0.078
11345,-0.127
11346,-0.054
11347,-0.007
11348,-0.002
11349,0.024
11350,-0.056
11351,-0.215
11352,-0.217
11353,-0.078
11354,-0.122
11355,-0.132
11356,-0.09
11357,0.056
11358,0.151
11359,0.09
11360,0.11
11361,0.071
11362,-0.054
11363,-0.012
11364,0.02
11365,0.081
11366,0.168
11367,0.164
11368,0.164
11369,0.198
11370,0.159
11371,0.042
11372,-0.044
11373,-0.056
11374,-0.12
11375,-0.261
11376,-0.215
11377,-0.181
11378,-0.142
11379,-0.127
11380,-0.073
11381,-0.073
11382,-0.049
11383,0.093
11384,0.083
11385,-0.081
11386,-0.061
11387,-0.083
11388,0.103
11389,0.325
11390,0.254
11391,0.068
11392,-0.02
11393,0.095
11394,0.254
11395,0.112
11396,-0.386
11397,-0.51
11398,-0.247
11399,-0.051
11400,0.193
11401,0.044
11402,-0.164
11403,-0.095
11404,0.09
11405,0.081
11406,0.007
11407,-0.022
11408,-0.181
11409,-0.059
11410,0.325
11411,0.293
11412,0.342
11413,0.571
11414,0.344
11415,-0.01
11416,-0.137
11417,-0.122
11418,-0.078
11419,-0.078
11420,-0.159
11421,-0.083
11422,0.01
11423,0.203
11424,0.2
11425,0.125
11426,0.105
11427,-0.054
11428,-0.076
11429,0.029
11430,-0.042
11431,-0.149
11432,-0.049
11433,0.134
11434,0.1
11435,-0.054
11436,-0.017
11437,-0.022
11438,-0.083
11439,-0.176
11440,-0.208
11441,-0.161
11442,-0.078
11443,-0.063
11444,-0.002
11445,0.173
11446,0.156
11447,0.129
11448,0.081
11449,0.12
11450,0.149
11451,0.1
11452,0.098
11453,0.132
11454,0.103
11455,0.051
11456,0.115
11457,0.081
11458,0.024
11459,-0.117
11460,-0.161
11461,-0.11
11462,-0.125
11463,-0.266
11464,-0.247
11465,-0.125
11466,-0.034
11467,-0.027
11468,-0.073
11469,-0.046
11470,0.149
11471,0.183
11472,0.046
11473,-0.19
11474,0.056
11475,0.271
11476,0.178
11477,0.112
11478,0.103
11479,-0.024
11480,0.112
11481,0.042
11482,-0.115
11483,-0.383
11484,-0.464
11485,-0.034
11486,-0.144
11487,-0.12
11488,0.2
11489,0.161
11490,0.002
11491,-0.063
11492,0.034
11493,0.129
11494,-0.005
11495,-0.046
11496,-0.027
11497,0.205
11498,0.435
11499,0.371
11500,0.066
11501,-0.059
11502,-0.095
11503,-0.139
11504,-0.354
11505,-0.322
11506,-0.125
11507,-0.01
11508,0.01
11509,-0.076
11510,0.012
11511,0.212
11512,0.203
11513,0.022
11514,-0.09
11515,-0.034
11516,-0.046
11517,-0.022
11518,-0.051
11519,-0.02
11520,0.046
11521,-0.002
11522,-0.115
11523,-0.085
11524,-0.134
11525,-0.195
11526,-0.244
11527,-0.198
11528,-0.007
11529,0.093
11530,0.115
11531,0.046
11532,0.066
11533,0.166
11534,0.117
11535,0.203
11536,0.225
11537,0.144
11538,0.02
11539,0.063
11540,0.134
11541,0.078
11542,-0.039
11543,-0.024
11544,-0.042
11545,-0.054
11546,-0.039
11547,-0.068
11548,-0.068
11549,-0.154
11550,-0.132
11551,-0.146
11552,-0.142
11553,-0.002
11554,0.039
11555,0.066
11556,-0.042
11557,-0.063
11558,0.071
11559,0.186
11560,0.068
11561,-0.071
11562,-0.054
11563,0.222
11564,0.164
11565,-0.017
11566,-0.181
11567,0.042
11568,0.222
11569,0.154
11570,-0.234
11571,-0.283
11572,0.049
11573,0.01
11574,-0.168
11575,-0.017
11576,0.237
11577,0.134
11578,-0.105
11579,-0.051
11580,-0.042
11581,-0.007
11582,-0.154
11583,-0.266
11584,-0.056
11585,0.237
11586,0.254
11587,0.112
11588,0.02
11589,0.054
11590,0.034
11591,-0.134
11592,-0.227
11593,-0.066
11594,0.056
11595,0.071
11596,0.002
11597,0.051
11598,0.078
11599,0.112
11600,-0.071
11601,-0.217
11602,-0.105
11603,-0.007
11604,-0.044
11605,-0.208
11606,-0.259
11607,-0.139
11608,0.027
11609,-0.012
11610,-0.09
11611,-0.142
11612,-0.103
11613,-0.083
11614,-0.042
11615,-0.061
11616,-0.039
11617,0.005
11618,0.027
11619,0.105
11620,0.142
11621,0.127
11622,0.103
11623,0.132
11624,-0.005
11625,-0.1
11626,-0.081
11627,-0.046
11628,0.029
11629,-0.007
11630,0.034
11631,0.112
11632,0.127
11633,-0.002
11634,-0.046
11635,-0.11
11636,-0.061
11637,-0.088
11638,-0.134
11639,-0.144
11640,-0.024
11641,0.017
11642,-0.037
11643,-0.154
11644,-0.132
11645,0.054
11646,0.076
11647,-0.022
11648,-0.222
11649,-0.01
11650,0.134
11651,0.195
11652,0.132
11653,-0.032
11654,0.027
11655,0.269
11656,0.195
11657,-0.098
11658,-0.376
11659,-0.242
11660,-0.161
11661,-0.007
11662,0.024
11663,0.032
11664,-0.015
11665,-0.081
11666,-0.083
11667,-0.159
11668,-0.076
11669,0.037
11670,-0.09
11671,-0.21
11672,-0.012
11673,0.361
11674,0.388
11675,0.212
11676,-0.012
11677,0.01
11678,0.037
11679,0.029
11680,-0.2
11681,-0.193
11682,-0.007
11683,0.286
11684,0.076
11685,-0.01
11686,0.037
11687,0.059
11688,0.005
11689,-0.178
11690,-0.129
11691,-0.122
11692,-0.132
11693,-0.115
11694,-0.115
11695,-0.066
11696,0.068
11697,0.088
11698,0.027
11699,-0.068
11700,-0.137
11701,-0.12
11702,-0.081
11703,-0.127
11704,-0.173
11705,-0.129
11706,0.015
11707,0.139
11708,0.112
11709,0.076
11710,0.024
11711,0.112
11712,0.11
11713,0.005
11714,0.005
11715,0.068
11716,0.056
11717,0.134
11718,0.249
11719,0.171
11720,-0.059
11721,-0.176
11722,-0.122
11723,-0.073
11724,-0.098
11725,-0.208
11726,-0.249
11727,-0.188
11728,-0.088
11729,0.012
11730,-0.02
11731,-0.056
11732,0.066
11733,0.19
11734,0.085
11735,-0.024
11736,-0.142
11737,0.083
11738,0.391
11739,0.259
11740,-0.054
11741,-0.046
11742,0.12
11743,0.339
11744,0.134
11745,-0.286
11746,-0.554
11747,-0.234
11748,-0.085
11749,-0.042
11750,0.154
11751,0.007
11752,-0.085
11753,0.024
11754,0.088
11755,0.029
11756,-0.071
11757,0.002
11758,-0.024
11759,-0.005
11760,0.161
11761,0.261
11762,0.293
11763,0.21
11764,-0.129
11765,-0.049
11766,0.015
11767,-0.1
11768,-0.134
11769,-0.186
11770,0.015
11771,0.027
11772,0.146
11773,0.244
11774,0.168
11775,0.039
11776,-0.034
11777,0.0
11778,-0.007
11779,-0.093
11780,-0.083
11781,-0.02
11782,0.037
11783,0.02
11784,0.017
11785,-0.032
11786,-0.093
11787,-0.12
11788,-0.156
11789,-0.132
11790,-0.151
11791,-0.166
11792,-0.085
11793,0.105
11794,0.137
11795,0.149
11796,0.21
11797,0.146
11798,-0.029
11799,-0.085
11800,0.093
11801,0.146
11802,0.208
11803,0.042
11804,0.042
11805,0.042
11806,0.19
11807,0.083
11808,-0.193
11809,-0.234
11810,0.085
11811,0.0
11812,-0.291
11813,-0.317
11814,-0.017
11815,0.21
11816,0.032
11817,-0.149
11818,-0.139
11819,0.242
11820,0.278
11821,0.063
11822,-0.159
11823,0.024
11824,0.3
11825,0.205
11826,0.137
11827,-0.081
11828,0.349
11829,0.349
11830,0.181
11831,-0.198
11832,-0.356
11833,-0.286
11834,0.071
11835,-0.107
11836,0.029
11837,0.291
11838,0.2
11839,0.032
11840,0.024
11841,0.059
11842,0.049
11843,0.005
11844,-0.088
11845,-0.127
11846,0.129
11847,0.369
11848,0.293
11849,0.188
11850,0.02
11851,-0.046
11852,-0.032
11853,-0.12
11854,-0.122
11855,-0.059
11856,-0.007
11857,0.015
11858,0.115
11859,0.142
11860,0.19
11861,0.151
11862,0.044
11863,-0.1
11864,-0.059
11865,-0.12
11866,-0.139
11867,-0.098
11868,-0.073
11869,-0.032
11870,0.095
11871,0.042
11872,0.02
11873,0.007
11874,-0.1
11875,-0.127
11876,-0.103
11877,0.037
11878,0.022
11879,0.061
11880,0.117
11881,0.186
11882,0.164
11883,0.151
11884,0.19
11885,0.139
11886,0.049
11887,-0.002
11888,0.054
11889,0.066
11890,0.056
11891,0.012
11892,0.1
11893,0.103
11894,0.029
11895,-0.056
11896,-0.015
11897,0.01
11898,-0.122
11899,-0.154
11900,-0.137
11901,0.007
11902,0.044
11903,0.068
11904,-0.071
11905,-0.073
11906,0.083
11907,0.073
11908,-0.12
11909,-0.261
11910,-0.007
11911,0.022
11912,0.215
11913,0.31
11914,0.044
11915,-0.017
11916,0.3
11917,0.151
11918,0.051
11919,-0.291
11920,-0.093
11921,-0.303
11922,-0.029
11923,0.144
11924,0.005
11925,-0.083
11926,0.056
11927,0.11
11928,-0.071
11929,-0.081
11930,-0.146
11931,-0.137
11932,-0.024
11933,0.122
11934,0.283
11935,0.286
11936,0.203
11937,0.095
11938,0.01
11939,0.01
11940,-0.056
11941,-0.205
11942,-0.127
11943,0.034
11944,0.103
11945,0.027
11946,0.085
11947,0.144
11948,0.068
11949,0.027
11950,0.032
11951,-0.085
11952,-0.156
11953,-0.103
11954,-0.059
11955,0.0
11956,-0.032
11957,-0.088
11958,-0.076
11959,0.042
11960,0.012
11961,-0.054
11962,-0.081
11963,-0.073
11964,-0.095
11965,-0.085
11966,0.01
11967,0.164
11968,0.159
11969,0.1
11970,0.044
11971,0.056
11972,0.039
11973,-0.076
11974,0.002
11975,0.063
11976,0.095
11977,0.029
11978,0.049
11979,0.122
11980,0.105
11981,0.027
11982,-0.002
11983,0.039
11984,-0.01
11985,-0.122
11986,-0.239
11987,-0.159
11988,-0.105
11989,-0.12
11990,-0.112
11991,-0.071
11992,0.0
11993,0.054
11994,0.029
11995,-0.029
11996,-0.098
11997,0.044
11998,0.132
11999,0.154
12000,0.134
12001,0.098
12002,0.181
12003,0.281
12004,-0.005
12005,-0.137
12006,-0.366
12007,-0.415
12008,-0.305
12009,-0.063
12010,0.105
12011,0.029
12012,-0.056
12013,-0.02
12014,-0.005
12015,-0.051
12016,0.027
12017,0.12
12018,-0.112
12019,-0.103
12020,0.112
12021,0.342
12022,0.305
12023,0.173
12024,0.103
12025,-0.024
12026,-0.049
12027,-0.149
12028,-0.229
12029,-0.198
12030,-0.117
12031,-0.178
12032,0.01
12033,0.22
12034,0.149
12035,-0.037
12036,-0.063
12037,-0.024
12038,-0.059
12039,0.024
12040,-0.024
12041,-0.01
12042,-0.044
12043,-0.024
12044,-0.049
12045,0.083
12046,0.005
12047,-0.103
12048,-0.208
12049,-0.188
12050,-0.149
12051,-0.129
12052,-0.122
12053,-0.208
12054,-0.122
12055,0.012
12056,0.042
12057,0.039
12058,0.146
12059,0.151
12060,0.085
12061,0.129
12062,0.149
12063,0.144
12064,0.134
12065,0.063
12066,0.059
12067,0.051
12068,-0.027
12069,-0.044
12070,-0.095
12071,-0.117
12072,-0.291
12073,-0.261
12074,-0.181
12075,-0.054
12076,-0.12
12077,-0.164
12078,-0.034
12079,0.056
12080,0.21
12081,0.225
12082,0.044
12083,-0.056
12084,0.059
12085,0.342
12086,0.156
12087,-0.005
12088,-0.154
12089,0.066
12090,0.225
12091,-0.073
12092,-0.444
12093,-0.532
12094,-0.122
12095,-0.088
12096,-0.244
12097,0.105
12098,0.239
12099,0.273
12100,-0.083
12101,-0.093
12102,0.022
12103,0.071
12104,0.002
12105,-0.112
12106,-0.027
12107,0.251
12108,0.439
12109,0.085
12110,-0.01
12111,-0.073
12112,0.049
12113,-0.11
12114,-0.364
12115,-0.291
12116,0.024
12117,0.02
12118,-0.115
12119,-0.027
12120,0.186
12121,0.176
12122,0.015
12123,-0.09
12124,-0.088
12125,0.012
12126,-0.024
12127,-0.083
12128,-0.107
12129,0.005
12130,0.029
12131,-0.027
12132,-0.068
12133,-0.098
12134,-0.105
12135,-0.144
12136,-0.181
12137,0.029
12138,0.144
12139,0.002
12140,0.061
12141,0.161
12142,0.198
12143,0.088
12144,0.139
12145,0.193
12146,0.139
12147,-0.049
12148,-0.125
12149,-0.02
12150,0.095
12151,0.044
12152,-0.042
12153,-0.059
12154,-0.137
12155,-0.02
12156,-0.068
12157,-0.142
12158,-0.139
12159,-0.061
12160,-0.117
12161,-0.144
12162,-0.071
12163,-0.076
12164,-0.078
12165,0.012
12166,0.049
12167,0.081
12168,0.044
12169,0.005
12170,-0.088
12171,-0.056
12172,0.159
12173,0.308
12174,0.054
12175,-0.212
12176,0.139
12177,0.364
12178,0.103
12179,-0.339
12180,-0.452
12181,-0.2
12182,0.195
12183,0.22
12184,0.217
12185,0.024
12186,-0.107
12187,0.095
12188,-0.027
12189,0.051
12190,0.063
12191,-0.115
12192,-0.098
12193,0.186
12194,0.286
12195,0.139
12196,0.01
12197,-0.024
12198,-0.029
12199,-0.056
12200,-0.161
12201,-0.19
12202,-0.107
12203,0.071
12204,0.073
12205,0.032
12206,0.093
12207,0.2
12208,0.168
12209,0.0
12210,-0.076
12211,-0.134
12212,-0.063
12213,0.02
12214,-0.085
12215,-0.129
12216,-0.046
12217,-0.029
12218,-0.1
12219,-0.059
12220,-0.039
12221,-0.122
12222,-0.085
12223,0.029
12224,0.059
12225,-0.068
12226,0.029
12227,0.205
12228,0.244
12229,0.073
12230,0.066
12231,0.1
12232,0.085
12233,-0.005
12234,-0.005
12235,-0.034
12236,0.09
12237,0.12
12238,-0.024
12239,0.005
12240,0.02
12241,-0.01
12242,-0.103
12243,-0.095
12244,-0.066
12245,-0.056
12246,-0.073
12247,-0.061
12248,-0.022
12249,0.017
12250,0.002
12251,-0.039
12252,-0.037
12253,-0.002
12254,0.054
12255,-0.042
12256,-0.227
12257,-0.085
12258,0.188
12259,0.181
12260,0.1
12261,-0.049
12262,0.144
12263,0.281
12264,0.234
12265,0.022
12266,-0.173
12267,-0.205
12268,-0.059
12269,-0.046
12270,-0.002
12271,0.164
12272,0.085
12273,-0.063
12274,-0.2
12275,-0.227
12276,0.127
12277,0.107
12278,-0.254
12279,-0.42
12280,-0.037
12281,0.391
12282,0.339
12283,0.054
12284,-0.01
12285,0.098
12286,0.027
12287,-0.21
12288,-0.281
12289,-0.212
12290,0.061
12291,0.056
12292,-0.044
12293,-0.051
12294,0.122
12295,0.247
12296,0.076
12297,-0.11
12298,-0.181
12299,-0.129
12300,-0.173
12301,-0.122
12302,-0.127
12303,-0.044
12304,0.027
12305,0.149
12306,0.017
12307,-0.056
12308,-0.037
12309,-0.037
12310,-0.02
12311,-0.112
12312,-0.132
12313,-0.081
12314,0.149
12315,0.242
12316,-0.015
12317,-0.151
12318,-0.002
12319,0.134
12320,0.054
12321,-0.122
12322,-0.105
12323,-0.005
12324,0.015
12325,0.081
12326,0.139
12327,0.161
12328,0.215
12329,0.103
12330,-0.037
12331,0.002
12332,-0.078
12333,-0.164
12334,-0.239
12335,-0.161
12336,-0.073
12337,-0.134
12338,-0.12
12339,-0.039
12340,0.09
12341,0.103
12342,0.076
12343,0.0
12344,-0.132
12345,0.032
12346,0.339
12347,0.281
12348,-0.083
12349,-0.027
12350,0.11
12351,0.442
12352,0.208
12353,-0.325
12354,-0.51
12355,-0.276
12356,-0.181
12357,-0.056
12358,0.051
12359,-0.022
12360,-0.154
12361,-0.183
12362,-0.11
12363,0.056
12364,-0.007
12365,-0.188
12366,-0.251
12367,-0.115
12368,0.273
12369,0.227
12370,0.22
12371,0.264
12372,0.139
12373,-0.042
12374,-0.19
12375,-0.259
12376,-0.105
12377,-0.103
12378,-0.195
12379,-0.078
12380,0.085
12381,0.188
12382,0.078
12383,0.044
12384,-0.01
12385,-0.078
12386,0.017
12387,-0.02
12388,-0.063
12389,0.02
12390,0.083
12391,0.063
12392,-0.034
12393,-0.034
12394,-0.056
12395,-0.2
12396,-0.139
12397,-0.154
12398,-0.144
12399,-0.154
12400,-0.095
12401,0.049
12402,0.137
12403,0.059
12404,0.0
12405,0.159
12406,0.237
12407,0.1
12408,-0.037
12409,0.083
12410,0.161
12411,0.176
12412,0.032
12413,-0.002
12414,0.02
12415,0.049
12416,-0.02
12417,-0.125
12418,-0.149
12419,-0.225
12420,-0.21
12421,-0.137
12422,-0.027
12423,-0.007
12424,-0.09
12425,-0.071
12426,0.073
12427,0.232
12428,0.269
12429,0.103
12430,-0.117
12431,0.117
12432,0.164
12433,0.093
12434,0.117
12435,0.015
12436,0.142
12437,0.312
12438,-0.007
12439,-0.212
12440,-0.352
12441,-0.261
12442,-0.322
12443,-0.117
12444,0.2
12445,0.161
12446,0.11
12447,0.005
12448,0.054
12449,0.046
12450,0.022
12451,-0.061
12452,-0.054
12453,0.042
12454,0.454
12455,0.356
12456,0.042
12457,-0.032
12458,-0.005
12459,-0.002
12460,-0.098
12461,-0.374
12462,-0.3
12463,-0.061
12464,0.061
12465,-0.007
12466,-0.024
12467,0.22
12468,0.256
12469,0.173
12470,-0.007
12471,-0.125
12472,-0.063
12473,-0.002
12474,-0.056
12475,-0.042
12476,-0.024
12477,-0.017
12478,-0.022
12479,-0.095
12480,-0.129
12481,-0.107
12482,-0.151
12483,-0.156
12484,-0.132
12485,-0.11
12486,-0.039
12487,-0.002
12488,0.083
12489,0.122
12490,0.1
12491,0.142
12492,0.176
12493,0.02
12494,-0.085
12495,0.046
12496,0.19
12497,0.154
12498,0.007
12499,-0.146
12500,-0.042
12501,0.088
12502,0.039
12503,-0.208
12504,-0.31
12505,-0.2
12506,-0.129
12507,-0.176
12508,-0.195
12509,-0.039
12510,0.122
12511,0.09
12512,0.054
12513,-0.039
12514,0.073
12515,0.115
12516,-0.027
12517,-0.171
12518,0.005
12519,0.254
12520,0.237
12521,0.115
12522,-0.093
12523,0.188
12524,0.361
12525,0.129
12526,-0.327
12527,-0.618
12528,-0.161
12529,0.027
12530,-0.056
12531,0.093
12532,0.098
12533,0.117
12534,-0.029
12535,-0.002
12536,0.027
12537,-0.088
12538,-0.081
12539,-0.146
12540,-0.161
12541,0.188
12542,0.303
12543,0.127
12544,-0.015
12545,-0.01
12546,0.015
12547,0.037
12548,-0.066
12549,-0.125
12550,0.015
12551,0.054
12552,-0.012
12553,0.063
12554,0.254
12555,0.19
12556,-0.032
12557,-0.081
12558,-0.063
12559,-0.012
12560,-0.054
12561,-0.117
12562,-0.071
12563,-0.042
12564,0.024
12565,-0.012
12566,0.032
12567,-0.024
12568,-0.061
12569,-0.073
12570,-0.005
12571,0.015
12572,-0.081
12573,-0.054
12574,0.049
12575,0.186
12576,0.188
12577,0.142
12578,0.105
12579,0.056
12580,-0.059
12581,-0.085
12582,0.095
12583,0.2
12584,-0.027
12585,-0.054
12586,0.11
12587,0.266
12588,0.088
12589,-0.159
12590,-0.139
12591,0.024
12592,0.115
12593,-0.159
12594,-0.32
12595,-0.212
12596,-0.059
12597,-0.027
12598,-0.188
12599,-0.164
12600,-0.002
12601,0.049
12602,-0.032
12603,-0.132
12604,0.044
12605,0.127
12606,0.217
12607,0.186
12608,0.063
12609,0.122
12610,0.352
12611,0.4
12612,0.017
12613,-0.342
12614,-0.239
12615,-0.027
12616,-0.056
12617,-0.112
12618,0.017
12619,0.125
12620,0.01
12621,-0.142
12622,-0.066
12623,0.083
12624,0.085
12625,-0.154
12626,-0.166
12627,0.251
12628,0.654
12629,0.386
12630,-0.056
12631,-0.1
12632,0.181
12633,0.149
12634,-0.247
12635,-0.325
12636,-0.117
12637,0.027
12638,-0.005
12639,-0.042
12640,0.061
12641,0.2
12642,0.061
12643,0.017
12644,0.005
12645,0.015
12646,-0.071
12647,-0.068
12648,0.02
12649,-0.015
12650,-0.032
12651,-0.024
12652,-0.002
12653,-0.076
12654,0.068
12655,0.042
12656,-0.051
12657,-0.161
12658,-0.117
12659,0.073
12660,0.115
12661,-0.024
12662,-0.137
12663,0.02
12664,0.276
12665,0.212
12666,0.02
12667,-0.024
12668,0.19
12669,0.273
12670,0.129
12671,0.039
12672,0.078
12673,0.229
12674,0.149
12675,0.02
12676,0.012
12677,0.002
12678,-0.085
12679,-0.198
12680,-0.142
12681,-0.073
12682,-0.068
12683,-0.215
12684,-0.129
12685,-0.066
12686,0.168
12687,0.178
12688,-0.142
12689,-0.171
12690,0.134
12691,0.2
12692,0.225
12693,0.251
12694,0.002
12695,0.051
12696,0.317
12697,0.11
12698,-0.19
12699,-0.557
12700,-0.4
12701,-0.356
12702,-0.105
12703,0.073
12704,0.017
12705,-0.161
12706,-0.115
12707,0.071
12708,0.081
12709,0.017
12710,0.01
12711,0.012
12712,0.042
12713,0.271
12714,0.496
12715,0.42
12716,0.249
12717,-0.186
12718,-0.371
12719,-0.156
12720,-0.251
12721,-0.154
12722,-0.129
12723,-0.078
12724,-0.071
12725,-0.01
12726,0.044
12727,0.127
12728,0.183
12729,0.085
12730,-0.088
12731,-0.032
12732,0.1
12733,0.085
12734,0.103
12735,0.107
12736,0.1
12737,0.112
12738,0.01
12739,-0.093
12740,-0.154
12741,-0.183
12742,-0.081
12743,-0.144
12744,-0.139
12745,-0.095
12746,0.088
12747,0.105
12748,0.024
12749,-0.032
12750,0.127
12751,0.203
12752,0.081
12753,0.063
12754,0.1
12755,0.166
12756,0.071
12757,0.115
12758,0.161
12759,0.132
12760,0.024
12761,-0.103
12762,-0.142
12763,-0.125
12764,-0.12
12765,-0.254
12766,-0.305
12767,-0.164
12768,-0.02
12769,-0.037
12770,-0.017
12771,-0.005
12772,0.071
12773,0.063
12774,0.056
12775,0.054
12776,0.01
12777,0.2
12778,0.129
12779,0.295
12780,0.186
12781,-0.044
12782,0.005
12783,0.349
12784,0.034
12785,-0.298
12786,-0.491
12787,-0.459
12788,-0.234
12789,-0.063
12790,0.039
12791,-0.01
12792,0.037
12793,0.142
12794,0.171
12795,-0.01
12796,-0.039
12797,0.037
12798,0.056
12799,0.103
12800,0.22
12801,0.325
12802,0.156
12803,0.156
12804,-0.039
12805,-0.146
12806,-0.183
12807,-0.254
12808,-0.271
12809,-0.244
12810,-0.151
12811,0.0
12812,0.166
12813,0.186
12814,0.178
12815,0.0
12816,-0.112
12817,-0.034
12818,-0.125
12819,-0.166
12820,-0.066
12821,-0.046
12822,0.002
12823,-0.073
12824,-0.024
12825,-0.046
12826,-0.134
12827,-0.217
12828,-0.293
12829,-0.222
12830,0.015
12831,0.01
12832,-0.012
12833,0.081
12834,0.188
12835,0.186
12836,0.115
12837,0.139
12838,0.127
12839,0.046
12840,-0.007
12841,-0.027
12842,0.024
12843,-0.012
12844,0.007
12845,0.02
12846,0.073
12847,0.022
12848,-0.088
12849,-0.242
12850,-0.093
12851,-0.186
12852,-0.222
12853,-0.31
12854,-0.159
12855,-0.037
12856,0.054
12857,0.024
12858,-0.037
12859,-0.044
12860,0.022
12861,0.122
12862,-0.09
12863,-0.261
12864,-0.139
12865,0.107
12866,0.107
12867,0.095
12868,0.0
12869,-0.027
12870,0.168
12871,0.2
12872,0.012
12873,-0.364
12874,-0.432
12875,-0.217
12876,-0.073
12877,0.017
12878,0.137
12879,-0.1
12880,-0.125
12881,-0.063
12882,-0.037
12883,-0.024
12884,-0.178
12885,-0.256
12886,-0.242
12887,0.073
12888,0.244
12889,0.225
12890,0.129
12891,0.156
12892,0.168
12893,-0.032
12894,-0.151
12895,-0.017
12896,-0.034
12897,-0.146
12898,-0.085
12899,0.024
12900,0.042
12901,0.1
12902,0.093
12903,-0.105
12904,-0.269
12905,-0.139
12906,-0.061
12907,-0.125
12908,-0.186
12909,-0.139
12910,-0.046
12911,0.032
12912,0.005
12913,-0.012
12914,-0.044
12915,-0.098
12916,-0.156
12917,-0.071
12918,-0.073
12919,-0.129
12920,-0.154
12921,0.037
12922,0.007
12923,0.032
12924,0.127
12925,0.149
12926,0.02
12927,-0.112
12928,-0.015
12929,0.112
12930,0.127
12931,0.017
12932,-0.066
12933,0.115
12934,0.22
12935,0.061
12936,-0.054
12937,-0.095
12938,-0.015
12939,-0.127
12940,-0.237
12941,-0.178
12942,-0.088
12943,-0.098
12944,-0.09
12945,-0.056
12946,-0.21
12947,-0.007
12948,0.159
12949,0.027
12950,-0.305
12951,-0.032
12952,0.198
12953,0.229
12954,0.151
12955,-0.012
12956,0.076
12957,0.388
12958,0.356
12959,-0.159
12960,-0.493
12961,-0.366
12962,0.049
12963,-0.2
12964,-0.154
12965,0.007
12966,-0.034
12967,-0.066
12968,-0.083
12969,-0.068
12970,0.134
12971,0.054
12972,-0.139
12973,-0.227
12974,0.132
12975,0.403
12976,0.2
12977,-0.005
12978,0.0
12979,-0.049
12980,-0.205
12981,-0.278
12982,-0.305
12983,-0.283
12984,-0.073
12985,0.066
12986,0.02
12987,-0.071
12988,0.015
12989,0.161
12990,0.183
12991,0.095
12992,-0.063
12993,-0.19
12994,-0.066
12995,0.117
12996,0.144
12997,-0.029
12998,-0.068
12999,0.068
13000,0.078
13001,0.044
13002,0.012
13003,-0.007
13004,-0.215
13005,-0.151
13006,-0.032
13007,0.129
13008,0.149
13009,-0.012
13010,-0.1
13011,0.166
13012,0.295
13013,0.066
13014,-0.168
13015,0.044
13016,0.227
13017,0.098
13018,-0.117
13019,-0.063
13020,0.242
13021,0.12
13022,-0.142
13023,-0.217
13024,-0.049
13025,-0.107
13026,-0.168
13027,-0.168
13028,-0.105
13029,0.037
13030,0.066
13031,-0.01
13032,-0.112
13033,0.09
13034,0.229
13035,0.168
13036,-0.049
13037,0.032
13038,0.171
13039,0.249
13040,0.31
13041,0.159
13042,0.005
13043,0.073
13044,0.291
13045,0.178
13046,-0.305
13047,-0.53
13048,-0.264
13049,-0.088
13050,0.071
13051,0.068
13052,-0.056
13053,-0.076
13054,0.066
13055,0.073
13056,0.034
13057,-0.034
13058,-0.098
13059,0.002
13060,0.22
13061,0.381
13062,0.166
13063,0.061
13064,0.066
13065,0.085
13066,-0.129
13067,-0.325
13068,-0.269
13069,-0.051
13070,-0.078
13071,-0.024
13072,0.02
13073,0.12
13074,0.286
13075,0.142
13076,0.027
13077,0.073
13078,0.115
13079,-0.002
13080,-0.103
13081,-0.005
13082,0.044
13083,0.02
13084,-0.015
13085,-0.056
13086,-0.095
13087,-0.105
13088,-0.11
13089,-0.1
13090,-0.022
13091,0.0
13092,-0.02
13093,0.103
13094,0.137
13095,0.112
13096,0.132
13097,0.127
13098,0.188
13099,0.181
13100,0.134
13101,0.051
13102,0.095
13103,0.156
13104,0.117
13105,0.022
13106,0.061
13107,0.068
13108,0.024
13109,-0.125
13110,-0.115
13111,-0.054
13112,-0.134
13113,-0.247
13114,-0.21
13115,0.042
13116,0.122
13117,-0.032
13118,-0.166
13119,0.076
13120,0.151
13121,0.039
13122,-0.095
13123,-0.068
13124,0.09
13125,0.349
13126,0.332
13127,0.044
13128,-0.154
13129,0.103
13130,0.352
13131,0.105
13132,-0.273
13133,-0.312
13134,-0.01
13135,-0.063
13136,-0.1
13137,0.173
13138,0.176
13139,0.208
13140,0.095
13141,-0.105
13142,-0.078
13143,0.188
13144,0.073
13145,-0.164
13146,-0.137
13147,0.22
13148,0.361
13149,0.149
13150,-0.024
13151,-0.002
13152,-0.039
13153,-0.056
13154,-0.198
13155,-0.242
13156,-0.046
13157,0.049
13158,0.071
13159,0.166
13160,0.286
13161,0.251
13162,0.161
13163,0.0
13164,-0.1
13165,0.015
13166,-0.027
13167,-0.115
13168,-0.117
13169,-0.073
13170,-0.012
13171,-0.034
13172,0.022
13173,0.046
13174,-0.132
13175,-0.09
13176,-0.044
13177,-0.085
13178,-0.164
13179,-0.083
13180,0.022
13181,0.164
13182,0.183
13183,0.127
13184,0.037
13185,0.115
13186,0.046
13187,-0.112
13188,-0.093
13189,0.137
13190,0.19
13191,-0.01
13192,-0.076
13193,0.1
13194,0.242
13195,0.178
13196,-0.022
13197,-0.09
13198,-0.034
13199,0.076
13200,0.015
13201,-0.076
13202,-0.076
13203,-0.044
13204,0.024
13205,0.0
13206,0.007
13207,0.144
13208,-0.032
13209,-0.181
13210,-0.208
13211,0.022
13212,0.283
13213,0.237
13214,-0.034
13215,-0.081
13216,0.259
13217,0.393
13218,0.217
13219,-0.254
13220,-0.547
13221,-0.215
13222,-0.037
13223,0.007
13224,-0.012
13225,-0.127
13226,-0.112
13227,-0.1
13228,-0.012
13229,-0.059
13230,-0.054
13231,-0.134
13232,-0.134
13233,0.01
13234,0.239
13235,0.251
13236,0.271
13237,0.229
13238,0.044
13239,-0.085
13240,-0.203
13241,-0.122
13242,-0.042
13243,0.002
13244,-0.056
13245,-0.059
13246,0.059
13247,0.088
13248,0.059
13249,-0.029
13250,0.01
13251,-0.024
13252,0.01
13253,0.027
13254,0.029
13255,-0.022
13256,-0.022
13257,0.02
13258,0.071
13259,-0.005
13260,0.01
13261,0.066
13262,-0.088
13263,-0.181
13264,-0.205
13265,-0.225
13266,-0.083
13267,0.125
13268,0.071
13269,-0.112
13270,-0.027
13271,0.083
13272,0.127
13273,0.085
13274,0.044
13275,-0.015
13276,0.129
13277,0.139
13278,0.061
13279,0.105
13280,0.132
13281,0.017
13282,-0.125
13283,-0.11
13284,-0.056
13285,-0.071
13286,-0.151
13287,-0.251
13288,-0.352
13289,-0.144
13290,0.0
13291,0.0
13292,-0.022
13293,-0.068
13294,-0.029
13295,0.042
13296,0.083
13297,0.103
13298,0.015
13299,0.156
13300,0.234
13301,0.183
13302,0.037
13303,0.139
13304,0.027
13305,0.095
13306,-0.295
13307,-0.295
13308,-0.439
13309,0.005
13310,0.232
13311,-0.012
13312,-0.12
13313,-0.076
13314,-0.029
13315,0.144
13316,-0.032
13317,-0.129
13318,-0.081
13319,0.19
13320,0.31
13321,0.347
13322,0.259
13323,0.132
13324,0.049
13325,-0.107
13326,-0.186
13327,-0.273
13328,-0.239
13329,-0.117
13330,-0.051
13331,0.029
13332,0.066
13333,0.166
13334,0.122
13335,0.049
13336,0.015
13337,-0.078
13338,-0.115
13339,-0.037
13340,0.032
13341,0.083
13342,-0.012
13343,-0.02
13344,0.059
13345,0.022
13346,-0.076
13347,-0.132
13348,-0.166
13349,-0.171
13350,-0.144
13351,-0.198
13352,-0.129
13353,0.051
13354,0.168
13355,0.083
13356,-0.002
13357,0.137
13358,0.249
13359,0.107
13360,0.015
13361,0.068
13362,0.144
13363,0.122
13364,0.032
13365,0.083
13366,0.159
13367,0.12
13368,-0.085
13369,-0.151
13370,-0.156
13371,-0.115
13372,-0.19
13373,-0.193
13374,-0.168
13375,-0.056
13376,-0.024
13377,-0.005
13378,-0.098
13379,-0.061
13380,0.205
13381,0.232
13382,0.132
13383,-0.042
13384,0.015
13385,0.134
13386,0.183
13387,0.093
13388,-0.073
13389,-0.046
13390,0.137
13391,-0.066
13392,-0.181
13393,-0.459
13394,-0.251
13395,-0.273
13396,0.032
13397,0.151
13398,0.032
13399,0.105
13400,-0.017
13401,0.027
13402,0.107
13403,-0.042
13404,-0.027
13405,-0.024
13406,0.042
13407,0.146
13408,0.186
13409,0.156
13410,0.059
13411,-0.017
13412,-0.103
13413,-0.276
13414,-0.205
13415,-0.046
13416,-0.029
13417,-0.129
13418,-0.073
13419,0.161
13420,0.181
13421,0.146
13422,0.139
13423,-0.007
13424,-0.037
13425,-0.029
13426,-0.127
13427,-0.151
13428,-0.1
13429,-0.129
13430,-0.085
13431,0.01
13432,-0.066
13433,-0.134
13434,-0.203
13435,-0.076
13436,-0.005
13437,-0.056
13438,-0.105
13439,-0.044
13440,0.127
13441,0.2
13442,0.117
13443,0.071
13444,0.271
13445,0.256
13446,-0.007
13447,-0.151
13448,0.01
13449,0.115
13450,-0.007
13451,-0.088
13452,-0.02
13453,0.063
13454,0.078
13455,-0.044
13456,-0.122
13457,-0.134
13458,-0.195
13459,-0.239
13460,-0.176
13461,-0.073
13462,-0.103
13463,0.01
13464,0.01
13465,-0.098
13466,0.0
13467,0.115
13468,0.076
13469,-0.093
13470,-0.159
13471,0.061
13472,0.151
13473,0.071
13474,0.056
13475,-0.117
13476,0.056
13477,0.391
13478,0.269
13479,-0.115
13480,0.042
13481,0.254
13482,-0.12
13483,-0.291
13484,-0.076
13485,-0.208
13486,-0.127
13487,0.007
13488,0.095
13489,0.1
13490,0.017
13491,-0.227
13492,-0.349
13493,-0.159
13494,0.352
13495,0.444
13496,0.176
13497,0.132
13498,0.098
13499,-0.056
13500,-0.164
13501,-0.222
13502,-0.168
13503,-0.002
13504,0.073
13505,-0.01
13506,0.056
13507,0.205
13508,0.076
13509,-0.024
13510,-0.037
13511,-0.046
13512,-0.09
13513,-0.103
13514,-0.198
13515,-0.088
13516,-0.029
13517,-0.061
13518,-0.039
13519,0.059
13520,0.034
13521,-0.066
13522,0.066
13523,0.078
13524,-0.093
13525,-0.278
13526,-0.21
13527,0.034
13528,0.227
13529,0.178
13530,0.085
13531,0.139
13532,0.115
13533,0.007
13534,-0.054
13535,-0.105
13536,0.02
13537,0.11
13538,0.112
13539,0.151
13540,0.195
13541,0.11
13542,-0.085
13543,-0.112
13544,-0.051
13545,0.0
13546,-0.129
13547,-0.208
13548,-0.122
13549,-0.061
13550,-0.054
13551,-0.085
13552,-0.132
13553,-0.063
13554,0.137
13555,0.134
13556,-0.154
13557,-0.264
13558,0.076
13559,0.349
13560,0.291
13561,0.146
13562,0.02
13563,0.085
13564,0.354
13565,0.249
13566,-0.144
13567,-0.303
13568,-0.369
13569,-0.337
13570,0.027
13571,0.339
13572,-0.022
13573,-0.149
13574,-0.024
13575,0.044
13576,0.112
13577,0.005
13578,-0.156
13579,-0.198
13580,-0.117
13581,0.337
13582,0.364
13583,0.278
13584,0.11
13585,-0.002
13586,-0.042
13587,-0.188
13588,-0.322
13589,-0.171
13590,-0.027
13591,0.017
13592,-0.054
13593,-0.02
13594,0.186
13595,0.234
13596,0.156
13597,-0.093
13598,-0.178
13599,-0.061
13600,0.002
13601,0.005
13602,-0.039
13603,0.071
13604,0.105
13605,0.042
13606,0.007
13607,0.076
13608,0.027
13609,-0.139
13610,-0.232
13611,-0.134
13612,-0.007
13613,0.085
13614,-0.01
13615,-0.056
13616,0.044
13617,0.178
13618,0.19
13619,0.061
13620,-0.02
13621,0.007
13622,0.054
13623,0.144
13624,0.156
13625,0.073
13626,-0.002
13627,-0.032
13628,-0.034
13629,-0.002
13630,0.002
13631,-0.173
13632,-0.256
13633,-0.217
13634,-0.173
13635,-0.149
13636,-0.029
13637,0.002
13638,-0.125
13639,-0.127
13640,0.129
13641,0.273
13642,0.112
13643,-0.251
13644,0.044
13645,0.303
13646,0.286
13647,0.11
13648,0.032
13649,0.068
13650,0.225
13651,0.188
13652,-0.068
13653,-0.381
13654,-0.361
13655,-0.046
13656,-0.039
13657,0.071
13658,0.183
13659,0.029
13660,-0.085
13661,-0.247
13662,-0.149
13663,0.132
13664,0.059
13665,-0.19
13666,-0.198
13667,0.112
13668,0.42
13669,0.281
13670,-0.029
13671,-0.046
13672,0.012
13673,-0.037
13674,-0.217
13675,-0.273
13676,-0.129
13677,-0.017
13678,0.103
13679,0.085
13680,0.144
13681,0.222
13682,0.134
13683,0.007
13684,-0.19
13685,-0.227
13686,0.032
13687,0.183
13688,-0.115
13689,-0.183
13690,-0.044
13691,0.19
13692,0.105
13693,-0.173
13694,-0.217
13695,-0.166
13696,-0.151
13697,-0.144
13698,-0.107
13699,-0.046
13700,0.017
13701,0.063
13702,0.149
13703,0.139
13704,0.12
13705,0.068
13706,0.029
13707,0.022
13708,0.073
13709,0.015
13710,0.005
13711,0.034
13712,0.078
13713,0.073
13714,-0.01
13715,-0.134
13716,-0.144
13717,-0.02
13718,0.012
13719,-0.154
13720,-0.225
13721,-0.063
13722,0.024
13723,-0.002
13724,-0.022
13725,-0.122
13726,0.015
13727,0.056
13728,0.073
13729,0.044
13730,-0.142
13731,-0.02
13732,0.12
13733,0.181
13734,0.156
13735,-0.071
13736,0.059
13737,0.3
13738,0.093
13739,-0.129
13740,-0.408
13741,-0.286
13742,-0.212
13743,-0.076
13744,0.122
13745,0.015
13746,0.037
13747,-0.112
13748,-0.1
13749,0.005
13750,-0.054
13751,-0.122
13752,-0.176
13753,-0.183
13754,0.137
13755,0.3
13756,0.195
13757,0.044
13758,-0.144
13759,-0.066
13760,-0.139
13761,-0.254
13762,-0.244
13763,-0.098
13764,0.005
13765,-0.015
13766,0.063
13767,0.186
13768,0.183
13769,0.171
13770,0.078
13771,-0.032
13772,-0.107
13773,-0.056
13774,-0.098
13775,-0.132
13776,-0.103
13777,-0.017
13778,0.068
13779,-0.034
13780,-0.132
13781,-0.056
13782,-0.037
13783,-0.012
13784,-0.061
13785,-0.098
13786,-0.122
13787,0.051
13788,0.222
13789,0.205
13790,0.122
13791,0.134
13792,0.085
13793,0.015
13794,-0.046
13795,-0.002
13796,-0.007
13797,-0.037
13798,-0.046
13799,0.083
13800,0.115
13801,0.032
13802,-0.027
13803,-0.022
13804,0.029
13805,-0.01
13806,-0.173
13807,-0.254
13808,-0.117
13809,0.01
13810,0.044
13811,0.007
13812,-0.1
13813,-0.029
13814,0.142
13815,0.137
13816,-0.081
13817,-0.239
13818,-0.022
13819,0.271
13820,0.393
13821,0.073
13822,-0.078
13823,0.098
13824,0.312
13825,0.205
13826,-0.352
13827,-0.422
13828,-0.251
13829,0.007
13830,0.005
13831,-0.059
13832,-0.059
13833,-0.017
13834,0.044
13835,0.032
13836,0.066
13837,-0.073
13838,-0.2
13839,-0.188
13840,-0.029
13841,0.208
13842,0.447
13843,0.234
13844,0.11
13845,0.002
13846,0.063
13847,0.024
13848,-0.127
13849,-0.237
13850,-0.115
13851,-0.024
13852,0.027
13853,0.142
13854,0.166
13855,0.146
13856,0.139
13857,0.0
13858,-0.088
13859,-0.078
13860,-0.078
13861,-0.1
13862,-0.073
13863,0.029
13864,0.049
13865,0.068
13866,0.076
13867,-0.005
13868,0.027
13869,0.007
13870,-0.061
13871,-0.051
13872,-0.132
13873,-0.105
13874,0.007
13875,0.095
13876,0.071
13877,0.068
13878,0.164
13879,0.083
13880,0.012
13881,-0.044
13882,-0.051
13883,0.071
13884,0.125
13885,0.105
13886,0.073
13887,0.098
13888,0.134
13889,0.171
13890,0.095
13891,-0.056
13892,-0.183
13893,-0.173
13894,-0.164
13895,-0.078
13896,-0.129
13897,-0.085
13898,-0.061
13899,0.029
13900,0.039
13901,0.056
13902,0.037
13903,0.005
13904,-0.066
13905,0.09
13906,0.337
13907,0.305
13908,0.073
13909,0.017
13910,0.354
13911,0.461
13912,0.046
13913,-0.281
13914,-0.388
13915,-0.142
13916,-0.168
13917,-0.093
13918,0.046
13919,0.063
13920,-0.059
13921,-0.103
13922,0.063
13923,0.166
13924,0.034
13925,-0.225
13926,-0.156
13927,0.159
13928,0.559
13929,0.496
13930,0.173
13931,0.098
13932,0.015
13933,-0.078
13934,-0.142
13935,-0.129
13936,-0.227
13937,-0.291
13938,-0.107
13939,0.203
13940,0.239
13941,0.149
13942,0.061
13943,0.007
13944,0.012
13945,-0.039
13946,-0.027
13947,0.015
13948,0.0
13949,0.034
13950,0.044
13951,0.085
13952,0.063
13953,0.0
13954,-0.059
13955,-0.2
13956,-0.168
13957,-0.161
13958,-0.156
13959,-0.107
13960,0.015
13961,0.088
13962,0.127
13963,0.164
13964,0.168
13965,0.19
13966,0.142
13967,0.107
13968,0.181
13969,0.222
13970,0.227
13971,0.078
13972,0.046
13973,0.173
13974,0.188
13975,0.066
13976,-0.139
13977,-0.286
13978,-0.139
13979,-0.071
13980,-0.129
13981,-0.295
13982,-0.239
13983,-0.046
13984,0.007
13985,-0.098
13986,-0.115
13987,-0.012
13988,0.142
13989,0.166
13990,-0.022
13991,-0.115
13992,0.129
13993,0.388
13994,0.142
13995,-0.032
13996,-0.046
13997,0.098
13998,0.232
13999,0.017
14000,-0.356
14001,-0.269
14002,-0.046
14003,-0.015
14004,-0.059
14005,-0.088
14006,0.234
14007,0.22
14008,-0.007
14009,0.115
14010,0.154
14011,0.007
14012,-0.02
14013,-0.217
14014,-0.012
14015,0.334
14016,0.361
14017,0.032
14018,-0.09
14019,0.029
14020,-0.061
14021,-0.271
14022,-0.276
14023,-0.21
14024,0.081
14025,0.164
14026,0.0
14027,-0.029
14028,0.093
14029,0.178
14030,0.117
14031,-0.037
14032,-0.117
14033,-0.049
14034,0.12
14035,0.068
14036,-0.071
14037,-0.12
14038,0.034
14039,0.081
14040,-0.103
14041,-0.171
14042,-0.046
14043,-0.022
14044,-0.112
14045,-0.076
14046,0.007
14047,0.12
14048,0.203
14049,0.208
14050,0.066
14051,0.059
14052,0.159
14053,0.146
14054,0.095
14055,-0.02
14056,-0.007
14057,-0.01
14058,0.059
14059,0.042
14060,-0.029
14061,-0.01
14062,0.051
14063,-0.032
14064,-0.134
14065,-0.115
14066,-0.073
14067,-0.144
14068,-0.115
14069,-0.002
14070,0.054
14071,-0.027
14072,-0.046
14073,-0.049
14074,-0.002
14075,0.132
14076,0.129
14077,0.002
14078,-0.071
14079,0.02
14080,0.127
14081,0.186
14082,0.188
14083,-0.122
14084,0.007
14085,0.256
14086,0.342
14087,-0.076
14088,-0.325
14089,-0.178
14090,-0.12
14091,-0.156
14092,0.032
14093,0.061
14094,0.024
14095,0.054
14096,0.044
14097,-0.007
14098,-0.046
14099,-0.02
14100,-0.137
14101,-0.149
14102,0.046
14103,0.19
14104,0.276
14105,0.215
14106,0.027
14107,-0.234
14108,-0.12
14109,-0.076
14110,-0.081
14111,-0.129
14112,-0.051
14113,0.144
14114,0.166
14115,0.017
14116,0.073
14117,0.154
14118,0.044
14119,-0.107
14120,-0.161
14121,-0.046
14122,-0.032
14123,-0.027
14124,-0.083
14125,0.051
14126,0.073
14127,0.066
14128,0.007
14129,-0.027
14130,-0.032
14131,-0.073
14132,-0.068
14133,-0.063
14134,-0.078
14135,-0.02
14136,0.093
14137,0.144
14138,0.044
14139,0.11
14140,0.183
14141,0.112
14142,0.02
14143,-0.005
14144,0.078
14145,0.107
14146,-0.017
14147,-0.027
14148,0.12
14149,0.173
14150,0.032
14151,-0.007
14152,0.002
14153,-0.073
14154,-0.173
14155,-0.259
14156,-0.229
14157,-0.149
14158,-0.046
14159,0.024
14160,-0.039
14161,-0.1
14162,0.051
14163,0.112
14164,-0.056
14165,-0.054
14166,-0.051
14167,-0.01
14168,0.273
14169,0.432
14170,0.142
14171,-0.144
14172,0.193
14173,0.532
14174,0.063
14175,-0.364
14176,-0.432
14177,-0.32
14178,-0.103
14179,0.115
14180,-0.007
14181,-0.127
14182,-0.083
14183,-0.042
14184,-0.012
14185,0.088
14186,-0.022
14187,-0.193
14188,-0.178
14189,0.1
14190,0.344
14191,0.396
14192,0.42
14193,0.022
14194,-0.09
14195,-0.024
14196,-0.049
14197,-0.103
14198,-0.166
14199,-0.088
14200,-0.051
14201,-0.005
14202,0.142
14203,0.198
14204,0.105
14205,-0.056
14206,-0.151
14207,-0.1
14208,-0.015
14209,-0.012
14210,-0.066
14211,-0.1
14212,0.105
14213,0.193
14214,0.054
14215,0.017
14216,0.002
14217,-0.09
14218,-0.164
14219,-0.176
14220,-0.146
14221,0.02
14222,0.107
14223,0.066
14224,-0.1
14225,-0.032
14226,0.222
14227,0.261
14228,0.115
14229,0.0
14230,0.103
14231,0.173
14232,0.151
14233,0.066
14234,-0.017
14235,0.142
14236,0.166
14237,0.005
14238,-0.12
14239,-0.188
14240,-0.171
14241,-0.227
14242,-0.222
14243,-0.186
14244,-0.149
14245,-0.081
14246,-0.073
14247,-0.093
14248,-0.081
14249,0.093
14250,0.154
14251,0.015
14252,-0.037
14253,0.132
14254,0.327
14255,0.154
14256,-0.22
14257,-0.051
14258,0.43
14259,0.474
14260,0.007
14261,-0.557
14262,-0.469
14263,-0.09
14264,-0.073
14265,-0.09
14266,-0.002
14267,0.02
14268,0.125
14269,-0.125
14270,-0.151
14271,-0.022
14272,0.015
14273,-0.083
14274,-0.286
14275,0.059
14276,0.52
14277,0.388
14278,0.029
14279,-0.076
14280,0.01
14281,0.122
14282,-0.229
14283,-0.417
14284,-0.308
14285,-0.039
14286,0.076
14287,0.073
14288,0.093
14289,0.115
14290,0.071
14291,-0.002
14292,0.002
14293,-0.051
14294,0.059
14295,0.071
14296,0.027
14297,-0.117
14298,-0.037
14299,-0.039
14300,-0.054
14301,-0.151
14302,-0.205
14303,-0.063
14304,-0.195
14305,-0.278
14306,-0.151
14307,-0.078
14308,0.02
14309,0.002
14310,0.061
14311,0.095
14312,0.066
14313,0.21
14314,0.176
14315,0.063
14316,0.012
14317,0.049
14318,0.071
14319,0.017
14320,0.046
14321,0.054
14322,0.022
14323,-0.068
14324,-0.085
14325,-0.117
14326,-0.146
14327,-0.144
14328,-0.12
14329,-0.12
14330,-0.093
14331,0.0
14332,-0.083
14333,-0.11
14334,-0.027
14335,0.112
14336,0.232
14337,0.103
14338,-0.137
14339,-0.076
14340,0.046
14341,0.295
14342,0.164
14343,-0.027
14344,-0.068
14345,0.056
14346,0.117
14347,-0.002
14348,-0.332
14349,-0.303
14350,-0.081
14351,-0.09
14352,-0.188
14353,0.024
14354,0.154
14355,0.259
14356,-0.012
14357,-0.103
14358,-0.005
14359,0.056
14360,-0.049
14361,-0.22
14362,-0.132
14363,0.205
14364,0.127
14365,-0.046
14366,-0.051
14367,-0.029
14368,-0.11
14369,-0.183
14370,-0.186
14371,-0.073
14372,-0.125
14373,-0.144
14374,0.032
14375,0.154
14376,0.212
14377,0.198
14378,0.122
14379,-0.051
14380,-0.12
14381,-0.076
14382,-0.061
14383,-0.076
14384,-0.076
14385,-0.076
14386,-0.044
14387,-0.044
14388,0.01
14389,0.005
14390,-0.059
14391,-0.098
14392,-0.159
14393,-0.1
14394,-0.066
14395,0.005
14396,0.066
14397,0.142
14398,0.073
14399,0.049
14400,0.2
14401,0.122
14402,-0.066
14403,-0.093
14404,-0.063
14405,0.005
14406,0.042
14407,0.01
14408,-0.017
14409,-0.024
14410,0.017
14411,-0.098
14412,-0.066
14413,-0.068
14414,-0.068
14415,-0.044
14416,-0.278
14417,-0.161
14418,0.122
14419,0.112
14420,-0.103
14421,-0.244
14422,-0.022
14423,0.054
14424,-0.095
14425,-0.11
14426,-0.171
14427,0.061
14428,0.103
14429,0.168
14430,-0.051
14431,-0.017
14432,0.164
14433,0.198
14434,0.098
14435,-0.176
14436,-0.288
14437,-0.334
14438,-0.12
14439,0.029
14440,0.142
14441,0.005
14442,-0.19
14443,-0.142
14444,-0.005
14445,0.117
14446,-0.029
14447,-0.266
14448,-0.32
14449,-0.01
14450,0.337
14451,0.269
14452,0.068
14453,-0.027
14454,0.037
14455,0.034
14456,-0.049
14457,-0.171
14458,-0.181
14459,-0.105
14460,-0.149
14461,-0.044
14462,0.015
14463,0.259
14464,0.249
14465,-0.017
14466,-0.125
14467,-0.139
14468,-0.134
14469,-0.093
14470,-0.144
14471,-0.12
14472,-0.044
14473,0.181
14474,0.095
14475,-0.09
14476,-0.049
14477,0.071
14478,0.046
14479,-0.122
14480,-0.156
14481,-0.024
14482,0.049
14483,-0.002
14484,0.015
14485,0.078
14486,0.059
14487,0.139
14488,0.039
14489,-0.093
14490,-0.1
14491,-0.056
14492,-0.039
14493,-0.068
14494,0.063
14495,0.159
14496,0.139
14497,0.068
14498,0.073
14499,0.054
14500,0.005
14501,-0.12
14502,-0.2
14503,-0.117
14504,-0.103
14505,-0.129
14506,-0.12
14507,-0.051
14508,-0.105
14509,-0.029
14510,0.212
14511,0.12
14512,0.015
14513,-0.081
14514,0.073
14515,0.493
14516,0.164
14517,0.066
14518,-0.005
14519,0.193
14520,0.364
14521,0.085
14522,-0.293
14523,-0.442
14524,-0.088
14525,-0.068
14526,-0.085
14527,0.122
14528,0.029
14529,-0.117
14530,-0.19
14531,0.002
14532,0.017
14533,-0.078
14534,-0.127
14535,-0.3
14536,0.02
14537,0.442
14538,0.408
14539,0.183
14540,0.02
14541,0.044
14542,0.059
14543,-0.115
14544,-0.193
14545,-0.21
14546,-0.051
14547,0.024
14548,0.015
14549,0.054
14550,0.127
14551,0.178
14552,0.183
14553,-0.029
14554,-0.2
14555,-0.122
14556,0.088
14557,0.056
14558,-0.146
14559,-0.093
14560,0.112
14561,0.166
14562,0.054
14563,-0.12
14564,-0.173
14565,-0.1
14566,-0.105
14567,-0.225
14568,-0.093
14569,0.076
14570,0.127
14571,0.093
14572,0.039
14573,0.078
14574,0.156
14575,0.125
14576,0.042
14577,0.085
14578,0.178
14579,0.105
14580,0.088
14581,0.137
14582,0.146
14583,0.098
14584,0.017
14585,-0.051
14586,-0.1
14587,-0.164
14588,-0.2
14589,-0.215
14590,-0.161
14591,-0.098
14592,-0.1
14593,-0.046
14594,-0.007
14595,-0.024
14596,-0.061
14597,0.129
14598,0.244
14599,0.1
14600,-0.09
14601,0.11
14602,0.369
14603,0.281
14604,0.093
14605,0.063
14606,0.068
14607,0.356
14608,0.208
14609,-0.083
14610,-0.283
14611,-0.229
14612,-0.076
14613,0.044
14614,0.005
14615,0.12
14616,-0.012
14617,-0.154
14618,-0.076
14619,0.088
14620,0.029
14621,-0.042
14622,-0.105
14623,0.005
14624,0.12
14625,0.261
14626,0.251
14627,0.042
14628,-0.125
14629,-0.183
14630,-0.203
14631,-0.12
14632,-0.063
14633,-0.09
14634,-0.112
14635,-0.017
14636,0.181
14637,0.234
14638,0.115
14639,0.007
14640,0.056
14641,-0.029
14642,-0.039
14643,0.024
14644,-0.012
14645,-0.027
14646,-0.046
14647,0.022
14648,0.125
14649,0.073
14650,-0.095
14651,-0.161
14652,-0.173
14653,-0.1
14654,0.005
14655,0.012
14656,0.012
14657,0.0
14658,0.173
14659,0.266
14660,0.166
14661,0.181
14662,0.181
14663,0.073
14664,0.024
14665,-0.09
14666,0.137
14667,0.198
14668,0.085
14669,-0.066
14670,0.034
14671,0.212
14672,0.029
14673,-0.029
14674,-0.083
14675,-0.142
14676,-0.073
14677,-0.044
14678,-0.029
14679,-0.051
14680,0.022
14681,0.076
14682,0.068
14683,0.078
14684,0.088
14685,0.173
14686,0.024
14687,-0.146
14688,-0.017
14689,0.205
14690,0.344
14691,0.171
14692,-0.083
14693,0.056
14694,0.425
14695,0.105
14696,-0.349
14697,-0.51
14698,-0.457
14699,-0.103
14700,0.122
14701,0.234
14702,0.127
14703,0.098
14704,0.039
14705,-0.002
14706,-0.01
14707,-0.017
14708,-0.11
14709,-0.164
14710,0.01
14711,0.125
14712,0.193
14713,0.186
14714,0.149
14715,-0.007
14716,-0.112
14717,-0.115
14718,-0.078
14719,-0.085
14720,-0.037
14721,-0.01
14722,0.005
14723,0.093
14724,0.264
14725,0.312
14726,0.146
14727,0.002
14728,-0.085
14729,-0.063
14730,-0.044
14731,-0.078
14732,-0.12
14733,-0.051
14734,0.059
14735,-0.022
14736,-0.017
14737,0.002
14738,0.044
14739,-0.127
14740,-0.137
14741,-0.107
14742,0.007
14743,0.105
14744,0.12
14745,0.12
14746,0.173
14747,0.2
14748,0.154
14749,0.09
14750,0.005
14751,0.024
14752,0.002
14753,-0.007
14754,-0.09
14755,0.01
14756,0.115
14757,0.139
14758,0.061
14759,-0.012
14760,0.017
14761,0.012
14762,-0.151
14763,-0.237
14764,-0.159
14765,-0.076
14766,0.002
14767,-0.005
14768,-0.076
14769,-0.186
14770,0.012
14771,0.127
14772,0.056
14773,-0.098
14774,-0.115
14775,0.01
14776,0.205
14777,0.227
14778,0.078
14779,-0.085
14780,0.146
14781,0.459
14782,0.164
14783,-0.273
14784,-0.283
14785,-0.288
14786,-0.222
14787,0.024
14788,0.227
14789,0.056
14790,0.054
14791,-0.076
14792,-0.066
14793,-0.01
14794,-0.032
14795,-0.334
14796,-0.281
14797,-0.071
14798,0.195
14799,0.405
14800,0.391
14801,0.171
14802,-0.051
14803,-0.129
14804,0.012
14805,-0.042
14806,-0.144
14807,-0.1
14808,-0.012
14809,-0.002
14810,0.034
14811,0.081
14812,0.154
14813,0.02
14814,-0.115
14815,-0.134
14816,-0.178
14817,-0.098
14818,-0.095
14819,-0.088
14820,-0.09
14821,0.017
14822,0.061
14823,0.081
14824,0.054
14825,-0.042
14826,-0.083
14827,-0.166
14828,-0.1
14829,-0.029
14830,0.042
14831,0.093
14832,0.115
14833,0.037
14834,0.024
14835,0.117
14836,0.144
14837,0.071
14838,-0.02
14839,-0.01
14840,0.093
14841,0.095
14842,0.105
14843,0.161
14844,0.129
14845,0.059
14846,0.012
14847,-0.085
14848,-0.093
14849,-0.151
14850,-0.19
14851,-0.227
14852,-0.212
14853,-0.198
14854,-0.054
14855,0.051
14856,-0.032
14857,-0.1
14858,0.02
14859,0.02
14860,-0.022
14861,-0.054
14862,0.032
14863,0.33
14864,0.217
14865,0.139
14866,-0.044
14867,0.168
14868,0.33
14869,0.068
14870,-0.442
14871,-0.566
14872,-0.254
14873,-0.164
14874,-0.134
14875,0.154
14876,0.022
14877,-0.032
14878,-0.039
14879,0.059
14880,0.007
14881,-0.09
14882,-0.212
14883,-0.315
14884,-0.012
14885,0.276
14886,0.249
14887,0.21
14888,0.034
14889,-0.085
14890,-0.144
14891,-0.251
14892,-0.134
14893,-0.071
14894,-0.071
14895,-0.103
14896,-0.132
14897,0.029
14898,0.22
14899,0.232
14900,0.068
14901,-0.044
14902,-0.034
14903,0.02
14904,0.024
14905,-0.054
14906,-0.046
14907,-0.056
14908,-0.012
14909,0.073
14910,-0.093
14911,-0.176
14912,-0.154
14913,-0.2
14914,-0.303
14915,-0.195
14916,-0.085
14917,0.042
14918,0.078
14919,0.093
14920,0.073
14921,0.022
14922,0.208
14923,0.217
14924,0.066
14925,-0.068
14926,-0.007
14927,0.081
14928,0.044
14929,-0.007
14930,0.078
14931,0.081
14932,-0.059
14933,-0.225
14934,-0.222
14935,-0.156
14936,-0.083
14937,-0.085
14938,-0.193
14939,-0.198
14940,-0.125
14941,-0.01
14942,-0.076
14943,-0.056
14944,0.051
14945,0.149
14946,0.11
14947,0.002
14948,-0.19
14949,-0.063
14950,0.303
14951,0.376
14952,0.054
14953,-0.315
14954,-0.2
14955,0.269
14956,0.112
14957,-0.415
14958,-0.339
14959,-0.315
14960,-0.063
14961,0.017
14962,0.081
14963,-0.078
14964,-0.09
14965,-0.051
14966,0.085
14967,0.068
14968,-0.029
14969,-0.076
14970,-0.098
14971,0.11
14972,0.173
14973,0.098
14974,0.081
14975,0.103
14976,0.017
14977,-0.076
14978,-0.242
14979,-0.198
14980,-0.173
14981,-0.117
14982,-0.022
14983,0.02
14984,0.083
14985,0.149
14986,0.178
14987,0.122
14988,0.034
14989,-0.071
14990,-0.09
14991,-0.044
14992,-0.11
14993,-0.142
14994,-0.107
14995,0.042
14996,0.046
14997,-0.103
14998,-0.161
14999,-0.134
15000,-0.078
15001,-0.098
15002,-0.085
15003,-0.105
15004,-0.042
15005,0.125
15006,0.093
15007,0.051
15008,0.107
15009,0.137
15010,0.105
15011,0.027
15012,-0.107
15013,-0.066
15014,0.088
15015,0.039
15016,-0.134
15017,-0.029
15018,0.071
15019,0.063
15020,-0.095
15021,-0.178
15022,-0.061
15023,-0.093
15024,-0.093
15025,-0.085
15026,-0.034
15027,0.076
15028,0.117
15029,-0.022
15030,-0.029
15031,0.122
15032,0.215
15033,0.002
15034,-0.217
15035,-0.105
15036,0.205
15037,0.244
15038,0.068
15039,-0.173
15040,0.103
15041,0.327
15042,0.239
15043,-0.1
15044,-0.344
15045,-0.349
15046,-0.085
15047,0.044
15048,-0.005
15049,0.156
15050,0.21
15051,0.105
15052,-0.176
15053,-0.276
15054,-0.005
15055,0.081
15056,-0.205
15057,-0.381
15058,-0.076
15059,0.244
15060,0.203
15061,0.034
15062,-0.039
15063,0.085
15064,0.093
15065,-0.061
15066,-0.171
15067,0.12
15068,0.251
15069,0.132
15070,0.061
15071,0.037
15072,0.156
15073,0.269
15074,0.127
15075,-0.063
15076,-0.112
15077,-0.1
15078,-0.007
15079,-0.105
15080,-0.21
15081,-0.049
15082,0.022
15083,-0.024
15084,-0.125
15085,-0.103
15086,0.063
15087,0.02
15088,-0.09
15089,-0.093
15090,0.037
15091,0.061
15092,0.029
15093,0.037
15094,0.049
15095,0.066
15096,0.002
15097,0.007
15098,-0.081
15099,-0.042
15100,-0.02
15101,-0.061
15102,-0.061
15103,-0.039
15104,0.037
15105,0.103
15106,0.061
15107,-0.056
15108,-0.034
15109,0.056
15110,-0.02
15111,-0.049
15112,-0.146
15113,-0.178
15114,-0.085
15115,0.029
15116,0.034
15117,-0.129
15118,-0.105
15119,0.132
15120,0.183
15121,0.0
15122,-0.183
15123,-0.193
15124,0.12
15125,0.31
15126,0.298
15127,-0.095
15128,0.024
15129,0.444
15130,0.273
15131,-0.198
15132,-0.544
15133,-0.366
15134,-0.151
15135,-0.071
15136,0.017
15137,0.088
15138,0.051
15139,-0.271
15140,-0.134
15141,0.0
15142,0.044
15143,-0.112
15144,-0.156
15145,0.051
15146,0.32
15147,0.41
15148,0.222
15149,0.09
15150,0.022
15151,0.0
15152,0.017
15153,-0.056
15154,-0.085
15155,-0.127
15156,-0.134
15157,-0.032
15158,0.078
15159,0.146
15160,0.093
15161,-0.012
15162,-0.093
15163,-0.132
15164,-0.059
15165,-0.051
15166,-0.127
15167,-0.132
15168,-0.042
15169,-0.005
15170,0.054
15171,0.042
15172,-0.037
15173,-0.164
15174,-0.164
15175,-0.154
15176,-0.137
15177,-0.161
15178,-0.11
15179,0.0
15180,0.071
15181,-0.027
15182,-0.015
15183,0.093
15184,0.159
15185,0.088
15186,0.015
15187,0.068
15188,0.164
15189,0.161
15190,0.168
15191,0.173
15192,0.098
15193,0.02
15194,-0.046
15195,-0.112
15196,-0.173
15197,-0.234
15198,-0.217
15199,-0.173
15200,-0.154
15201,-0.09
15202,0.01
15203,-0.046
15204,-0.1
15205,0.039
15206,0.203
15207,0.149
15208,0.005
15209,-0.005
15210,0.117
15211,0.266
15212,0.354
15213,0.261
15214,-0.095
15215,-0.02
15216,0.369
15217,0.132
15218,-0.374
15219,-0.486
15220,-0.322
15221,-0.11
15222,-0.034
15223,0.178
15224,0.029
15225,0.017
15226,-0.024
15227,-0.088
15228,-0.095
15229,-0.017
15230,0.002
15231,-0.059
15232,0.042
15233,0.186
15234,0.43
15235,0.139
15236,-0.042
15237,0.078
15238,0.037
15239,-0.032
15240,-0.198
15241,-0.212
15242,-0.027
15243,0.049
15244,0.076
15245,0.117
15246,0.215
15247,0.244
15248,0.085
15249,-0.015
15250,-0.002
15251,0.015
15252,0.063
15253,0.027
15254,0.017
15255,-0.017
15256,-0.007
15257,-0.032
15258,0.002
15259,-0.037
15260,-0.127
15261,-0.22
15262,-0.225
15263,-0.19
15264,-0.105
15265,-0.042
15266,0.049
15267,0.142
15268,0.142
15269,0.178
15270,0.232
15271,0.256
15272,0.149
15273,0.015
15274,0.139
15275,0.178
15276,0.129
15277,0.11
15278,0.146
15279,0.129
15280,-0.005
15281,-0.112
15282,-0.144
15283,-0.139
15284,-0.2
15285,-0.186
15286,-0.164
15287,-0.21
15288,-0.144
15289,-0.049
15290,-0.046
15291,-0.061
15292,0.015
15293,0.156
15294,0.176
15295,-0.032
15296,-0.144
15297,0.107
15298,0.151
15299,0.059
15300,0.073
15301,-0.129
15302,0.024
15303,0.291
15304,-0.007
15305,-0.203
15306,-0.361
15307,-0.229
15308,-0.244
15309,-0.049
15310,0.222
15311,0.112
15312,0.02
15313,0.0
15314,0.088
15315,0.22
15316,0.178
15317,0.027
15318,-0.156
15319,-0.068
15320,0.166
15321,0.31
15322,0.269
15323,0.105
15324,0.063
15325,-0.066
15326,-0.227
15327,-0.259
15328,-0.137
15329,0.02
15330,0.034
15331,0.02
15332,0.083
15333,0.205
15334,0.317
15335,0.181
15336,0.083
15337,-0.044
15338,-0.051
15339,-0.171
15340,-0.22
15341,-0.063
15342,-0.007
15343,-0.005
15344,-0.046
15345,-0.022
15346,-0.063
15347,-0.037
15348,-0.002
15349,-0.01
15350,-0.005
15351,0.059
15352,0.002
15353,0.071
15354,0.059
15355,0.056
15356,0.151
15357,0.242
15358,0.11
15359,0.044
15360,0.083
15361,0.129
15362,0.039
15363,-0.037
15364,-0.027
15365,-0.039
15366,0.095
15367,0.071
15368,-0.049
15369,-0.149
15370,-0.022
15371,0.071
15372,-0.203
15373,-0.249
15374,-0.203
15375,-0.127
15376,-0.083
15377,0.049
15378,0.063
15379,-0.012
15380,0.007
15381,0.049
15382,-0.007
15383,-0.024
15384,0.044
15385,0.249
15386,0.056
15387,-0.083
15388,-0.073
15389,0.093
15390,0.327
15391,0.288
15392,-0.325
15393,-0.491
15394,-0.151
15395,-0.144
15396,-0.01
15397,0.198
15398,0.171
15399,-0.098
15400,-0.266
15401,0.017
15402,0.151
15403,-0.022
15404,-0.21
15405,-0.217
15406,-0.112
15407,0.227
15408,0.447
15409,0.198
15410,0.0
15411,0.032
15412,0.085
15413,0.007
15414,-0.249
15415,-0.173
15416,-0.054
15417,0.117
15418,0.054
15419,-0.054
15420,0.039
15421,0.295
15422,0.305
15423,0.029
15424,-0.154
15425,-0.088
15426,0.0
15427,0.029
15428,0.015
15429,0.002
15430,0.039
15431,0.156
15432,-0.02
15433,-0.076
15434,0.002
15435,-0.066
15436,-0.073
15437,0.132
15438,-0.01
15439,-0.061
15440,0.042
15441,0.125
15442,0.107
15443,0.085
15444,0.007
15445,0.005
15446,0.098
15447,0.164
15448,0.017
15449,-0.125
15450,0.063
15451,0.203
15452,0.188
15453,0.088
15454,0.01
15455,0.027
15456,0.029
15457,0.01
15458,-0.098
15459,-0.232
15460,-0.21
15461,-0.044
15462,0.007
15463,-0.01
15464,-0.134
15465,-0.039
15466,0.132
15467,0.095
15468,-0.017
15469,0.007
15470,0.154
15471,0.32
15472,0.305
15473,-0.01
15474,0.002
15475,0.298
15476,0.325
15477,0.122
15478,-0.425
15479,-0.342
15480,-0.249
15481,0.039
15482,0.078
15483,0.015
15484,-0.051
15485,-0.049
15486,-0.012
15487,-0.015
15488,0.046
15489,0.01
15490,-0.149
15491,-0.186
15492,0.168
15493,0.422
15494,0.41
15495,0.12
15496,0.032
15497,0.046
15498,-0.112
15499,-0.183
15500,-0.161
15501,-0.125
15502,-0.09
15503,-0.125
15504,-0.059
15505,0.098
15506,0.2
15507,0.039
15508,-0.071
15509,0.005
15510,0.022
15511,0.073
15512,0.054
15513,0.007
15514,0.042
15515,0.107
15516,0.127
15517,0.071
15518,-0.022
15519,0.002
15520,-0.083
15521,-0.098
15522,-0.125
15523,-0.1
15524,-0.068
15525,0.027
15526,-0.015
15527,0.015
15528,0.127
15529,0.105
15530,0.056
15531,0.081
15532,0.073
15533,0.149
15534,0.291
15535,0.142
15536,0.017
15537,0.1
15538,0.142
15539,0.083
15540,-0.071
15541,-0.02
15542,-0.039
15543,-0.122
15544,-0.176
15545,-0.244
15546,-0.134
15547,-0.002
15548,-0.037
15549,0.042
15550,0.083
15551,0.1
15552,0.115
15553,0.0
15554,-0.11
15555,0.117
15556,0.112
15557,0.215
15558,0.081
15559,-0.168
15560,0.046
15561,0.547
15562,0.176
15563,-0.349
15564,-0.544
15565,-0.349
15566,-0.295
15567,0.081
15568,0.269
15569,-0.071
15570,-0.339
15571,-0.181
15572,0.066
15573,0.181
15574,0.02
15575,-0.186
15576,-0.254
15577,0.269
15578,0.52
15579,0.454
15580,0.244
15581,-0.049
15582,-0.132
15583,-0.132
15584,-0.056
15585,-0.166
15586,-0.217
15587,-0.173
15588,-0.076
15589,0.002
15590,-0.037
15591,-0.01
15592,-0.049
15593,0.0
15594,0.059
15595,0.083
15596,0.081
15597,0.002
15598,-0.061
15599,-0.042
15600,0.02
15601,0.071
15602,-0.103
15603,-0.166
15604,-0.161
15605,-0.071
15606,-0.039
15607,-0.051
15608,-0.198
15609,-0.154
15610,-0.093
15611,0.049
15612,0.066
15613,0.044
15614,0.071
15615,0.154
15616,0.173
15617,0.159
15618,0.093
15619,0.149
15620,0.115
15621,0.044
15622,-0.029
15623,-0.022
15624,0.005
15625,-0.071
15626,-0.144
15627,-0.188
15628,-0.146
15629,-0.208
15630,-0.193
15631,-0.132
15632,-0.137
15633,-0.098
15634,-0.063
15635,-0.081
15636,-0.044
15637,0.095
15638,0.269
15639,0.166
15640,-0.166
15641,-0.142
15642,0.09
15643,0.181
15644,-0.017
15645,-0.288
15646,-0.093
15647,0.012
15648,0.186
15649,-0.103
15650,-0.361
15651,-0.332
15652,-0.056
15653,-0.291
15654,-0.176
15655,0.156
15656,0.093
15657,-0.056
15658,-0.112
15659,-0.11
15660,0.173
15661,0.078
15662,-0.183
15663,-0.234
15664,0.002
15665,0.322
15666,0.139
15667,-0.098
15668,-0.073
15669,-0.068
15670,0.076
15671,-0.112
15672,-0.281
15673,-0.21
15674,-0.037
15675,-0.076
15676,-0.146
15677,-0.032
15678,0.198
15679,0.176
15680,-0.046
15681,-0.12
15682,-0.137
15683,-0.017
15684,-0.098
15685,-0.183
15686,-0.217
15687,-0.107
15688,0.027
15689,-0.029
15690,-0.105
15691,-0.061
15692,-0.063
15693,-0.059
15694,-0.056
15695,0.017
15696,-0.01
15697,-0.029
15698,-0.012
15699,0.088
15700,0.11
15701,0.029
15702,0.034
15703,0.078
15704,0.015
15705,-0.056
15706,-0.078
15707,-0.017
15708,-0.012
15709,-0.073
15710,-0.095
15711,-0.061
15712,0.02
15713,-0.039
15714,-0.076
15715,-0.132
15716,-0.139
15717,-0.134
15718,-0.073
15719,-0.103
15720,-0.024
15721,-0.127
15722,-0.164
15723,-0.159
15724,-0.042
15725,0.076
15726,-0.015
15727,-0.261
15728,-0.247
15729,-0.012
15730,0.43
15731,0.22
15732,-0.034
15733,-0.095
15734,0.19
15735,0.391
15736,0.098
15737,-0.347
15738,-0.427
15739,0.042
15740,-0.107
15741,-0.408
15742,-0.051
15743,0.295
15744,0.098
15745,-0.298
15746,-0.278
15747,-0.017
15748,0.0
15749,-0.149
15750,-0.3
15751,-0.137
15752,0.305
15753,0.447
15754,0.093
15755,-0.076
15756,-0.056
15757,0.125
15758,-0.034
15759,-0.21
15760,-0.215
15761,-0.215
15762,-0.134
15763,-0.044
15764,-0.007
15765,0.015
15766,0.071
15767,0.056
15768,-0.037
15769,-0.032
15770,0.02
15771,-0.012
15772,-0.042
15773,-0.078
15774,-0.002
15775,-0.024
15776,0.054
15777,0.044
15778,0.037
15779,0.02
15780,-0.103
15781,-0.095
15782,0.01
15783,-0.039
15784,-0.032
15785,0.059
15786,0.066
15787,0.007
15788,0.007
15789,0.161
15790,0.173
15791,0.122
15792,0.017
15793,0.039
15794,0.173
15795,0.154
15796,-0.012
15797,0.007
15798,0.044
15799,0.073
15800,-0.01
15801,-0.112
15802,-0.22
15803,-0.188
15804,-0.112
15805,-0.117
15806,-0.161
15807,-0.076
15808,-0.024
15809,-0.1
15810,-0.044
15811,0.093
15812,0.076
15813,-0.002
15814,0.039
15815,-0.081
15816,0.12
15817,0.259
15818,0.339
15819,-0.015
15820,-0.017
15821,0.188
15822,0.325
15823,0.02
15824,-0.503
15825,-0.513
15826,-0.178
15827,-0.068
15828,0.093
15829,-0.093
15830,-0.164
15831,0.11
15832,0.112
15833,-0.061
15834,-0.159
15835,-0.039
15836,0.034
15837,0.034
15838,0.19
15839,0.244
15840,0.193
15841,0.266
15842,0.183
15843,-0.034
15844,-0.171
15845,-0.366
15846,-0.427
15847,-0.227
15848,-0.134
15849,0.103
15850,0.078
15851,0.176
15852,0.21
15853,0.125
15854,0.049
15855,0.093
15856,0.117
15857,0.017
15858,-0.046
15859,0.022
15860,0.095
15861,0.1
15862,0.088
15863,-0.073
15864,-0.183
15865,-0.105
15866,-0.024
15867,-0.122
15868,-0.171
15869,-0.083
15870,-0.022
15871,0.049
15872,0.259
15873,0.249
15874,0.186
15875,0.234
15876,0.249
15877,0.183
15878,0.1
15879,0.178
15880,0.161
15881,0.061
15882,0.11
15883,0.154
15884,0.129
15885,0.12
15886,0.007
15887,-0.049
15888,-0.095
15889,-0.063
15890,-0.129
15891,-0.156
15892,-0.129
15893,-0.056
15894,0.066
15895,0.11
15896,0.12
15897,0.178
15898,0.166
15899,0.054
15900,0.032
15901,-0.017
15902,0.049
15903,0.222
15904,0.19
15905,-0.107
15906,-0.127
15907,0.283
15908,0.332
15909,-0.1
15910,-0.312
15911,-0.415
15912,-0.198
15913,-0.22
15914,-0.115
15915,0.146
15916,0.19
15917,0.081
15918,0.024
15919,0.024
15920,0.09
15921,0.142
15922,-0.054
15923,-0.232
15924,-0.017
15925,0.398
15926,0.432
15927,0.149
15928,0.049
15929,0.068
15930,0.01
15931,-0.132
15932,-0.269
15933,-0.146
15934,0.095
15935,0.112
15936,-0.066
15937,0.049
15938,0.239
15939,0.33
15940,0.181
15941,0.051
15942,0.093
15943,0.19
15944,0.059
15945,-0.2
15946,-0.286
15947,-0.071
15948,0.005
15949,0.005
15950,-0.049
15951,-0.129
15952,-0.042
15953,0.022
15954,0.066
15955,0.01
15956,-0.11
15957,-0.103
15958,0.122
15959,0.164
15960,0.09
15961,0.107
15962,0.215
15963,0.115
15964,-0.137
15965,-0.112
15966,0.093
15967,0.227
15968,0.044
15969,-0.156
15970,-0.088
15971,0.193
15972,0.239
15973,0.017
15974,-0.159
15975,-0.078
15976,0.037
15977,-0.037
15978,-0.149
15979,-0.161
15980,-0.012
15981,0.068
15982,0.037
15983,-0.076
15984,0.059
15985,0.171
15986,0.137
15987,-0.11
15988,-0.203
15989,0.039
15990,0.247
15991,0.256
15992,-0.083
15993,-0.122
15994,0.193
15995,0.369
15996,0.085
15997,-0.176
15998,-0.417
15999,-0.112
16000,0.032
16001,0.029
16002,0.2
16003,0.112
16004,-0.034
16005,-0.12
16006,-0.007
16007,0.071
16008,-0.059
16009,-0.198
16010,-0.208
16011,0.178
16012,0.359
16013,0.222
16014,0.142
16015,0.107
16016,0.142
16017,-0.039
16018,-0.154
16019,-0.134
16020,-0.139
16021,-0.073
16022,-0.022
16023,0.044
16024,0.215
16025,0.193
16026,0.071
16027,-0.073
16028,0.012
16029,0.037
16030,-0.115
16031,-0.117
16032,-0.071
16033,-0.007
16034,0.088
16035,-0.02
16036,-0.027
16037,0.024
16038,0.024
16039,-0.037
16040,-0.181
16041,-0.103
16042,0.173
16043,0.112
16044,-0.205
16045,-0.244
16046,0.066
16047,0.239
16048,0.076
16049,-0.078
16050,-0.1
16051,-0.02
16052,0.073
16053,0.11
16054,0.027
16055,-0.054
16056,0.022
16057,0.159
16058,0.176
16059,0.112
16060,-0.095
16061,-0.103
16062,-0.037
16063,-0.117
16064,-0.134
16065,-0.149
16066,-0.01
16067,-0.076
16068,-0.132
16069,-0.171
16070,-0.029
16071,0.085
16072,0.046
16073,-0.09
16074,-0.249
16075,0.037
16076,0.227
16077,0.261
16078,0.176
16079,-0.005
16080,-0.027
16081,0.381
16082,0.21
16083,-0.044
16084,-0.544
16085,-0.442
16086,-0.522
16087,-0.134
16088,0.31
16089,0.149
16090,-0.078
16091,-0.208
16092,-0.151
16093,0.103
16094,0.01
16095,-0.117
16096,-0.173
16097,-0.022
16098,0.33
16099,0.317
16100,0.22
16101,0.156
16102,0.044
16103,-0.139
16104,-0.222
16105,-0.225
16106,-0.22
16107,-0.049
16108,-0.02
16109,-0.129
16110,-0.029
16111,0.164
16112,0.193
16113,0.012
16114,-0.088
16115,-0.007
16116,-0.012
16117,-0.005
16118,-0.049
16119,-0.017
16120,0.076
16121,0.105
16122,-0.122
16123,-0.081
16124,0.125
16125,0.037
16126,-0.112
16127,-0.232
16128,-0.105
16129,-0.032
16130,0.034
16131,0.02
16132,0.051
16133,0.002
16134,0.017
16135,0.168
16136,0.132
16137,0.071
16138,-0.105
16139,-0.012
16140,0.081
16141,0.103
16142,0.115
16143,0.081
16144,0.146
16145,0.088
16146,-0.1
16147,-0.239
16148,-0.195
16149,-0.088
16150,-0.125
16151,-0.208
16152,-0.105
16153,-0.076
16154,-0.044
16155,-0.139
16156,-0.029
16157,0.171
16158,0.171
16159,0.068
16160,-0.056
16161,-0.066
16162,0.09
16163,0.32
16164,0.242
16165,0.137
16166,-0.095
16167,0.02
16168,0.217
16169,0.029
16170,-0.42
16171,-0.496
16172,-0.295
16173,-0.168
16174,-0.029
16175,0.137
16176,-0.103
16177,-0.159
16178,-0.042
16179,-0.117
16180,0.027
16181,0.061
16182,-0.212
16183,-0.256
16184,0.137
16185,0.408
16186,0.227
16187,-0.042
16188,-0.046
16189,0.032
16190,0.007
16191,-0.171
16192,-0.247
16193,-0.225
16194,-0.125
16195,-0.042
16196,0.007
16197,-0.024
16198,0.066
16199,0.098
16200,0.137
16201,0.083
16202,-0.149
16203,-0.217
16204,0.027
16205,0.051
16206,-0.068
16207,-0.098
16208,0.012
16209,0.002
16210,-0.066
16211,-0.073
16212,-0.183
16213,-0.193
16214,-0.195
16215,-0.151
16216,-0.129
16217,-0.125
16218,0.02
16219,0.115
16220,0.103
16221,0.103
16222,0.171
16223,0.217
16224,0.1
16225,-0.007
16226,0.029
16227,0.051
16228,0.054
16229,0.039
16230,0.02
16231,0.061
16232,-0.034
16233,-0.139
16234,-0.129
16235,-0.132
16236,-0.042
16237,-0.142
16238,-0.161
16239,-0.042
16240,-0.029
16241,-0.076
16242,-0.024
16243,0.022
16244,0.188
16245,0.205
16246,0.039
16247,-0.083
16248,-0.103
16249,0.122
16250,0.142
16251,0.073
16252,-0.034
16253,-0.044
16254,0.098
16255,0.264
16256,0.066
16257,-0.31
16258,-0.471
16259,-0.227
16260,-0.291
16261,-0.188
16262,0.22
16263,0.151
16264,-0.183
16265,-0.039
16266,0.09
16267,0.078
16268,-0.063
16269,-0.21
16270,-0.303
16271,0.007
16272,0.381
16273,0.276
16274,-0.015
16275,0.002
16276,0.105
16277,-0.024
16278,-0.146
16279,-0.161
16280,-0.232
16281,-0.132
16282,0.059
16283,0.115
16284,0.125
16285,0.215
16286,0.012
16287,0.007
16288,0.161
16289,0.002
16290,-0.244
16291,-0.242
16292,-0.076
16293,-0.093
16294,-0.208
16295,-0.1
16296,-0.005
16297,-0.051
16298,-0.073
16299,-0.161
16300,-0.093
16301,-0.066
16302,-0.061
16303,-0.076
16304,-0.137
16305,-0.02
16306,0.171
16307,0.122
16308,0.098
16309,0.212
16310,0.183
16311,0.015
16312,-0.09
16313,-0.066
16314,0.037
16315,-0.022
16316,0.046
16317,-0.007
16318,0.1
16319,0.093
16320,-0.076
16321,-0.068
16322,-0.039
16323,-0.071
16324,-0.164
16325,-0.232
16326,-0.188
16327,-0.078
16328,-0.063
16329,-0.063
16330,-0.037
16331,0.044
16332,0.09
16333,0.032
16334,-0.056
16335,-0.203
16336,0.022
16337,0.3
16338,0.273
16339,0.161
16340,-0.132
16341,0.264
16342,0.488
16343,0.112
16344,-0.286
16345,-0.447
16346,-0.305
16347,-0.212
16348,0.095
16349,0.117
16350,-0.01
16351,-0.068
16352,-0.054
16353,-0.002
16354,-0.083
16355,-0.105
16356,-0.217
16357,-0.239
16358,-0.024
16359,0.327
16360,0.305
16361,0.205
16362,0.085
16363,0.039
16364,-0.022
16365,-0.132
16366,-0.195
16367,-0.122
16368,-0.032
16369,-0.076
16370,-0.042
16371,0.063
16372,0.186
16373,0.103
16374,-0.034
16375,-0.083
16376,-0.046
16377,-0.022
16378,-0.017
16379,-0.085
16380,-0.034
16381,0.093
16382,0.107
16383,0.039
16384,-0.098
16385,-0.061
16386,0.007
16387,-0.176
16388,-0.176
16389,-0.049
16390,0.054
16391,-0.039
16392,-0.039
16393,0.117
16394,0.105
16395,0.024
16396,0.02
16397,0.046
16398,0.024
16399,-0.012
16400,0.046
16401,0.107
16402,0.159
16403,0.068
16404,0.029
16405,0.085
16406,0.081
16407,-0.032
16408,-0.164
16409,-0.083
16410,-0.081
16411,-0.244
16412,-0.229
16413,-0.12
16414,-0.081
16415,-0.09
16416,-0.037
16417,-0.02
16418,0.046
16419,0.21
16420,0.125
16421,-0.061
16422,-0.032
16423,0.176
16424,0.378
16425,0.208
16426,-0.09
16427,0.039
16428,0.269
16429,0.366
16430,0.054
16431,-0.376
16432,-0.439
16433,0.024
16434,-0.002
16435,-0.183
16436,-0.098
16437,0.186
16438,0.132
16439,-0.276
16440,-0.156
16441,0.11
16442,0.078
16443,-0.078
16444,-0.164
16445,0.083
16446,0.356
16447,0.376
16448,0.139
16449,0.1
16450,0.032
16451,0.066
16452,-0.203
16453,-0.293
16454,-0.132
16455,-0.09
16456,-0.054
16457,-0.046
16458,-0.024
16459,0.208
16460,0.293
16461,0.042
16462,-0.027
16463,-0.02
16464,0.081
16465,0.088
16466,-0.002
16467,-0.024
16468,0.059
16469,0.093
16470,0.046
16471,-0.049
16472,-0.085
16473,-0.146
16474,-0.159
16475,-0.076
16476,-0.081
16477,-0.117
16478,-0.166
16479,0.012
16480,0.127
16481,0.042
16482,-0.01
16483,0.095
16484,0.225
16485,0.063
16486,-0.071
16487,0.034
16488,0.166
16489,0.227
16490,0.1
16491,0.034
16492,0.09
16493,0.11
16494,-0.063
16495,-0.105
16496,-0.11
16497,-0.159
16498,-0.139
16499,-0.198
16500,-0.156
16501,-0.027
16502,0.002
16503,0.007
16504,0.039
16505,0.161
16506,0.212
16507,0.059
16508,-0.029
16509,-0.107
16510,0.059
16511,0.298
16512,0.254
16513,0.029
16514,-0.066
16515,-0.012
16516,0.232
16517,0.066
16518,-0.325
16519,-0.449
16520,-0.244
16521,-0.137
16522,0.027
16523,0.039
16524,0.066
16525,-0.071
16526,-0.09
16527,-0.085
16528,-0.039
16529,0.01
16530,-0.061
16531,-0.107
16532,-0.007
16533,0.295
16534,0.256
16535,0.142
16536,0.063
16537,-0.066
16538,-0.146
16539,-0.229
16540,-0.149
16541,-0.054
16542,-0.046
16543,-0.042
16544,0.115
16545,0.234
16546,0.271
16547,0.215
16548,0.117
16549,0.051
16550,0.034
16551,-0.005
16552,-0.015
16553,-0.09
16554,-0.054
16555,0.012
16556,-0.022
16557,-0.071
16558,-0.027
16559,0.012
16560,-0.022
16561,-0.107
16562,-0.144
16563,-0.095
16564,-0.073
16565,-0.027
16566,0.105
16567,0.198
16568,0.122
16569,0.081
16570,0.134
16571,0.146
16572,0.115
16573,0.022
16574,-0.049
16575,0.012
16576,0.127
16577,0.132
16578,0.1
16579,0.037
16580,-0.042
16581,-0.049
16582,-0.068
16583,-0.044
16584,-0.1
16585,-0.159
16586,-0.166
16587,-0.049
16588,0.071
16589,0.093
16590,-0.005
16591,0.012
16592,0.059
16593,0.127
16594,0.073
16595,-0.051
16596,-0.11
16597,0.127
16598,0.249
16599,0.227
16600,-0.173
16601,-0.078
16602,0.212
16603,0.168
16604,-0.049
16605,-0.361
16606,-0.276
16607,-0.269
16608,-0.034
16609,0.159
16610,0.085
16611,-0.042
16612,-0.046
16613,-0.029
16614,-0.083
16615,-0.044
16616,-0.029
16617,-0.166
16618,-0.139
16619,0.349
16620,0.4
16621,0.205
16622,0.171
16623,0.054
16624,-0.034
16625,-0.051
16626,-0.195
16627,-0.149
16628,-0.068
16629,0.012
16630,0.0
16631,-0.015
16632,0.129
16633,0.254
16634,0.249
16635,0.076
16636,-0.083
16637,-0.112
16638,-0.085
16639,-0.022
16640,-0.12
16641,-0.12
16642,0.007
16643,0.115
16644,0.061
16645,0.012
16646,0.02
16647,-0.015
16648,0.044
16649,-0.017
16650,-0.151
16651,-0.066
16652,0.178
16653,0.144
16654,-0.005
16655,-0.029
16656,0.171
16657,0.217
16658,-0.01
16659,-0.046
16660,0.073
16661,0.137
16662,0.105
16663,-0.01
16664,0.142
16665,0.164
16666,0.103
16667,-0.115
16668,-0.144
16669,-0.029
16670,0.02
16671,-0.105
16672,-0.259
16673,-0.232
16674,0.01
16675,-0.017
16676,-0.09
16677,-0.144
16678,-0.093
16679,0.049
16680,0.146
16681,0.134
16682,-0.178
16683,-0.024
16684,0.337
16685,0.43
16686,0.195
16687,-0.081
16688,-0.071
16689,0.442
16690,0.388
16691,-0.132
16692,-0.471
16693,-0.085
16694,-0.027
16695,-0.046
16696,-0.024
16697,-0.112
16698,-0.085
16699,0.017
16700,-0.029
16701,-0.164
16702,-0.115
16703,-0.027
16704,-0.105
16705,-0.061
16706,0.222
16707,0.452
16708,0.295
16709,0.098
16710,-0.056
16711,-0.015
16712,0.042
16713,-0.137
16714,-0.205
16715,-0.088
16716,0.01
16717,0.093
16718,0.081
16719,0.093
16720,0.103
16721,0.054
16722,0.0
16723,-0.168
16724,-0.049
16725,-0.032
16726,-0.017
16727,0.022
16728,0.046
16729,-0.005
16730,0.088
16731,0.083
16732,-0.022
16733,-0.071
16734,-0.09
16735,-0.117
16736,-0.051
16737,-0.061
16738,-0.059
16739,0.012
16740,0.046
16741,0.068
16742,0.037
16743,0.098
16744,0.115
16745,0.051
16746,0.024
16747,-0.02
16748,0.034
16749,0.208
16750,0.242
16751,0.159
16752,0.085
16753,-0.034
16754,0.005
16755,0.01
16756,0.02
16757,-0.161
16758,-0.193
16759,-0.095
16760,-0.161
16761,-0.229
16762,-0.159
16763,-0.081
16764,-0.059
16765,0.027
16766,0.012
16767,0.044
16768,-0.198
16769,-0.107
16770,0.366
16771,0.227
16772,-0.027
16773,-0.081
16774,0.083
16775,0.286
16776,0.291
16777,0.054
16778,-0.374
16779,-0.374
16780,-0.132
16781,-0.212
16782,-0.139
16783,0.149
16784,0.173
16785,0.054
16786,-0.056
16787,-0.085
16788,0.134
16789,0.049
16790,0.015
16791,-0.046
16792,0.005
16793,0.264
16794,0.256
16795,0.073
16796,0.066
16797,0.146
16798,0.073
16799,-0.081
16800,-0.278
16801,-0.132
16802,-0.015
16803,-0.039
16804,-0.024
16805,0.071
16806,0.186
16807,0.266
16808,0.039
16809,-0.056
16810,0.039
16811,0.122
16812,0.088
16813,0.007
16814,-0.098
16815,-0.1
16816,0.005
16817,0.029
16818,-0.039
16819,-0.056
16820,-0.039
16821,-0.144
16822,-0.156
16823,-0.11
16824,-0.095
16825,-0.051
16826,-0.049
16827,0.12
16828,0.146
16829,0.212
16830,0.198
16831,0.125
16832,-0.056
16833,0.0
16834,0.134
16835,0.151
16836,0.029
16837,-0.112
16838,0.044
16839,0.183
16840,0.015
16841,-0.176
16842,-0.066
16843,0.024
16844,-0.178
16845,-0.242
16846,-0.193
16847,-0.066
16848,0.029
16849,-0.005
16850,-0.068
16851,0.107
16852,0.227
16853,0.129
16854,-0.027
16855,0.024
16856,0.039
16857,0.164
16858,0.281
16859,0.188
16860,0.1
16861,0.029
16862,0.161
16863,0.354
16864,0.132
16865,-0.342
16866,-0.566
16867,-0.376
16868,-0.044
16869,-0.051
16870,0.107
16871,0.178
16872,0.066
16873,-0.159
16874,-0.093
16875,0.122
16876,0.005
16877,-0.237
16878,-0.256
16879,-0.024
16880,0.276
16881,0.251
16882,-0.012
16883,-0.051
16884,0.0
16885,-0.034
16886,-0.247
16887,-0.178
16888,-0.178
16889,-0.054
16890,0.049
16891,0.081
16892,0.125
16893,0.203
16894,0.222
16895,0.115
16896,0.015
16897,-0.054
16898,-0.012
16899,0.029
16900,-0.098
16901,-0.205
16902,-0.095
16903,0.029
16904,0.027
16905,-0.007
16906,-0.073
16907,-0.066
16908,-0.032
16909,-0.088
16910,-0.134
16911,-0.098
16912,-0.015
16913,0.107
16914,0.193
16915,0.146
16916,0.034
16917,-0.032
16918,0.073
16919,0.085
16920,-0.012
16921,-0.073
16922,-0.02
16923,-0.007
16924,-0.032
16925,-0.063
16926,0.027
16927,0.085
16928,-0.007
16929,-0.129
16930,-0.166
16931,-0.239
16932,-0.142
16933,0.022
16934,0.029
16935,-0.134
16936,-0.107
16937,-0.093
16938,0.005
16939,0.134
16940,0.088
16941,-0.039
16942,-0.034
16943,-0.093
16944,-0.042
16945,0.137
16946,0.234
16947,0.056
16948,-0.142
16949,0.286
16950,0.378
16951,0.073
16952,-0.322
16953,-0.417
16954,-0.474
16955,-0.049
16956,0.254
16957,0.066
16958,-0.088
16959,-0.042
16960,0.105
16961,0.027
16962,-0.076
16963,-0.149
16964,-0.247
16965,-0.305
16966,-0.061
16967,0.127
16968,0.32
16969,0.3
16970,0.081
16971,0.098
16972,0.059
16973,-0.015
16974,-0.142
16975,-0.1
16976,-0.015
16977,0.005
16978,-0.061
16979,-0.012
16980,0.21
16981,0.22
16982,0.068
16983,-0.134
16984,-0.134
16985,-0.12
16986,-0.012
16987,-0.105
16988,-0.144
16989,-0.061
16990,-0.046
16991,0.071
16992,0.068
16993,-0.049
16994,-0.115
16995,-0.032
16996,0.002
16997,-0.071
16998,-0.09
16999,-0.049
17000,0.085
17001,0.12
17002,-0.015
17003,-0.032
17004,0.022
17005,0.061
17006,0.027
17007,-0.085
17008,0.022
17009,0.095
17010,0.115
17011,0.142
17012,0.093
17013,0.125
17014,0.156
17015,0.027
17016,-0.09
17017,-0.063
17018,-0.095
17019,-0.09
17020,-0.188
17021,-0.137
17022,-0.115
17023,0.007
17024,-0.042
17025,-0.083
17026,0.085
17027,0.098
17028,0.032
17029,-0.2
17030,-0.071
17031,0.195
17032,0.339
17033,0.227
17034,0.105
17035,0.107
17036,0.471
17037,0.315
17038,0.024
17039,-0.352
17040,-0.464
17041,-0.085
17042,-0.085
17043,-0.198
17044,0.098
17045,0.11
17046,-0.088
17047,-0.247
17048,-0.166
17049,-0.02
17050,0.032
17051,-0.068
17052,-0.134
17053,0.205
17054,0.469
17055,0.303
17056,0.027
17057,0.071
17058,0.112
17059,-0.083
17060,-0.2
17061,-0.176
17062,-0.098
17063,-0.027
17064,-0.068
17065,0.049
17066,0.112
17067,0.183
17068,0.117
17069,0.044
17070,-0.017
17071,-0.032
17072,-0.093
17073,0.01
17074,0.01
17075,0.044
17076,0.078
17077,0.09
17078,0.088
17079,-0.02
17080,-0.083
17081,-0.115
17082,-0.134
17083,-0.088
17084,-0.112
17085,-0.168
17086,-0.12
17087,0.01
17088,0.029
17089,-0.046
17090,0.032
17091,0.178
17092,0.156
17093,0.081
17094,0.134
17095,0.171
17096,0.195
17097,0.144
17098,0.068
17099,0.129
17100,0.107
17101,-0.034
17102,-0.161
17103,-0.093
17104,-0.127
17105,-0.271
17106,-0.303
17107,-0.178
17108,-0.098
17109,-0.046
17110,-0.11
17111,-0.122
17112,-0.061
17113,0.085
17114,0.264
17115,0.054
17116,-0.164
17117,-0.002
17118,0.215
17119,0.132
17120,0.081
17121,-0.161
17122,-0.027
17123,0.198
17124,0.181
17125,-0.159
17126,-0.356
17127,-0.459
17128,-0.2
17129,-0.132
17130,-0.078
17131,0.1
17132,0.137
17133,0.0
17134,-0.127
17135,-0.034
17136,0.227
17137,0.229
17138,-0.093
17139,-0.264
17140,0.098
17141,0.464
17142,0.315
17143,-0.044
17144,-0.005
17145,0.117
17146,-0.044
17147,-0.339
17148,-0.413
17149,-0.068
17150,0.078
17151,0.073
17152,-0.083
17153,-0.017
17154,0.264
17155,0.276
17156,0.071
17157,-0.105
17158,-0.059
17159,0.063
17160,0.005
17161,-0.073
17162,-0.046
17163,0.11
17164,0.022
17165,-0.212
17166,-0.19
17167,-0.103
17168,-0.046
17169,-0.127
17170,-0.164
17171,-0.195
17172,-0.1
17173,0.024
17174,0.093
17175,0.095
17176,0.02
17177,-0.01
17178,0.151
17179,0.181
17180,0.012
17181,-0.056
17182,0.049
17183,0.063
17184,0.01
17185,-0.061
17186,-0.056
17187,0.066
17188,0.125
17189,0.032
17190,-0.125
17191,-0.117
17192,-0.042
17193,0.012
17194,-0.032
17195,-0.164
17196,-0.029
17197,0.076
17198,0.115
17199,-0.034
17200,0.081
17201,0.2
17202,0.085
17203,-0.007
17204,-0.125
17205,-0.024
17206,0.168
17207,0.33
17208,-0.129
17209,-0.122
17210,0.083
17211,0.354
17212,0.085
17213,-0.488
17214,-0.505
17215,-0.159
17216,0.071
17217,0.073
17218,-0.105
17219,-0.034
17220,0.073
17221,-0.02
17222,-0.112
17223,-0.085
17224,0.066
17225,-0.093
17226,-0.286
17227,-0.298
17228,0.12
17229,0.371
17230,0.254
17231,-0.007
17232,-0.059
17233,0.061
17234,0.054
17235,-0.205
17236,-0.188
17237,-0.127
17238,0.005
17239,0.051
17240,0.027
17241,0.195
17242,0.173
17243,0.103
17244,-0.012
17245,-0.103
17246,-0.068
17247,-0.02
17248,-0.142
17249,-0.149
17250,-0.127
17251,-0.115
17252,-0.032
17253,-0.017
17254,0.017
17255,-0.105
17256,-0.139
17257,-0.088
17258,-0.005
17259,-0.044
17260,-0.068
17261,0.066
17262,0.166
17263,0.149
17264,0.117
17265,0.125
17266,0.127
17267,0.078
17268,-0.024
17269,-0.134
17270,-0.078
17271,0.02
17272,0.034
17273,0.042
17274,0.017
17275,-0.029
17276,0.0
17277,0.054
17278,-0.059
17279,-0.164
17280,-0.103
17281,-0.017
17282,-0.085
17283,-0.249
17284,-0.039
17285,0.078
17286,0.012
17287,-0.103
17288,-0.061
17289,-0.007
17290,0.073
17291,-0.051
17292,0.073
17293,0.254
17294,0.176
17295,0.085
17296,-0.098
17297,0.149
17298,0.361
17299,-0.02
17300,-0.359
17301,-0.415
17302,-0.161
17303,-0.117
17304,-0.066
17305,0.217
17306,0.137
17307,-0.085
17308,-0.132
17309,-0.127
17310,-0.076
17311,-0.085
17312,-0.127
17313,-0.186
17314,0.054
17315,0.364
17316,0.366
17317,0.154
17318,0.093
17319,0.142
17320,0.046
17321,-0.166
17322,-0.234
17323,-0.098
17324,0.02
17325,0.029
17326,0.015
17327,0.112
17328,0.149
17329,0.195
17330,0.09
17331,-0.122
17332,-0.146
17333,-0.01
17334,-0.012
17335,-0.125
17336,-0.083
17337,0.063
17338,0.159
17339,0.027
17340,-0.044
17341,-0.144
17342,-0.142
17343,-0.032
17344,-0.056
17345,-0.212
17346,-0.254
17347,-0.083
17348,0.144
17349,0.115
17350,-0.051
17351,0.027
17352,0.159
17353,0.137
17354,0.017
17355,0.002
17356,0.027
17357,0.1
17358,0.078
17359,0.098
17360,0.19
17361,0.251
17362,0.132
17363,-0.149
17364,-0.12
17365,0.007
17366,0.02
17367,-0.278
17368,-0.317
17369,-0.19
17370,-0.09
17371,-0.188
17372,-0.088
17373,0.015
17374,-0.012
17375,0.044
17376,0.063
17377,0.051
17378,-0.056
17379,0.247
17380,0.376
17381,0.19
17382,0.024
17383,0.022
17384,-0.039
17385,0.217
17386,0.142
17387,-0.327
17388,-0.559
17389,-0.11
17390,0.073
17391,-0.068
17392,-0.156
17393,-0.051
17394,0.01
17395,0.037
17396,0.012
17397,-0.061
17398,-0.098
17399,0.01
17400,-0.068
17401,-0.007
17402,0.234
17403,0.312
17404,0.227
17405,0.066
17406,0.093
17407,0.034
17408,-0.039
17409,-0.112
17410,-0.125
17411,-0.024
17412,-0.039
17413,-0.051
17414,0.105
17415,0.105
17416,0.181
17417,0.188
17418,0.1
17419,0.037
17420,-0.063
17421,0.002
17422,0.078
17423,-0.063
17424,-0.056
17425,-0.039
17426,0.093
17427,0.007
17428,-0.11
17429,-0.215
17430,-0.146
17431,0.0
17432,-0.02
17433,-0.139
17434,-0.144
17435,0.007
17436,0.142
17437,0.134
17438,0.093
17439,0.212
17440,0.264
17441,0.239
17442,0.117
17443,0.127
17444,0.125
17445,0.085
17446,0.085
17447,0.059
17448,0.071
17449,0.112
17450,0.117
17451,0.042
17452,-0.027
17453,-0.151
17454,-0.154
17455,-0.178
17456,-0.076
17457,-0.02
17458,-0.063
17459,0.012
17460,0.005
17461,0.115
17462,0.215
17463,0.168
17464,-0.01
17465,-0.117
17466,0.137
17467,0.164
17468,0.098
17469,0.015
17470,-0.088
17471,0.034
17472,0.312
17473,0.039
17474,-0.134
17475,-0.522
17476,-0.51
17477,-0.337
17478,0.056
17479,0.322
17480,0.107
17481,-0.027
17482,-0.002
17483,0.078
17484,0.193
17485,0.112
17486,-0.054
17487,-0.149
17488,-0.012
17489,0.22
17490,0.264
17491,0.234
17492,0.161
17493,0.012
17494,-0.093
17495,-0.115
17496,-0.105
17497,0.017
17498,-0.012
17499,-0.027
17500,0.0
17501,0.156
17502,0.283
17503,0.298
17504,0.156
17505,0.076
17506,0.059
17507,0.017
17508,-0.039
17509,-0.103
17510,-0.071
17511,0.027
17512,0.056
17513,-0.093
17514,-0.042
17515,-0.032
17516,-0.085
17517,-0.151
17518,-0.225
17519,-0.107
17520,-0.051
17521,-0.007
17522,0.034
17523,0.134
17524,0.132
17525,0.12
17526,0.173
17527,0.181
17528,0.09
17529,-0.042
17530,-0.061
17531,0.007
17532,0.095
17533,-0.042
17534,-0.022
17535,0.178
17536,0.195
17537,-0.022
17538,-0.151
17539,-0.083
17540,0.0
17541,-0.076
17542,-0.09
17543,-0.088
17544,-0.034
17545,0.044
17546,0.015
17547,-0.044
17548,0.085
17549,0.261
17550,0.161
17551,-0.034
17552,-0.229
17553,0.005
17554,0.115
17555,0.203
17556,0.11
17557,0.066
17558,0.166
17559,0.212
17560,-0.01
17561,-0.103
17562,-0.364
17563,-0.208
17564,-0.403
17565,-0.166
17566,0.063
17567,0.156
17568,0.088
17569,-0.122
17570,-0.161
17571,0.022
17572,0.012
17573,-0.21
17574,-0.303
17575,-0.151
17576,0.259
17577,0.388
17578,0.283
17579,0.151
17580,-0.049
17581,0.017
17582,-0.022
17583,-0.09
17584,-0.044
17585,-0.024
17586,0.056
17587,0.066
17588,0.129
17589,0.222
17590,0.205
17591,0.129
17592,-0.039
17593,-0.1
17594,-0.088
17595,-0.112
17596,-0.081
17597,-0.024
17598,-0.112
17599,-0.107
17600,0.002
17601,0.027
17602,-0.032
17603,-0.005
17604,-0.034
17605,-0.032
17606,0.0
17607,-0.012
17608,-0.037
17609,0.076
17610,0.186
17611,0.105
17612,-0.081
17613,-0.012
17614,0.149
17615,0.129
17616,0.01
17617,-0.061
17618,-0.034
17619,0.027
17620,0.088
17621,0.093
17622,0.095
17623,0.159
17624,0.117
17625,0.007
17626,-0.037
17627,-0.037
17628,-0.139
17629,-0.212
17630,-0.137
17631,-0.029
17632,-0.002
17633,-0.032
17634,-0.098
17635,-0.132
17636,-0.032
17637,0.083
17638,-0.046
17639,-0.195
17640,-0.037
17641,0.171
17642,0.254
17643,0.156
17644,-0.107
17645,0.066
17646,0.161
17647,0.161
17648,-0.059
17649,-0.325
17650,-0.461
17651,-0.315
17652,-0.176
17653,-0.005
17654,0.107
17655,-0.027
17656,-0.2
17657,-0.195
17658,-0.01
17659,0.205
17660,0.044
17661,-0.098
17662,-0.127
17663,0.09
17664,0.425
17665,0.352
17666,0.093
17667,0.095
17668,0.132
17669,-0.032
17670,-0.208
17671,-0.22
17672,-0.144
17673,-0.093
17674,-0.015
17675,-0.071
17676,0.002
17677,0.039
17678,0.076
17679,-0.032
17680,0.022
17681,0.02
17682,0.005
17683,-0.027
17684,-0.076
17685,-0.012
17686,0.112
17687,0.122
17688,-0.015
17689,-0.132
17690,-0.176
17691,-0.137
17692,-0.122
17693,-0.12
17694,-0.22
17695,-0.215
17696,-0.059
17697,0.073
17698,0.098
17699,-0.027
17700,0.01
17701,0.176
17702,0.178
17703,0.039
17704,0.044
17705,0.107
17706,0.215
17707,0.186
17708,0.122
17709,0.122
17710,0.154
17711,0.0
17712,-0.142
17713,-0.178
17714,-0.127
17715,-0.139
17716,-0.151
17717,-0.186
17718,-0.188
17719,-0.232
17720,-0.144
17721,0.012
17722,-0.01
17723,0.066
17724,0.059
17725,0.015
17726,0.1
17727,-0.027
17728,0.09
17729,0.234
17730,0.305
17731,0.222
17732,-0.076
17733,-0.11
17734,0.125
17735,0.022
17736,-0.291
17737,-0.488
17738,-0.417
17739,-0.127
17740,-0.002
17741,-0.032
17742,0.09
17743,0.02
17744,-0.01
17745,-0.015
17746,0.037
17747,0.1
17748,-0.034
17749,-0.071
17750,0.068
17751,0.344
17752,0.271
17753,0.059
17754,-0.027
17755,-0.002
17756,-0.151
17757,-0.225
17758,-0.154
17759,-0.125
17760,-0.029
17761,0.002
17762,0.093
17763,0.1
17764,0.21
17765,0.098
17766,0.015
17767,0.024
17768,0.005
17769,0.017
17770,0.076
17771,-0.11
17772,-0.127
17773,-0.051
17774,-0.066
17775,-0.005
17776,-0.007
17777,0.09
17778,-0.144
17779,-0.237
17780,-0.208
17781,-0.015
17782,0.029
17783,0.032
17784,0.054
17785,0.093
17786,0.151
17787,0.186
17788,0.208
17789,0.073
17790,0.071
17791,0.144
17792,0.159
17793,0.1
17794,-0.042
17795,-0.007
17796,0.112
17797,0.034
17798,-0.068
17799,-0.161
17800,0.0
17801,-0.051
17802,-0.256
17803,-0.256
17804,-0.1
17805,0.005
17806,0.0
17807,-0.049
17808,-0.144
17809,0.068
17810,0.237
17811,0.2
17812,-0.137
17813,-0.242
17814,0.095
17815,0.168
17816,0.137
17817,0.139
17818,-0.166
17819,-0.156
17820,0.183
17821,0.322
17822,-0.027
17823,-0.42
17824,-0.361
17825,-0.171
17826,-0.015
17827,0.088
17828,0.266
17829,0.215
17830,0.051
17831,-0.137
17832,-0.098
17833,0.146
17834,0.083
17835,-0.266
17836,-0.364
17837,0.02
17838,0.347
17839,0.264
17840,-0.049
17841,-0.051
17842,0.107
17843,0.1
17844,-0.129
17845,-0.2
17846,-0.022
17847,0.078
17848,0.073
17849,-0.012
17850,0.037
17851,0.298
17852,0.322
17853,0.081
17854,-0.12
17855,-0.032
17856,0.054
17857,-0.081
17858,-0.183
17859,-0.027
17860,-0.015
17861,-0.027
17862,-0.042
17863,-0.049
17864,-0.046
17865,-0.037
17866,-0.068
17867,-0.088
17868,-0.144
17869,0.027
17870,0.225
17871,0.142
17872,0.061
17873,0.066
17874,0.146
17875,0.225
17876,0.024
17877,-0.017
17878,-0.051
17879,-0.029
17880,0.01
17881,0.005
17882,0.017
17883,-0.007
17884,0.029
17885,-0.022
17886,-0.063
17887,0.015
17888,-0.037
17889,-0.078
17890,-0.071
17891,0.037
17892,0.042
17893,-0.022
17894,-0.098
17895,-0.081
17896,-0.034
17897,0.156
17898,0.142
17899,-0.054
17900,-0.188
17901,0.01
17902,0.168
17903,0.127
17904,0.015
17905,-0.073
17906,0.081
17907,0.332
17908,0.129
17909,-0.134
17910,-0.405
17911,-0.295
17912,-0.171
17913,0.034
17914,0.098
17915,0.142
17916,-0.02
17917,-0.081
17918,-0.156
17919,-0.098
17920,-0.037
17921,-0.042
17922,-0.256
17923,-0.137
17924,0.146
17925,0.327
17926,0.225
17927,0.198
17928,0.066
17929,-0.022
17930,0.022
17931,-0.125
17932,-0.002
17933,0.017
17934,0.017
17935,0.007
17936,0.054
17937,0.11
17938,0.09
17939,0.0
17940,0.037
17941,0.012
17942,-0.085
17943,-0.107
17944,-0.056
17945,0.022
17946,-0.042
17947,-0.02
17948,0.02
17949,0.063
17950,0.085
17951,0.024
17952,-0.098
17953,-0.107
17954,-0.059
17955,-0.098
17956,-0.034
17957,0.01
17958,-0.002
17959,-0.076
17960,-0.103
17961,0.049
17962,0.19
17963,0.02
17964,-0.076
17965,-0.024
17966,0.09
17967,0.103
17968,0.12
17969,0.085
17970,0.042
17971,0.112
17972,0.066
17973,-0.049
17974,-0.125
17975,-0.098
17976,-0.042
17977,-0.039
17978,-0.225
17979,-0.156
17980,-0.081
17981,-0.027
17982,-0.081
17983,-0.063
17984,-0.012
17985,-0.015
17986,0.022
17987,0.024
17988,0.073
17989,0.247
17990,0.281
17991,-0.015
17992,-0.085
17993,0.205
17994,0.33
17995,0.042
17996,-0.352
17997,-0.498
17998,-0.4
17999,0.024
18000,0.12
18001,-0.017
18002,-0.205
18003,-0.151
18004,0.083
18005,0.081
18006,0.002
18007,-0.044
18008,0.071
18009,-0.015
18010,0.251
18011,0.359
18012,0.31
18013,0.273
18014,0.127
18015,0.09
18016,0.017
18017,-0.134
18018,-0.125
18019,-0.159
18020,-0.068
18021,-0.056
18022,0.054
18023,0.195
18024,0.164
18025,0.115
18026,0.054
18027,0.066
18028,0.142
18029,0.076
18030,-0.054
18031,-0.056
18032,-0.051
18033,0.09
18034,0.173
18035,0.098
18036,-0.044
18037,-0.115
18038,-0.125
18039,-0.02
18040,0.044
18041,-0.027
18042,-0.181
18043,-0.139
18044,0.01
18045,0.056
18046,0.024
18047,-0.02
18048,0.129
18049,0.173
18050,0.093
18051,-0.012
18052,0.1
18053,0.166
18054,0.112
18055,0.115
18056,-0.037
18057,-0.005
18058,0.061
18059,-0.015
18060,-0.164
18061,-0.142
18062,-0.122
18063,-0.232
18064,-0.232
18065,-0.254
18066,-0.173
18067,-0.083
18068,-0.044
18069,-0.068
18070,-0.042
18071,0.127
18072,0.142
18073,-0.044
18074,0.11
18075,0.283
18076,0.188
18077,0.081
18078,0.027
18079,0.112
18080,0.322
18081,0.054
18082,-0.229
18083,-0.613
18084,-0.256
18085,-0.063
18086,-0.095
18087,-0.044
18088,-0.071
18089,-0.046
18090,-0.095
18091,-0.076
18092,-0.093
18093,0.134
18094,0.093
18095,-0.159
18096,-0.061
18097,0.251
18098,0.349
18099,0.193
18100,0.056
18101,-0.005
18102,0.068
18103,-0.12
18104,-0.203
18105,-0.22
18106,-0.188
18107,-0.112
18108,-0.051
18109,0.139
18110,0.186
18111,0.19
18112,0.288
18113,0.232
18114,0.09
18115,0.068
18116,-0.032
18117,-0.095
18118,0.005
18119,0.093
18120,0.002
18121,-0.085
18122,-0.027
18123,0.095
18124,-0.027
18125,-0.222
18126,-0.325
18127,-0.178
18128,-0.012
18129,-0.076
18130,-0.051
18131,-0.01
18132,0.081
18133,0.176
18134,0.261
18135,0.291
18136,0.115
18137,0.0
18138,0.134
18139,0.107
18140,0.181
18141,0.1
18142,-0.005
18143,0.071
18144,0.02
18145,0.012
18146,-0.037
18147,-0.061
18148,-0.112
18149,-0.154
18150,-0.085
18151,0.034
18152,0.015
18153,-0.049
18154,-0.059
18155,0.007
18156,-0.002
18157,0.098
18158,0.039
18159,0.002
18160,-0.037
18161,-0.088
18162,-0.015
18163,-0.017
18164,-0.01
18165,-0.051
18166,0.054
18167,0.232
18168,0.273
18169,0.022
18170,-0.3
18171,-0.278
18172,0.015
18173,0.044
18174,0.049
18175,0.098
18176,-0.022
18177,-0.095
18178,-0.051
18179,-0.002
18180,-0.085
18181,-0.015
18182,-0.178
18183,-0.247
18184,0.195
18185,0.398
18186,0.286
18187,0.002
18188,0.054
18189,0.068
18190,-0.122
18191,-0.251
18192,-0.066
18193,0.051
18194,0.066
18195,-0.02
18196,-0.034
18197,0.166
18198,0.249
18199,0.122
18200,-0.017
18201,-0.127
18202,-0.164
18203,-0.034
18204,-0.061
18205,0.0
18206,-0.02
18207,-0.046
18208,0.024
18209,0.071
18210,0.09
18211,-0.027
18212,-0.002
18213,-0.02
18214,-0.063
18215,0.015
18216,0.049
18217,0.002
18218,-0.046
18219,0.0
18220,0.2
18221,0.073
18222,-0.1
18223,-0.076
18224,-0.098
18225,0.095
18226,0.151
18227,0.066
18228,0.01
18229,0.129
18230,0.198
18231,0.142
18232,0.039
18233,0.066
18234,-0.107
18235,-0.129
18236,0.012
18237,-0.125
18238,-0.32
18239,-0.215
18240,-0.002
18241,0.027
18242,0.044
18243,-0.032
18244,-0.044
18245,0.071
18246,0.024
18247,0.005
18248,0.21
18249,0.33
18250,0.181
18251,-0.054
18252,0.093
18253,0.354
18254,0.31
18255,0.037
18256,-0.405
18257,-0.449
18258,-0.264
18259,-0.017
18260,0.3
18261,0.11
18262,-0.054
18263,-0.129
18264,-0.105
18265,-0.012
18266,0.017
18267,-0.042
18268,-0.134
18269,-0.061
18270,0.278
18271,0.381
18272,0.579
18273,0.43
18274,0.151
18275,-0.037
18276,-0.166
18277,-0.134
18278,-0.183
18279,-0.242
18280,0.007
18281,0.146
18282,0.095
18283,0.129
18284,0.122
18285,0.056
18286,-0.007
18287,-0.02
18288,-0.059
18289,-0.044
18290,0.024
18291,0.132
18292,0.073
18293,0.076
18294,0.21
18295,0.137
18296,0.044
18297,-0.054
18298,-0.037
18299,-0.027
18300,-0.139
18301,-0.249
18302,-0.139
18303,0.044
18304,0.132
18305,0.034
18306,0.054
18307,0.122
18308,0.139
18309,0.083
18310,0.037
18311,0.112
18312,0.171
18313,0.178
18314,0.2
18315,0.134
18316,0.151
18317,0.09
18318,0.002
18319,-0.042
18320,-0.095
18321,-0.146
18322,-0.051
18323,-0.125
18324,-0.129
18325,-0.076
18326,-0.068
18327,-0.061
18328,0.027
18329,0.049
18330,0.034
18331,-0.105
18332,-0.183
18333,-0.032
18334,0.127
18335,0.325
18336,0.112
18337,0.029
18338,0.247
18339,0.266
18340,-0.076
18341,-0.496
18342,-0.298
18343,-0.371
18344,-0.129
18345,-0.012
18346,-0.251
18347,-0.225
18348,0.054
18349,0.186
18350,0.146
18351,-0.085
18352,-0.115
18353,-0.186
18354,-0.132
18355,0.188
18356,0.381
18357,0.447
18358,0.369
18359,0.083
18360,0.059
18361,0.176
18362,-0.068
18363,-0.332
18364,-0.442
18365,-0.11
18366,-0.049
18367,-0.09
18368,0.005
18369,0.134
18370,0.288
18371,0.125
18372,-0.103
18373,-0.132
18374,-0.046
18375,0.0
18376,-0.049
18377,-0.115
18378,-0.066
18379,0.073
18380,0.049
18381,0.122
18382,0.059
18383,-0.103
18384,-0.237
18385,-0.203
18386,-0.261
18387,-0.239
18388,-0.051
18389,0.085
18390,0.063
18391,0.034
18392,0.112
18393,0.127
18394,0.159
18395,0.054
18396,0.02
18397,0.024
18398,0.0
18399,0.02
18400,0.117
18401,0.244
18402,0.159
18403,-0.117
18404,-0.061
18405,-0.056
18406,-0.073
18407,-0.161
18408,-0.276
18409,-0.337
18410,-0.264
18411,-0.164
18412,-0.017
18413,0.039
18414,0.005
18415,-0.024
18416,-0.049
18417,0.024
18418,-0.129
18419,-0.005
18420,0.288
18421,0.156
18422,-0.01
18423,0.066
18424,0.183
18425,0.386
18426,0.164
18427,-0.264
18428,-0.479
18429,-0.361
18430,-0.154
18431,-0.037
18432,-0.12
18433,0.078
18434,-0.022
18435,-0.068
18436,0.061
18437,0.044
18438,0.115
18439,-0.01
18440,-0.251
18441,-0.181
18442,0.237
18443,0.449
18444,0.227
18445,0.02
18446,0.007
18447,-0.01
18448,-0.151
18449,-0.22
18450,-0.146
18451,-0.129
18452,-0.137
18453,-0.205
18454,-0.046
18455,0.254
18456,0.308
18457,0.061
18458,-0.166
18459,-0.122
18460,0.051
18461,0.056
18462,-0.193
18463,-0.269
18464,-0.11
18465,0.085
18466,0.012
18467,-0.068
18468,-0.088
18469,-0.034
18470,-0.12
18471,-0.251
18472,-0.259
18473,-0.156
18474,0.051
18475,0.046
18476,-0.112
18477,-0.195
18478,0.042
18479,0.276
18480,0.237
18481,-0.107
18482,-0.183
18483,-0.002
18484,0.151
18485,0.093
18486,-0.127
18487,-0.251
18488,-0.11
18489,0.054
18490,-0.017
18491,-0.195
18492,-0.171
18493,-0.042
18494,-0.139
18495,-0.139
18496,-0.144
18497,-0.142
18498,-0.085
18499,0.024
18500,0.0
18501,-0.02
18502,0.112
18503,0.151
18504,-0.076
18505,-0.288
18506,-0.037
18507,0.171
18508,0.034
18509,-0.037
18510,-0.21
18511,0.037
18512,0.22
18513,0.186
18514,-0.11
18515,-0.442
18516,-0.479
18517,-0.015
18518,-0.117
18519,-0.168
18520,0.076
18521,0.244
18522,-0.105
18523,-0.366
18524,-0.244
18525,0.029
18526,0.015
18527,-0.269
18528,-0.408
18529,-0.051
18530,0.42
18531,0.288
18532,-0.11
18533,-0.173
18534,0.164
18535,0.129
18536,-0.239
18537,-0.393
18538,-0.125
18539,0.178
18540,0.198
18541,-0.093
18542,-0.005
18543,0.203
18544,0.171
18545,-0.073
18546,-0.2
18547,-0.149
18548,-0.049
18549,-0.005
18550,-0.083
18551,-0.029
18552,0.015
18553,0.09
18554,0.054
18555,-0.034
18556,-0.083
18557,-0.098
18558,-0.061
18559,-0.034
18560,-0.127
18561,-0.261
18562,0.022
18563,0.171
18564,0.022
18565,-0.073
18566,0.046
18567,0.164
18568,0.046
18569,0.017
18570,0.027
18571,-0.012
18572,0.161
18573,0.068
18574,-0.076
18575,0.039
18576,0.159
18577,0.032
18578,-0.154
18579,-0.168
18580,-0.051
18581,-0.007
18582,-0.063
18583,-0.205
18584,-0.3
18585,-0.1
18586,-0.032
18587,-0.154
18588,-0.129
18589,0.078
18590,0.132
18591,-0.012
18592,-0.081
18593,0.061
18594,0.178
18595,0.259
18596,0.151
18597,0.015
18598,-0.078
18599,0.269
18600,0.303
18601,-0.115
18602,-0.5
18603,-0.513
18604,-0.142
18605,0.132
18606,0.112
18607,-0.01
18608,0.0
18609,0.115
18610,-0.242
18611,-0.151
18612,0.129
18613,0.142
18614,-0.034
18615,-0.139
18616,0.298
18617,0.469
18618,0.366
18619,0.142
18620,0.039
18621,0.22
18622,0.044
18623,-0.203
18624,-0.247
18625,-0.166
18626,0.051
18627,-0.105
18628,-0.071
18629,0.132
18630,0.21
18631,0.11
18632,0.017
18633,-0.166
18634,-0.159
18635,0.061
18636,0.139
18637,0.007
18638,-0.095
18639,0.022
18640,0.085
18641,0.095
18642,-0.022
18643,-0.173
18644,-0.188
18645,-0.054
18646,-0.095
18647,-0.144
18648,-0.195
18649,-0.01
18650,0.205
18651,0.1
18652,0.007
18653,0.107
18654,0.2
18655,0.146
18656,0.061
18657,-0.007
18658,0.073
18659,0.159
18660,0.208
18661,0.076
18662,0.051
18663,0.154
18664,0.144
18665,0.029
18666,-0.166
18667,-0.239
18668,-0.247
18669,-0.229
18670,-0.142
18671,-0.068
18672,0.022
18673,0.112
18674,0.059
18675,0.002
18676,0.105
18677,0.112
18678,-0.002
18679,0.063
18680,0.144
18681,0.215
18682,0.085
18683,-0.059
18684,0.188
18685,0.249
18686,0.281
18687,0.051
18688,-0.315
18689,-0.5
18690,-0.366
18691,-0.039
18692,0.061
18693,0.144
18694,-0.012
18695,-0.076
18696,0.117
18697,0.166
18698,0.09
18699,0.056
18700,-0.146
18701,-0.164
18702,0.127
18703,0.437
18704,0.283
18705,0.034
18706,0.134
18707,0.107
18708,-0.122
18709,-0.239
18710,-0.083
18711,0.012
18712,-0.022
18713,-0.098
18714,-0.042
18715,0.198
18716,0.398
18717,0.225
18718,-0.007
18719,0.085
18720,0.232
18721,0.098
18722,-0.022
18723,-0.059
18724,-0.068
18725,0.068
18726,0.051
18727,-0.061
18728,-0.076
18729,0.012
18730,-0.059
18731,-0.115
18732,-0.164
18733,-0.129
18734,-0.029
18735,0.068
18736,0.012
18737,0.027
18738,0.063
18739,0.229
18740,0.325
18741,0.198
18742,0.088
18743,-0.005
18744,0.1
18745,0.083
18746,0.039
18747,0.078
18748,0.085
18749,0.015
18750,-0.007
18751,-0.005
18752,0.029
18753,0.005
18754,-0.11
18755,-0.164
18756,-0.151
18757,0.002
18758,0.046
18759,0.0
18760,0.007
18761,0.044
18762,0.049
18763,0.19
18764,0.254
18765,0.054
18766,-0.242
18767,0.068
18768,0.208
18769,0.046
18770,-0.068
18771,0.002
18772,0.085
18773,0.107
18774,0.037
18775,-0.32
18776,-0.51
18777,-0.054
18778,-0.107
18779,-0.117
18780,0.22
18781,0.261
18782,0.015
18783,-0.088
18784,-0.029
18785,0.19
18786,0.134
18787,-0.2
18788,-0.359
18789,0.007
18790,0.403
18791,0.264
18792,-0.02
18793,-0.049
18794,0.012
18795,0.083
18796,-0.044
18797,-0.208
18798,-0.066
18799,0.088
18800,0.132
18801,0.005
18802,0.112
18803,0.366
18804,0.295
18805,0.054
18806,-0.059
18807,-0.105
18808,-0.01
18809,0.02
18810,-0.112
18811,-0.1
18812,-0.059
18813,0.085
18814,0.1
18815,-0.039
18816,-0.029
18817,-0.01
18818,-0.005
18819,-0.09
18820,-0.09
18821,-0.032
18822,0.068
18823,0.149
18824,0.085
18825,-0.103
18826,-0.039
18827,0.132
18828,0.139
18829,-0.007
18830,-0.164
18831,-0.125
18832,0.005
18833,0.1
18834,0.11
18835,0.029
18836,0.046
18837,0.081
18838,0.09
18839,-0.024
18840,-0.066
18841,-0.056
18842,-0.144
18843,-0.071
18844,0.037
18845,0.032
18846,-0.122
18847,-0.093
18848,-0.117
18849,-0.01
18850,0.076
18851,-0.015
18852,-0.115
18853,-0.073
18854,0.076
18855,0.278
18856,0.3
18857,0.068
18858,-0.129
18859,0.081
18860,0.337
18861,0.093
18862,-0.459
18863,-0.505
18864,-0.352
18865,-0.137
18866,-0.063
18867,0.073
18868,-0.039
18869,-0.073
18870,-0.146
18871,-0.107
18872,0.0
18873,0.012
18874,-0.164
18875,-0.193
18876,-0.012
18877,0.303
18878,0.359
18879,0.144
18880,0.054
18881,0.083
18882,-0.059
18883,-0.132
18884,-0.183
18885,-0.115
18886,0.022
18887,-0.007
18888,-0.051
18889,-0.02
18890,0.068
18891,0.088
18892,0.015
18893,0.027
18894,-0.063
18895,-0.076
18896,-0.051
18897,-0.142
18898,-0.093
18899,0.022
18900,0.049
18901,0.042
18902,-0.066
18903,-0.061
18904,0.022
18905,0.037
18906,-0.061
18907,-0.237
18908,-0.229
18909,-0.049
18910,0.154
18911,0.073
18912,-0.11
18913,-0.049
18914,0.115
18915,0.139
18916,-0.029
18917,-0.093
18918,-0.005
18919,0.142
18920,0.171
18921,0.037
18922,0.063
18923,0.151
18924,0.127
18925,0.024
18926,-0.049
18927,-0.085
18928,-0.115
18929,-0.183
18930,-0.188
18931,-0.161
18932,-0.095
18933,-0.046
18934,-0.061
18935,-0.068
18936,0.088
18937,0.176
18938,0.139
18939,-0.007
18940,-0.127
18941,0.11
18942,0.352
18943,0.317
18944,-0.181
18945,-0.044
18946,0.281
18947,0.4
18948,-0.144
18949,-0.454
18950,-0.461
18951,-0.33
18952,-0.093
18953,-0.044
18954,-0.105
18955,-0.122
18956,-0.159
18957,0.007
18958,-0.037
18959,0.0
18960,0.054
18961,0.039
18962,-0.032
18963,0.115
18964,0.3
18965,0.339
18966,0.212
18967,0.083
18968,0.037
18969,-0.176
18970,-0.22
18971,-0.12
18972,-0.076
18973,-0.002
18974,0.015
18975,-0.088
18976,-0.085
18977,0.115
18978,0.203
18979,0.156
18980,0.027
18981,-0.024
18982,-0.176
18983,-0.112
18984,-0.076
18985,-0.044
18986,-0.029
18987,0.032
18988,-0.032
18989,-0.093
18990,-0.159
18991,-0.088
18992,-0.115
18993,-0.161
18994,-0.203
18995,-0.259
18996,-0.078
18997,0.039
18998,0.142
18999,0.054
19000,0.12
19001,0.239
19002,0.164
19003,0.093
19004,0.054
19005,0.078
19006,0.193
19007,0.178
19008,0.166
19009,0.098
19010,0.142
19011,0.115
19012,-0.02
19013,-0.137
19014,-0.134
19015,-0.12
19016,-0.051
19017,-0.125
19018,-0.22
19019,-0.081
19020,-0.042
19021,0.054
19022,-0.012
19023,0.066
19024,0.132
19025,0.037
19026,-0.195
19027,-0.076
19028,0.247
19029,0.283
19030,0.083
19031,-0.2
19032,0.002
19033,0.198
19034,0.19
19035,-0.088
19036,-0.398
19037,-0.498
19038,-0.232
19039,-0.12
19040,-0.034
19041,0.19
19042,0.046
19043,-0.081
19044,-0.002
19045,0.024
19046,0.061
19047,-0.015
19048,-0.117
19049,-0.295
19050,-0.054
19051,0.264
19052,0.291
19053,0.234
19054,0.007
19055,-0.085
19056,-0.107
19057,-0.139
19058,-0.183
19059,-0.198
19060,-0.103
19061,-0.022
19062,0.029
19063,0.144
19064,0.22
19065,0.144
19066,0.078
19067,-0.012
19068,-0.115
19069,-0.076
19070,-0.107
19071,-0.032
19072,-0.093
19073,-0.076
19074,0.015
19075,0.071
19076,-0.068
19077,-0.046
19078,-0.095
19079,-0.164
19080,-0.142
19081,-0.088
19082,0.002
19083,-0.002
19084,0.015
19085,0.081
19086,0.154
19087,0.164
19088,0.166
19089,0.078
19090,0.024
19091,0.0
19092,0.037
19093,0.078
19094,0.073
19095,-0.002
19096,-0.02
19097,0.051
19098,0.044
19099,-0.061
19100,-0.161
19101,-0.154
19102,-0.161
19103,-0.076
19104,-0.095
19105,-0.1
19106,-0.049
19107,-0.032
19108,-0.037
19109,-0.085
19110,-0.029
19111,0.066
19112,0.029
19113,-0.039
19114,-0.161
19115,0.107
19116,0.298
19117,0.151
19118,-0.027
19119,-0.125
19120,0.063
19121,0.42
19122,0.154
19123,-0.405
19124,-0.444
19125,-0.239
19126,0.061
19127,0.142
19128,0.049
19129,-0.12
19130,-0.073
19131,-0.015
19132,-0.027
19133,-0.168
19134,-0.161
19135,-0.007
19136,-0.042
19137,0.105
19138,0.256
19139,0.278
19140,0.098
19141,0.029
19142,-0.02
19143,-0.137
19144,-0.181
19145,-0.007
19146,0.054
19147,-0.022
19148,0.042
19149,0.161
19150,0.193
19151,0.127
19152,0.027
19153,-0.042
19154,-0.146
19155,-0.049
19156,-0.005
19157,-0.156
19158,-0.166
19159,-0.002
19160,0.071
19161,0.056
19162,-0.11
19163,-0.093
19164,-0.073
19165,-0.1
19166,-0.059
19167,-0.132
19168,-0.093
19169,0.012
19170,0.115
19171,0.073
19172,-0.112
19173,0.024
19174,0.083
19175,0.068
19176,0.049
19177,-0.127
19178,0.039
19179,0.178
19180,0.166
19181,0.02
19182,0.061
19183,0.076
19184,0.09
19185,0.105
19186,-0.095
19187,-0.176
19188,-0.037
19189,0.085
19190,-0.161
19191,-0.254
19192,-0.195
19193,0.073
19194,0.125
19195,-0.117
19196,-0.164
19197,0.039
19198,0.125
19199,-0.068
19200,-0.142
19201,0.049
19202,0.305
19203,0.205
19204,-0.083
19205,-0.039
19206,0.269
19207,0.366
19208,0.037
19209,-0.396
19210,-0.293
19211,-0.059
19212,-0.029
19213,-0.188
19214,-0.071
19215,0.227
19216,0.173
19217,-0.127
19218,-0.237
19219,-0.037
19220,0.156
19221,-0.017
19222,-0.22
19223,-0.098
19224,0.31
19225,0.432
19226,0.298
19227,0.017
19228,0.146
19229,0.176
19230,-0.105
19231,-0.205
19232,-0.178
19233,-0.034
19234,0.127
19235,-0.037
19236,-0.059
19237,0.051
19238,0.171
19239,0.166
19240,-0.066
19241,-0.093
19242,0.042
19243,0.063
19244,0.02
19245,-0.051
19246,-0.032
19247,0.103
19248,0.085
19249,-0.076
19250,-0.117
19251,-0.032
19252,-0.071
19253,-0.168
19254,-0.2
19255,-0.146
19256,-0.093
19257,-0.066
19258,-0.049
19259,0.063
19260,0.107
19261,0.159
19262,0.066
19263,0.0
19264,-0.027
19265,0.068
19266,0.12
19267,0.012
19268,0.034
19269,0.083
19270,0.137
19271,0.083
19272,-0.029
19273,-0.054
19274,-0.139
19275,-0.139
19276,-0.125
19277,-0.105
19278,-0.093
19279,-0.09
19280,0.0
19281,-0.095
19282,-0.103
19283,0.044
19284,-0.024
19285,0.103
19286,0.024
19287,0.015
19288,0.193
19289,0.271
19290,0.09
19291,-0.115
19292,0.09
19293,0.41
19294,0.281
19295,-0.059
19296,-0.51
19297,-0.237
19298,-0.215
19299,-0.217
19300,-0.027
19301,0.02
19302,-0.046
19303,-0.144
19304,-0.051
19305,0.09
19306,0.134
19307,0.125
19308,-0.063
19309,-0.107
19310,0.063
19311,0.291
19312,0.322
19313,0.154
19314,-0.02
19315,-0.088
19316,-0.037
19317,-0.12
19318,-0.132
19319,-0.125
19320,-0.122
19321,-0.042
19322,0.056
19323,0.171
19324,0.239
19325,0.232
19326,0.117
19327,-0.054
19328,-0.051
19329,-0.034
19330,0.01
19331,-0.107
19332,-0.071
19333,0.029
19334,0.032
19335,-0.085
19336,-0.168
19337,-0.125
19338,-0.156
19339,-0.154
19340,-0.12
19341,-0.168
19342,-0.071
19343,0.046
19344,0.117
19345,0.032
19346,0.076
19347,0.149
19348,0.22
19349,0.166
19350,0.059
19351,0.044
19352,0.122
19353,0.017
19354,-0.024
19355,0.022
19356,0.071
19357,0.054
19358,0.032
19359,-0.076
19360,-0.188
19361,-0.159
19362,-0.112
19363,-0.127
19364,-0.1
19365,-0.015
19366,0.0
19367,0.012
19368,0.103
19369,0.227
19370,0.273
19371,0.12
19372,-0.051
19373,-0.037
19374,-0.01
19375,0.222
19376,0.283
19377,0.073
19378,-0.227
19379,-0.012
19380,0.281
19381,0.002
19382,-0.425
19383,-0.469
19384,-0.3
19385,-0.051
19386,0.037
19387,0.088
19388,-0.015
19389,0.044
19390,0.103
19391,0.012
19392,-0.015
19393,0.029
19394,-0.11
19395,-0.217
19396,-0.027
19397,0.3
19398,0.247
19399,0.146
19400,0.115
19401,-0.039
19402,-0.188
19403,-0.173
19404,-0.127
19405,-0.11
19406,-0.09
19407,-0.024
19408,0.017
19409,0.19
19410,0.278
19411,0.078
19412,0.024
19413,0.112
19414,0.002
19415,-0.093
19416,-0.078
19417,-0.137
19418,-0.034
19419,0.017
19420,-0.105
19421,-0.154
19422,-0.063
19423,0.029
19424,-0.015
19425,-0.168
19426,-0.193
19427,-0.103
19428,0.037
19429,0.09
19430,0.066
19431,0.117
19432,0.129
19433,0.164
19434,0.217
19435,0.093
19436,-0.022
19437,-0.024
19438,0.071
19439,0.1
19440,-0.01
19441,0.0
19442,0.054
19443,0.042
19444,0.049
19445,-0.095
19446,-0.027
19447,-0.005
19448,-0.105
19449,-0.093
19450,-0.144
19451,-0.193
19452,-0.037
19453,0.173
19454,0.115
19455,-0.156
19456,-0.149
19457,0.002
19458,0.076
19459,-0.078
19460,-0.254
19461,-0.085
19462,0.247
19463,0.461
19464,-0.007
19465,-0.125
19466,0.02
19467,0.369
19468,0.205
19469,-0.222
19470,-0.464
19471,-0.271
19472,-0.022
19473,0.076
19474,0.063
19475,-0.085
19476,-0.068
19477,-0.042
19478,-0.071
19479,-0.142
19480,-0.105
19481,-0.188
19482,-0.122
19483,0.203
19484,0.427
19485,0.308
19486,0.027
19487,0.166
19488,0.164
19489,-0.117
19490,-0.232
19491,-0.056
19492,-0.034
19493,-0.073
19494,0.017
19495,0.022
19496,-0.024
19497,0.129
19498,0.171
19499,-0.015
19500,-0.166
19501,-0.137
19502,-0.083
19503,-0.088
19504,-0.078
19505,-0.1
19506,0.061
19507,0.059
19508,0.132
19509,0.005
19510,-0.076
19511,-0.063
19512,0.0
19513,-0.029
19514,-0.12
19515,-0.144
19516,-0.134
19517,0.054
19518,0.132
19519,0.107
19520,0.068
19521,0.115
19522,0.085
19523,0.01
19524,0.029
19525,0.034
19526,0.095
19527,0.168
19528,0.068
19529,0.161
19530,0.115
19531,0.188
19532,0.183
19533,0.027
19534,-0.181
19535,-0.22
19536,-0.122
19537,-0.02
19538,-0.015
19539,-0.112
19540,-0.186
19541,-0.059
19542,0.088
19543,0.015
19544,-0.1
19545,-0.195
19546,-0.105
19547,0.161
19548,0.234
19549,0.034
19550,0.11
19551,0.247
19552,0.117
19553,0.156
19554,0.208
19555,0.063
19556,-0.283
19557,-0.371
19558,-0.151
19559,-0.291
19560,-0.159
19561,0.212
19562,0.122
19563,-0.076
19564,-0.156
19565,-0.063
19566,0.171
19567,0.066
19568,-0.232
19569,-0.139
19570,0.203
19571,0.415
19572,0.271
19573,0.142
19574,0.156
19575,0.132
19576,-0.066
19577,-0.171
19578,-0.142
19579,-0.024
19580,0.046
19581,0.0
19582,-0.059
19583,0.034
19584,0.225
19585,0.225
19586,-0.032
19587,-0.161
19588,-0.005
19589,0.132
19590,0.042
19591,-0.117
19592,-0.112
19593,0.024
19594,0.117
19595,0.056
19596,-0.063
19597,-0.061
19598,-0.051
19599,-0.132
19600,-0.229
19601,-0.217
19602,-0.051
19603,0.002
19604,-0.051
19605,0.0
19606,0.054
19607,0.19
19608,0.208
19609,0.1
19610,0.01
19611,0.171
19612,0.266
19613,0.112
19614,0.015
19615,-0.034
19616,0.1
19617,0.146
19618,0.02
19619,-0.166
19620,-0.115
19621,-0.078
19622,-0.122
19623,-0.242
19624,-0.33
19625,-0.139
19626,-0.083
19627,-0.103
19628,-0.051
19629,0.071
19630,0.139
19631,0.186
19632,0.144
19633,-0.005
19634,-0.1
19635,0.229
19636,0.364
19637,0.2
19638,-0.022
19639,-0.173
19640,-0.068
19641,0.244
19642,0.154
19643,-0.432
19644,-0.522
19645,-0.325
19646,-0.039
19647,0.066
19648,0.127
19649,0.007
19650,-0.103
19651,0.034
19652,0.093
19653,0.129
19654,-0.007
19655,-0.146
19656,-0.227
19657,0.029
19658,0.364
19659,0.491
19660,0.2
19661,0.11
19662,-0.054
19663,-0.09
19664,-0.095
19665,-0.198
19666,-0.176
19667,-0.173
19668,-0.134
19669,0.029
19670,0.166
19671,0.269
19672,0.159
19673,-0.061
19674,-0.024
19675,0.039
19676,0.037
19677,-0.024
19678,-0.142
19679,-0.046
19680,-0.051
19681,-0.071
19682,-0.11
19683,-0.1
19684,-0.066
19685,-0.078
19686,-0.178
19687,-0.234
19688,-0.208
19689,-0.039
19690,0.034
19691,0.068
19692,0.034
19693,0.066
19694,0.137
19695,0.115
19696,0.122
19697,0.125
19698,0.071
19699,-0.032
19700,-0.034
19701,0.042
19702,0.107
19703,0.081
19704,-0.049
19705,-0.046
19706,0.005
19707,0.0
19708,-0.1
19709,-0.137
19710,-0.222
19711,-0.227
19712,-0.115
19713,0.054
19714,-0.022
19715,-0.083
19716,-0.017
19717,0.161
19718,0.234
19719,0.024
19720,-0.076
19721,-0.027
19722,-0.022
19723,0.1
19724,0.229
19725,0.161
19726,-0.024
19727,0.183
19728,0.127
19729,0.046
19730,-0.354
19731,-0.408
19732,-0.569
19733,-0.149
19734,0.146
19735,-0.042
19736,-0.154
19737,0.156
19738,0.247
19739,0.015
19740,-0.242
19741,-0.117
19742,-0.027
19743,-0.029
19744,0.017
19745,0.083
19746,0.164
19747,0.259
19748,0.115
19749,-0.127
19750,-0.134
19751,-0.073
19752,-0.083
19753,-0.171
19754,-0.132
19755,-0.005
19756,0.159
19757,0.132
19758,0.029
19759,-0.005
19760,0.051
19761,0.005
19762,-0.098
19763,-0.188
19764,-0.186
19765,-0.181
19766,-0.151
19767,-0.032
19768,-0.015
19769,-0.034
19770,0.012
19771,0.017
19772,-0.002
19773,-0.12
19774,-0.12
19775,-0.056
19776,-0.01
19777,0.083
19778,0.11
19779,0.127
19780,0.02
19781,0.032
19782,0.212
19783,0.156
19784,-0.015
19785,-0.083
19786,0.01
19787,0.149
19788,0.095
19789,0.01
19790,0.107
19791,0.11
19792,0.088
19793,-0.142
19794,-0.237
19795,-0.059
19796,-0.017
19797,-0.127
19798,-0.298
19799,-0.215
19800,-0.042
19801,-0.002
19802,0.012
19803,-0.071
19804,-0.005
19805,-0.093
19806,-0.183
19807,-0.178
19808,-0.049
19809,0.371
19810,0.232
19811,0.073
19812,0.085
19813,0.242
19814,0.396
19815,0.225
19816,-0.229
19817,-0.234
19818,-0.09
19819,-0.017
19820,0.134
19821,-0.024
19822,-0.002
19823,0.049
19824,-0.024
19825,-0.073
19826,-0.286
19827,-0.042
19828,0.051
19829,-0.134
19830,-0.127
19831,0.212
19832,0.444
19833,0.291
19834,0.125
19835,0.063
19836,0.09
19837,0.049
19838,-0.107
19839,-0.229
19840,-0.107
19841,0.083
19842,0.034
19843,-0.076
19844,0.095
19845,0.176
19846,0.088
19847,-0.034
19848,-0.059
19849,-0.032
19850,-0.083
19851,-0.1
19852,-0.129
19853,-0.002
19854,0.093
19855,0.042
19856,-0.032
19857,-0.056
19858,-0.11
19859,-0.083
19860,-0.063
19861,-0.09
19862,-0.125
19863,-0.063
19864,-0.01
19865,0.027
19866,0.027
19867,-0.02
19868,0.002
19869,0.073
19870,0.098
19871,0.049
19872,-0.007
19873,0.02
19874,0.129
19875,0.11
19876,0.076
19877,0.105
19878,0.129
19879,0.085
19880,-0.073
19881,-0.127
19882,-0.193
19883,-0.166
19884,-0.098
19885,-0.156
19886,-0.127
19887,-0.142
19888,-0.129
19889,-0.037
19890,0.012
19891,0.076
19892,-0.005
19893,-0.029
19894,-0.029
19895,0.022
19896,0.371
19897,0.332
19898,0.098
19899,-0.022
19900,0.339
19901,0.452
19902,0.095
19903,-0.383
19904,-0.505
19905,-0.063
19906,-0.09
19907,-0.237
19908,-0.098
19909,0.127
19910,0.088
19911,-0.161
19912,-0.237
19913,0.049
19914,0.22
19915,0.059
19916,-0.283
19917,-0.242
19918,0.337
19919,0.464
19920,0.217
19921,-0.044
19922,0.012
19923,0.076
19924,-0.059
19925,-0.322
19926,-0.344
19927,-0.156
19928,0.012
19929,-0.073
19930,-0.142
19931,0.073
19932,0.259
19933,0.142
19934,-0.061
19935,-0.117
19936,-0.017
19937,-0.017
19938,-0.056
19939,-0.12
19940,0.02
19941,0.024
19942,-0.02
19943,-0.012
19944,-0.051
19945,-0.137
19946,-0.225
19947,-0.232
19948,-0.122
19949,-0.139
19950,-0.129
19951,-0.059
19952,0.012
19953,0.068
19954,0.085
19955,0.085
19956,0.2
19957,0.088
19958,-0.029
19959,0.005
19960,0.178
19961,0.19
19962,-0.002
19963,-0.054
19964,-0.042
19965,-0.061
19966,-0.093
19967,-0.139
19968,-0.115
19969,-0.063
19970,-0.125
19971,-0.151
19972,-0.11
19973,-0.083
19974,-0.042
19975,-0.107
19976,-0.032
19977,0.093
19978,0.166
19979,0.076
19980,0.022
19981,0.098
19982,-0.068
19983,-0.032
19984,0.21
19985,0.203
19986,-0.005
19987,-0.129
19988,0.088
19989,0.33
19990,0.012
19991,-0.518
19992,-0.566
19993,-0.19
19994,0.154
19995,0.142
19996,-0.029
19997,-0.063
19998,0.024
19999,0.073
20000,-0.037
20001,0.012
20002,0.042
20003,-0.081
20004,-0.139
20005,0.139
20006,0.295
20007,0.259
20008,0.156
20009,-0.122
20010,-0.193
20011,-0.139
20012,-0.139
20013,-0.125
20014,-0.098
20015,0.081
20016,0.168
20017,0.088
20018,0.107
20019,0.229
20020,0.222
20021,0.032
20022,-0.093
20023,-0.093
20024,-0.051
20025,-0.076
20026,-0.183
20027,-0.181
20028,-0.054
20029,0.042
20030,-0.09
20031,-0.159
20032,-0.095
20033,0.029
20034,-0.039
20035,-0.078
20036,-0.081
20037,-0.051
20038,0.015
20039,0.125
20040,0.146
20041,0.068
20042,0.063
20043,0.139
20044,0.144
20045,0.068
20046,-0.066
20047,-0.078
20048,0.061
20049,0.098
20050,0.02
20051,-0.022
20052,0.066
20053,0.085
20054,-0.056
20055,-0.144
20056,-0.09
20057,0.02
20058,-0.056
20059,-0.12
20060,-0.117
20061,-0.059
20062,0.015
20063,0.002
20064,-0.095
20065,-0.085
20066,0.071
20067,-0.029
20068,-0.125
20069,-0.078
20070,0.061
20071,0.2
20072,0.164
20073,0.093
20074,-0.051
20075,0.12
20076,0.327
20077,0.098
20078,-0.281
20079,-0.447
20080,-0.151
20081,-0.071
20082,-0.093
20083,0.144
20084,0.083
20085,-0.02
20086,-0.066
20087,-0.083
20088,-0.061
20089,-0.056
20090,-0.098
20091,-0.215
20092,-0.076
20093,0.259
20094,0.332
20095,0.176
20096,0.088
20097,0.046
20098,-0.034
20099,-0.09
20100,-0.046
20101,-0.073
20102,-0.071
20103,0.032
20104,0.103
20105,0.107
20106,0.137
20107,0.151
20108,0.066
20109,-0.073
20110,-0.137
20111,-0.098
20112,-0.164
20113,-0.173
20114,-0.156
20115,0.037
20116,0.134
20117,0.017
20118,-0.1
20119,-0.017
20120,0.103
20121,0.078
20122,-0.042
20123,-0.073
20124,-0.032
20125,0.081
20126,0.066
20127,0.117
20128,0.027
20129,-0.02
20130,0.039
20131,0.115
20132,0.063
20133,0.015
20134,-0.049
20135,0.022
20136,0.076
20137,0.098
20138,0.137
20139,0.129
20140,0.149
20141,-0.042
20142,-0.164
20143,-0.115
20144,0.032
20145,0.044
20146,-0.21
20147,-0.283
20148,-0.083
20149,0.054
20150,0.022
20151,-0.256
20152,-0.337
20153,-0.037
20154,0.186
20155,0.1
20156,-0.115
20157,-0.083
20158,0.149
20159,0.388
20160,0.229
20161,0.042
20162,-0.078
20163,0.125
20164,0.249
20165,0.029
20166,-0.161
20167,-0.232
20168,-0.183
20169,-0.208
20170,-0.234
20171,0.042
20172,0.195
20173,0.088
20174,-0.215
20175,-0.19
20176,0.056
20177,0.12
20178,-0.027
20179,-0.171
20180,-0.02
20181,0.342
20182,0.366
20183,0.107
20184,0.093
20185,0.154
20186,0.078
20187,-0.19
20188,-0.232
20189,-0.095
20190,-0.09
20191,-0.046
20192,-0.122
20193,-0.039
20194,0.217
20195,0.303
20196,0.149
20197,-0.029
20198,-0.027
20199,0.061
20200,0.039
20201,-0.142
20202,-0.098
20203,0.039
20204,0.159
20205,0.015
20206,-0.09
20207,-0.056
20208,-0.01
20209,-0.068
20210,-0.115
20211,-0.21
20212,-0.146
20213,0.042
20214,0.142
20215,0.098
20216,0.039
20217,0.083
20218,0.19
20219,0.227
20220,0.051
20221,-0.068
20222,0.007
20223,0.137
20224,0.127
20225,0.103
20226,0.037
20227,0.085
20228,0.103
20229,0.073
20230,-0.039
20231,-0.032
20232,-0.02
20233,-0.21
20234,-0.317
20235,-0.215
20236,0.054
20237,0.071
20238,-0.107
20239,-0.144
20240,0.044
20241,0.229
20242,0.215
20243,0.088
20244,-0.032
20245,0.032
20246,0.303
20247,0.464
20248,0.276
20249,-0.198
20250,-0.068
20251,0.327
20252,0.2
20253,-0.408
20254,-0.408
20255,-0.447
20256,-0.261
20257,0.168
20258,0.278
20259,0.122
20260,-0.002
20261,-0.005
20262,0.059
20263,0.073
20264,0.007
20265,-0.066
20266,-0.107
20267,-0.01
20268,0.242
20269,0.376
20270,0.281
20271,0.12
20272,-0.042
20273,-0.159
20274,-0.037
20275,0.012
20276,-0.117
20277,-0.144
20278,-0.122
20279,-0.012
20280,0.195
20281,0.361
20282,0.222
20283,-0.032
20284,-0.103
20285,-0.027
20286,0.098
20287,0.044
20288,-0.142
20289,-0.173
20290,0.015
20291,0.066
20292,-0.01
20293,-0.051
20294,-0.049
20295,-0.081
20296,-0.088
20297,-0.117
20298,-0.098
20299,-0.078
20300,0.037
20301,0.1
20302,0.129
20303,0.217
20304,0.164
20305,0.142
20306,0.12
20307,0.134
20308,0.083
20309,0.01
20310,0.046
20311,0.078
20312,0.137
20313,0.1
20314,0.081
20315,0.015
20316,-0.034
20317,-0.12
20318,-0.042
20319,-0.093
20320,-0.107
20321,-0.161
20322,-0.066
20323,0.044
20324,-0.054
20325,-0.098
20326,0.015
20327,0.146
20328,0.12
20329,-0.049
20330,-0.11
20331,-0.037
20332,0.127
20333,0.249
20334,0.256
20335,-0.193
20336,-0.115
20337,0.159
20338,0.198
20339,-0.203
20340,-0.427
20341,-0.244
20342,-0.283
20343,-0.071
20344,0.151
20345,0.083
20346,0.007
20347,-0.063
20348,-0.044
20349,0.068
20350,0.085
20351,0.012
20352,-0.217
20353,-0.122
20354,0.11
20355,0.334
20356,0.239
20357,0.112
20358,-0.066
20359,0.042
20360,-0.046
20361,-0.093
20362,-0.073
20363,0.022
20364,-0.007
20365,0.034
20366,0.125
20367,0.2
20368,0.154
20369,0.066
20370,-0.034
20371,-0.088
20372,-0.066
20373,-0.056
20374,-0.095
20375,-0.193
20376,-0.117
20377,-0.046
20378,-0.076
20379,-0.103
20380,-0.068
20381,-0.029
20382,-0.115
20383,-0.2
20384,-0.073
20385,-0.01
20386,0.083
20387,0.007
20388,-0.022
20389,0.032
20390,0.168
20391,0.178
20392,0.093
20393,0.059
20394,0.005
20395,0.073
20396,0.029
20397,-0.027
20398,-0.103
20399,-0.029
20400,0.144
20401,0.093
20402,-0.037
20403,-0.098
20404,-0.078
20405,-0.137
20406,-0.137
20407,-0.156
20408,-0.22
20409,-0.112
20410,-0.032
20411,-0.09
20412,-0.208
20413,-0.095
20414,0.059
20415,0.122
20416,-0.078
20417,-0.278
20418,0.081
20419,0.298
20420,0.171
20421,-0.027
20422,-0.059
20423,0.073
20424,0.339
20425,0.242
20426,-0.198
20427,-0.439
20428,-0.154
20429,-0.049
20430,0.032
20431,-0.044
20432,0.068
20433,0.146
20434,-0.078
20435,-0.144
20436,-0.024
20437,-0.068
20438,-0.059
20439,-0.181
20440,-0.151
20441,0.159
20442,0.242
20443,0.159
20444,0.042
20445,0.046
20446,0.017
20447,-0.115
20448,-0.166
20449,-0.139
20450,-0.068
20451,-0.154
20452,-0.156
20453,-0.056
20454,0.166
20455,0.19
20456,0.078
20457,-0.022
20458,-0.061
20459,0.01
20460,-0.005
20461,-0.149
20462,-0.125
20463,-0.032
20464,0.068
20465,0.085
20466,0.09
20467,0.095
20468,-0.029
20469,-0.068
20470,-0.151
20471,-0.151
20472,-0.081
20473,-0.01
20474,-0.005
20475,0.02
20476,0.027
20477,0.063
20478,0.144
