,-0.037
0,0.034
1,0.002
2,-0.098
3,0.044
4,0.032
5,-0.071
6,0.012
7,-0.005
8,0.068
9,0.11
10,0.017
11,-0.256
12,-0.061
13,0.127
14,0.042
15,0.007
16,-0.017
17,0.164
18,0.105
19,0.107
20,0.005
21,-0.066
22,0.049
23,0.015
24,-0.059
25,-0.21
26,-0.044
27,0.039
28,0.02
29,-0.027
30,0.066
31,0.049
32,0.049
33,-0.068
34,0.078
35,0.01
36,-0.107
37,0.056
38,-0.027
39,0.02
40,0.002
41,0.01
42,0.0
43,-0.034
44,-0.034
45,0.027
46,0.024
47,0.029
48,-0.007
49,-0.042
50,0.073
51,0.044
52,0.122
53,0.076
54,0.037
55,0.002
56,0.083
57,0.076
58,0.005
59,-0.01
60,-0.129
61,0.056
62,0.144
63,0.042
64,0.032
65,-0.054
66,0.007
67,0.01
68,0.076
69,0.081
70,0.054
71,-0.042
72,0.071
73,0.01
74,0.042
75,0.017
76,0.015
77,0.137
78,0.12
79,0.093
80,-0.024
81,0.027
82,0.078
83,0.032
84,0.01
85,-0.071
86,0.076
87,0.088
88,-0.054
89,0.0
90,-0.012
91,0.002
92,-0.046
93,0.017
94,0.061
95,-0.034
96,-0.049
97,0.037
98,0.0
99,-0.005
100,-0.029
101,-0.01
102,0.024
103,-0.054
104,-0.088
105,0.01
106,-0.073
107,-0.017
108,-0.032
109,-0.132
110,0.024
111,-0.024
112,0.034
113,0.037
114,-0.059
115,0.085
116,0.044
117,-0.093
118,0.039
119,0.076
120,0.042
121,-0.012
122,-0.073
123,0.005
124,0.054
125,-0.024
126,0.0
127,-0.059
128,-0.039
129,-0.024
130,-0.049
131,-0.012
132,0.024
133,-0.015
134,0.076
135,0.081
136,0.129
137,0.1
138,0.112
139,0.1
140,0.061
141,0.024
142,-0.051
143,0.042
144,0.098
145,-0.027
146,-0.022
147,-0.002
148,0.103
149,0.103
150,0.066
151,0.034
152,0.022
153,-0.095
154,-0.007
155,0.154
156,0.022
157,-0.012
158,0.061
159,0.007
160,-0.002
161,0.024
162,0.042
163,0.034
164,-0.046
165,-0.095
166,-0.134
167,-0.012
168,-0.012
169,-0.024
170,-0.059
171,-0.093
172,-0.002
173,0.068
174,0.015
175,-0.12
176,-0.071
177,0.032
178,0.0
179,-0.059
180,-0.037
181,-0.073
182,-0.068
183,-0.022
184,-0.142
185,-0.078
186,-0.037
187,-0.002
188,-0.071
189,-0.01
190,0.039
191,-0.007
192,0.024
193,-0.115
194,-0.105
195,-0.063
196,0.007
197,0.085
198,-0.032
199,0.137
200,0.107
201,-0.049
202,-0.112
203,-0.076
204,0.005
205,0.042
206,0.015
207,0.049
208,-0.049
209,-0.059
210,-0.137
211,-0.012
212,0.032
213,-0.022
214,-0.024
215,-0.054
216,0.049
217,-0.017
218,-0.117
219,0.059
220,0.005
221,0.032
222,0.024
223,-0.039
224,-0.017
225,-0.098
226,0.002
227,-0.122
228,-0.168
229,-0.02
230,0.073
231,0.054
232,-0.056
233,-0.054
234,0.068
235,0.007
236,-0.056
237,-0.027
238,0.1
239,0.037
240,0.032
241,0.161
242,0.022
243,0.046
244,-0.107
245,0.032
246,0.022
247,-0.068
248,-0.125
249,-0.103
250,0.156
251,0.139
252,-0.129
253,-0.071
254,-0.046
255,-0.027
256,-0.032
257,-0.017
258,0.034
259,0.098
260,0.002
261,-0.107
262,-0.071
263,0.059
264,-0.059
265,-0.237
266,-0.107
267,-0.01
268,0.017
269,0.046
270,-0.059
271,-0.066
272,0.034
273,0.071
274,-0.005
275,0.01
276,0.02
277,0.095
278,0.044
279,-0.107
280,-0.044
281,-0.071
282,0.034
283,-0.1
284,-0.117
285,-0.029
286,-0.166
287,-0.19
288,-0.09
289,-0.193
290,-0.151
291,-0.034
292,-0.071
293,-0.088
294,-0.122
295,-0.11
296,-0.105
297,-0.012
298,0.164
299,0.09
300,0.068
301,0.093
302,0.186
303,0.071
304,-0.02
305,-0.042
306,0.037
307,0.032
308,0.063
309,-0.061
310,-0.117
311,-0.034
312,-0.02
313,-0.042
314,0.042
315,-0.017
316,-0.032
317,-0.007
318,-0.112
319,0.088
320,0.183
321,0.112
322,0.007
323,-0.134
324,0.02
325,0.095
326,0.022
327,-0.046
328,-0.056
329,-0.117
330,-0.156
331,-0.088
332,-0.015
333,0.015
334,-0.132
335,-0.095
336,-0.017
337,0.012
338,-0.02
339,-0.037
340,0.112
341,0.044
342,0.01
343,-0.01
344,-0.068
345,-0.049
346,0.044
347,-0.007
348,-0.027
349,-0.054
350,0.032
351,0.0
352,-0.122
353,-0.173
354,-0.066
355,-0.056
356,-0.056
357,0.044
358,-0.044
359,-0.005
360,0.039
361,-0.059
362,0.049
363,-0.02
364,0.044
365,0.039
366,-0.059
367,-0.071
368,0.037
369,-0.112
370,-0.044
371,0.012
372,-0.078
373,-0.049
374,-0.044
375,-0.061
376,0.005
377,0.005
378,-0.068
379,-0.071
380,0.012
381,0.032
382,-0.039
383,0.037
384,0.054
385,0.032
386,-0.032
387,-0.024
388,0.0
389,-0.054
390,0.059
391,0.01
392,-0.002
393,0.085
394,-0.103
395,-0.095
396,-0.081
397,-0.034
398,0.002
399,0.022
400,-0.063
401,0.098
402,-0.022
403,0.083
404,-0.024
405,-0.042
406,0.09
407,0.027
408,0.059
409,0.088
410,0.144
411,0.09
412,-0.034
413,-0.015
414,0.066
415,-0.022
416,0.007
417,0.056
418,-0.027
419,0.081
420,0.054
421,0.063
422,0.076
423,0.061
424,0.164
425,0.085
426,0.083
427,0.032
428,0.088
429,0.046
430,-0.012
431,0.015
432,-0.115
433,0.02
434,0.027
435,-0.107
436,-0.071
437,0.029
438,-0.11
439,-0.122
440,0.002
441,0.085
442,-0.063
443,-0.095
444,-0.012
445,-0.034
446,-0.027
447,-0.005
448,-0.056
449,-0.029
450,-0.056
451,-0.061
452,-0.088
453,-0.085
454,-0.1
455,-0.01
456,-0.02
457,-0.015
458,0.02
459,0.098
460,0.076
461,0.034
462,0.093
463,0.017
464,0.039
465,0.017
466,-0.029
467,0.049
468,0.059
469,-0.046
470,-0.061
471,-0.054
472,-0.056
473,-0.093
474,-0.071
475,0.054
476,0.017
477,0.039
478,-0.005
479,-0.063
480,-0.061
481,0.137
482,0.022
483,0.083
484,0.02
485,0.027
486,0.083
487,0.068
488,0.09
489,-0.017
490,-0.042
491,0.088
492,-0.012
493,-0.015
494,-0.117
495,0.029
496,-0.017
497,0.129
498,0.042
499,0.061
500,0.049
501,0.037
502,0.105
503,0.022
504,0.112
505,0.076
506,0.103
507,-0.022
508,-0.01
509,0.012
510,0.095
511,-0.056
512,-0.002
513,0.076
514,0.0
515,-0.063
516,-0.09
517,-0.066
518,0.024
519,-0.059
520,0.063
521,0.042
522,0.042
523,0.063
524,0.012
525,-0.068
526,0.071
527,0.081
528,0.034
529,-0.024
530,0.042
531,0.085
532,-0.017
533,0.012
534,0.007
535,0.029
536,-0.01
537,-0.007
538,-0.042
539,0.015
540,0.002
541,0.051
542,0.017
543,-0.007
544,0.056
545,-0.073
546,-0.02
547,-0.034
548,-0.066
549,-0.076
550,-0.049
551,0.039
552,-0.039
553,0.01
554,-0.063
555,-0.105
556,-0.11
557,0.037
558,0.049
559,0.027
560,0.039
561,-0.171
562,0.012
563,0.083
564,0.1
565,0.076
566,0.039
567,-0.012
568,-0.01
569,0.042
570,-0.032
571,-0.061
572,-0.054
573,-0.095
574,-0.078
575,-0.017
576,0.049
577,0.007
578,-0.142
579,0.039
580,0.037
581,-0.095
582,0.078
583,0.029
584,-0.046
585,-0.042
586,-0.042
587,-0.002
588,0.0
589,0.012
590,0.173
591,0.0
592,0.029
593,-0.022
594,-0.061
595,0.127
596,0.017
597,0.09
598,0.061
599,0.076
600,0.073
601,-0.029
602,0.183
603,0.103
604,0.061
605,0.1
606,0.12
607,0.063
608,0.083
609,-0.017
610,-0.083
611,-0.017
612,-0.046
613,-0.076
614,-0.09
615,-0.139
616,-0.061
617,-0.012
618,-0.159
619,-0.12
620,-0.066
621,-0.029
622,0.0
623,-0.056
624,-0.063
625,0.076
626,0.068
627,0.029
628,-0.056
629,0.007
630,0.027
631,0.068
632,-0.002
633,-0.129
634,-0.037
635,-0.029
636,0.01
637,-0.066
638,-0.19
639,-0.051
640,0.007
641,0.093
642,0.0
643,-0.125
644,-0.029
645,0.01
646,0.012
647,-0.002
648,-0.037
649,0.044
650,0.01
651,-0.002
652,-0.015
653,0.007
654,-0.027
655,-0.161
656,-0.054
657,-0.032
658,0.115
659,0.112
660,0.042
661,-0.015
662,0.037
663,0.042
664,0.076
665,0.12
666,0.09
667,0.073
668,-0.034
669,0.007
670,-0.046
671,-0.042
672,0.071
673,0.112
674,-0.02
675,-0.068
676,0.042
677,0.107
678,0.005
679,0.149
680,0.09
681,0.176
682,-0.049
683,-0.039
684,0.127
685,0.037
686,0.024
687,0.0
688,-0.012
689,0.083
690,-0.005
691,-0.081
692,-0.039
693,0.068
694,-0.125
695,-0.012
696,-0.11
697,-0.068
698,0.034
699,-0.005
700,0.022
701,-0.137
702,0.015
703,0.037
704,-0.029
705,0.005
706,0.005
707,0.007
708,0.01
709,0.085
710,0.029
711,-0.049
712,-0.076
713,-0.1
714,-0.049
715,0.029
716,-0.029
717,0.005
718,0.029
719,-0.063
720,-0.054
721,-0.093
722,0.146
723,0.098
724,0.0
725,-0.027
726,0.059
727,0.098
728,0.112
729,0.007
730,-0.044
731,0.063
732,0.044
733,0.061
734,-0.005
735,-0.022
736,-0.012
737,-0.042
738,-0.146
739,-0.12
740,-0.017
741,0.017
742,-0.002
743,0.022
744,0.024
745,-0.132
746,0.098
747,-0.032
748,-0.005
749,0.063
750,-0.015
751,0.066
752,-0.02
753,0.063
754,-0.01
755,-0.042
756,0.085
757,0.02
758,-0.012
759,0.117
760,0.049
761,0.059
762,0.125
763,-0.027
764,0.125
765,0.085
766,0.156
767,0.098
768,-0.007
769,0.127
770,0.083
771,0.012
772,0.071
773,-0.012
774,0.032
775,0.012
776,-0.044
777,-0.02
778,-0.127
779,-0.034
780,0.056
781,-0.022
782,-0.01
783,0.007
784,-0.007
785,0.0
786,0.034
787,0.068
788,0.029
789,-0.059
790,-0.032
791,0.103
792,-0.063
793,-0.056
794,-0.115
795,0.012
796,0.002
797,-0.1
798,-0.063
799,-0.156
800,-0.122
801,-0.051
802,-0.11
803,0.042
804,0.093
805,-0.039
806,0.068
807,-0.042
808,-0.015
809,0.117
810,0.034
811,0.01
812,-0.107
813,0.073
814,0.085
815,-0.044
816,-0.105
817,0.042
818,-0.005
819,0.042
820,0.015
821,-0.105
822,0.042
823,0.063
824,0.005
825,-0.015
826,-0.034
827,-0.037
828,0.051
829,-0.017
830,0.01
831,0.066
832,-0.051
833,0.012
834,-0.186
835,-0.042
836,0.0
837,-0.012
838,-0.049
839,0.034
840,-0.061
841,-0.078
842,0.078
843,0.156
844,-0.049
845,0.049
846,0.022
847,0.029
848,0.088
849,0.049
850,0.11
851,0.081
852,-0.027
853,-0.051
854,-0.071
855,0.061
856,0.034
857,-0.073
858,0.022
859,0.132
860,-0.061
861,-0.071
862,-0.02
863,0.046
864,0.054
865,-0.012
866,0.076
867,-0.071
868,0.005
869,0.005
870,-0.056
871,-0.046
872,-0.037
873,-0.01
874,-0.054
875,-0.049
876,-0.098
877,-0.105
878,-0.073
879,-0.132
880,-0.083
881,-0.134
882,-0.107
883,-0.103
884,-0.015
885,0.005
886,-0.032
887,-0.073
888,0.095
889,0.032
890,0.024
891,0.076
892,-0.012
893,0.042
894,0.01
895,-0.02
896,-0.071
897,-0.156
898,-0.12
899,-0.037
900,-0.117
901,-0.088
902,-0.105
903,-0.142
904,-0.076
905,-0.039
906,-0.01
907,0.132
908,0.012
909,0.095
910,0.02
911,-0.032
912,0.017
913,-0.071
914,0.076
915,0.134
916,-0.078
917,-0.098
918,-0.159
919,-0.168
920,-0.134
921,-0.115
922,-0.012
923,-0.178
924,-0.088
925,-0.015
926,0.01
927,-0.068
928,-0.081
929,0.007
930,0.134
931,-0.068
932,0.095
933,0.095
934,0.09
935,0.071
936,0.078
937,-0.024
938,-0.032
939,0.042
940,0.027
941,-0.007
942,0.061
943,-0.029
944,-0.112
945,-0.017
946,0.022
947,0.02
948,-0.029
949,0.073
950,0.027
951,0.022
952,0.034
953,0.037
954,0.024
955,-0.054
956,-0.095
957,-0.066
958,0.022
959,0.137
960,-0.022
961,0.076
962,0.002
963,-0.156
964,-0.01
965,0.178
966,0.029
967,-0.046
968,0.044
969,0.012
970,-0.042
971,-0.129
972,-0.01
973,0.032
974,0.012
975,-0.005
976,0.032
977,-0.022
978,-0.002
979,-0.029
980,-0.012
981,0.017
982,0.032
983,-0.037
984,0.127
985,-0.083
986,0.022
987,0.039
988,0.01
989,0.01
990,0.002
991,0.027
992,-0.061
993,-0.02
994,0.051
995,-0.034
996,-0.073
997,-0.12
998,-0.149
999,-0.081
1000,-0.166
1001,-0.11
1002,0.02
1003,0.024
1004,0.029
1005,-0.078
1006,-0.034
1007,-0.005
1008,0.081
1009,0.081
1010,-0.049
1011,0.083
1012,0.107
1013,0.081
1014,-0.029
1015,-0.081
1016,-0.044
1017,0.015
1018,-0.007
1019,-0.051
1020,-0.085
1021,-0.034
1022,0.01
1023,0.007
1024,0.093
1025,0.002
1026,0.081
1027,0.11
1028,0.156
1029,0.171
1030,0.11
1031,0.02
1032,-0.098
1033,0.071
1034,0.071
1035,0.059
1036,-0.098
1037,-0.044
1038,-0.059
1039,0.073
1040,0.012
1041,-0.029
1042,-0.042
1043,0.105
1044,-0.02
1045,-0.1
1046,-0.024
1047,0.029
1048,-0.049
1049,-0.049
1050,-0.042
1051,0.054
1052,0.044
1053,-0.054
1054,0.017
1055,0.034
1056,-0.068
1057,-0.083
1058,0.015
1059,-0.09
1060,-0.024
1061,-0.061
1062,-0.112
1063,-0.083
1064,-0.017
1065,-0.156
1066,0.073
1067,0.012
1068,0.071
1069,0.02
1070,0.037
1071,0.012
1072,0.046
1073,-0.042
1074,-0.063
1075,0.027
1076,0.088
1077,-0.024
1078,-0.046
1079,-0.007
1080,0.059
1081,0.066
1082,0.002
1083,0.037
1084,0.085
1085,-0.027
1086,0.034
1087,0.024
1088,-0.027
1089,0.042
1090,-0.115
1091,0.051
1092,0.012
1093,-0.007
1094,-0.015
1095,-0.01
1096,-0.042
1097,-0.056
1098,-0.066
1099,-0.044
1100,-0.042
1101,-0.029
1102,0.051
1103,0.007
1104,-0.017
1105,0.032
1106,0.051
1107,0.095
1108,0.017
1109,0.022
1110,0.122
1111,-0.068
1112,0.02
1113,0.017
1114,-0.034
1115,-0.042
1116,-0.129
1117,-0.122
1118,-0.063
1119,-0.107
1120,-0.046
1121,-0.1
1122,-0.098
1123,-0.095
1124,-0.11
1125,-0.039
1126,0.002
1127,-0.032
1128,-0.071
1129,0.002
1130,0.081
1131,0.024
1132,-0.081
1133,-0.051
1134,-0.042
1135,0.029
1136,-0.059
1137,-0.085
1138,-0.12
1139,-0.046
1140,-0.066
1141,-0.095
1142,-0.125
1143,-0.081
1144,-0.007
1145,-0.056
1146,-0.051
1147,-0.022
1148,0.039
1149,-0.032
1150,0.02
1151,0.005
1152,0.046
1153,-0.029
1154,-0.024
1155,-0.015
1156,-0.095
1157,-0.066
1158,-0.037
1159,-0.09
1160,-0.066
1161,-0.151
1162,-0.112
1163,-0.188
1164,-0.054
1165,-0.01
1166,-0.017
1167,0.051
1168,-0.076
1169,-0.044
1170,-0.022
1171,0.093
1172,0.098
1173,0.032
1174,0.071
1175,-0.002
1176,0.002
1177,0.012
1178,-0.061
1179,-0.037
1180,0.09
1181,0.022
1182,-0.085
1183,0.017
1184,-0.071
1185,-0.046
1186,0.012
1187,-0.068
1188,0.0
1189,0.09
1190,0.032
1191,0.007
1192,0.085
1193,0.164
1194,0.081
1195,-0.073
1196,0.007
1197,0.134
1198,0.134
1199,0.046
1200,0.1
1201,0.061
1202,-0.01
1203,-0.005
1204,-0.112
1205,-0.066
1206,0.012
1207,0.024
1208,-0.063
1209,-0.063
1210,-0.112
1211,0.022
1212,-0.005
1213,-0.103
1214,-0.015
1215,0.0
1216,-0.027
1217,0.002
1218,0.034
1219,-0.002
1220,-0.017
1221,-0.027
1222,-0.073
1223,-0.132
1224,-0.049
1225,-0.022
1226,-0.029
1227,-0.022
1228,-0.11
1229,-0.051
1230,-0.022
1231,-0.054
1232,-0.051
1233,0.002
1234,0.1
1235,0.042
1236,-0.044
1237,-0.076
1238,-0.002
1239,-0.01
1240,0.049
1241,-0.051
1242,-0.051
1243,0.051
1244,0.027
1245,0.017
1246,0.02
1247,-0.039
1248,0.149
1249,0.168
1250,-0.083
1251,0.01
1252,0.005
1253,0.039
1254,-0.005
1255,-0.012
1256,0.105
1257,0.1
1258,0.015
1259,-0.029
1260,0.044
1261,0.103
1262,0.149
1263,0.027
1264,-0.095
1265,0.063
1266,0.11
1267,0.166
1268,0.044
1269,-0.02
1270,-0.02
1271,0.063
1272,0.059
1273,-0.032
1274,0.017
1275,0.071
1276,0.112
1277,0.029
1278,0.049
1279,0.105
1280,0.0
1281,0.051
1282,0.137
1283,0.005
1284,0.063
1285,0.083
1286,0.076
1287,0.032
1288,0.029
1289,0.132
1290,0.088
1291,0.027
1292,0.01
1293,0.071
1294,0.088
1295,0.034
1296,-0.027
1297,-0.046
1298,0.007
1299,-0.007
1300,-0.081
1301,-0.088
1302,0.095
1303,0.007
1304,-0.066
1305,0.022
1306,0.037
1307,0.027
1308,0.078
1309,-0.02
1310,0.012
1311,0.044
1312,0.049
1313,0.081
1314,0.024
1315,-0.042
1316,0.039
1317,-0.027
1318,0.029
1319,-0.007
1320,-0.076
1321,-0.09
1322,-0.054
1323,-0.042
1324,0.037
1325,-0.029
1326,-0.046
1327,0.037
1328,-0.078
1329,0.042
1330,0.095
1331,0.042
1332,0.117
1333,0.029
1334,-0.005
1335,-0.037
1336,0.049
1337,0.09
1338,0.034
1339,0.02
1340,0.007
1341,0.012
1342,0.139
1343,0.059
1344,0.005
1345,0.037
1346,0.107
1347,0.029
1348,0.005
1349,-0.012
1350,0.137
1351,0.168
1352,0.081
1353,-0.049
1354,0.02
1355,0.134
1356,0.029
1357,0.085
1358,0.073
1359,-0.083
1360,0.154
1361,0.081
1362,0.007
1363,0.066
1364,0.056
1365,0.134
1366,0.137
1367,0.066
1368,0.125
1369,0.093
1370,0.117
1371,0.183
1372,0.081
1373,0.098
1374,0.032
1375,0.015
1376,0.098
1377,-0.034
1378,-0.005
1379,0.032
1380,0.027
1381,-0.081
1382,0.007
1383,0.022
1384,0.066
1385,-0.068
1386,0.059
1387,0.01
1388,0.039
1389,0.034
1390,-0.085
1391,0.012
1392,-0.002
1393,0.037
1394,0.083
1395,-0.071
1396,0.005
1397,-0.032
1398,-0.027
1399,0.046
1400,0.002
1401,0.005
1402,-0.029
1403,-0.059
1404,0.054
1405,0.09
1406,0.024
1407,0.017
1408,-0.098
1409,0.039
1410,0.11
1411,0.012
1412,0.022
1413,0.02
1414,0.002
1415,-0.054
1416,-0.085
1417,-0.083
1418,0.061
1419,0.044
1420,-0.049
1421,-0.1
1422,0.063
1423,0.054
1424,0.076
1425,0.01
1426,-0.032
1427,0.015
1428,0.012
1429,-0.066
1430,-0.054
1431,0.093
1432,-0.039
1433,0.129
1434,0.071
1435,0.01
1436,0.029
1437,0.032
1438,0.015
1439,-0.093
1440,-0.156
1441,0.059
1442,0.061
1443,-0.002
1444,-0.061
1445,0.037
1446,0.132
1447,0.01
1448,-0.017
1449,0.042
1450,0.103
1451,0.046
1452,-0.039
1453,0.051
1454,-0.034
1455,-0.049
1456,0.1
1457,-0.039
1458,-0.112
1459,0.024
1460,-0.029
1461,0.081
1462,0.046
1463,-0.164
1464,-0.09
1465,0.007
1466,0.032
1467,-0.105
1468,-0.095
1469,0.017
1470,0.051
1471,0.076
1472,-0.017
1473,0.083
1474,0.015
1475,0.081
1476,0.071
1477,-0.132
1478,0.034
1479,0.1
1480,0.002
1481,-0.149
1482,-0.073
1483,-0.068
1484,-0.149
1485,-0.112
1486,-0.081
1487,-0.078
1488,-0.017
1489,0.002
1490,0.029
1491,-0.049
1492,-0.01
1493,-0.044
1494,-0.034
1495,0.037
1496,-0.051
1497,-0.017
1498,-0.005
1499,-0.044
1500,-0.027
1501,-0.076
1502,-0.107
1503,-0.249
1504,-0.063
1505,-0.054
1506,-0.027
1507,-0.059
1508,-0.134
1509,-0.156
1510,-0.098
1511,-0.049
1512,-0.073
1513,-0.01
1514,-0.017
1515,0.046
1516,-0.066
1517,0.022
1518,0.061
1519,-0.088
1520,-0.046
1521,-0.034
1522,-0.02
1523,0.01
1524,0.049
1525,-0.037
1526,-0.063
1527,-0.015
1528,0.007
1529,-0.015
1530,0.015
1531,-0.007
1532,0.046
1533,0.017
1534,0.115
1535,-0.005
1536,-0.056
1537,0.068
1538,0.095
1539,0.159
1540,0.1
1541,-0.017
1542,-0.007
1543,-0.049
1544,-0.1
1545,-0.076
1546,-0.122
1547,0.0
1548,-0.046
1549,-0.046
1550,-0.073
1551,-0.146
1552,-0.059
1553,0.085
1554,-0.066
1555,-0.149
1556,-0.02
1557,0.034
1558,0.034
1559,-0.039
1560,-0.005
1561,-0.107
1562,-0.042
1563,-0.034
1564,-0.073
1565,-0.093
1566,0.027
1567,0.029
1568,-0.063
1569,0.007
1570,-0.012
1571,0.159
1572,-0.015
1573,-0.051
1574,-0.076
1575,-0.051
1576,-0.046
1577,-0.19
1578,-0.127
1579,0.007
1580,0.051
1581,0.0
1582,-0.122
1583,-0.112
1584,-0.024
1585,-0.073
1586,-0.125
1587,-0.042
1588,-0.083
1589,-0.027
1590,-0.015
1591,-0.066
1592,-0.037
1593,-0.034
1594,-0.01
1595,0.029
1596,-0.017
1597,-0.015
1598,0.007
1599,-0.005
1600,0.066
1601,0.029
1602,-0.017
1603,-0.034
1604,-0.159
1605,-0.168
1606,-0.103
1607,-0.1
1608,-0.051
1609,-0.012
1610,-0.029
1611,-0.049
1612,0.007
1613,-0.02
1614,0.02
1615,0.049
1616,0.054
1617,0.0
1618,0.078
1619,-0.012
1620,-0.007
1621,0.044
1622,0.134
1623,-0.078
1624,-0.049
1625,-0.024
1626,-0.039
1627,-0.063
1628,-0.1
1629,-0.002
1630,0.01
1631,-0.078
1632,-0.02
1633,-0.015
1634,-0.044
1635,0.029
1636,0.044
1637,-0.034
1638,-0.007
1639,0.056
1640,-0.027
1641,-0.034
1642,0.044
1643,0.071
1644,0.039
1645,-0.029
1646,-0.076
1647,0.005
1648,-0.093
1649,-0.107
1650,-0.017
1651,-0.037
1652,-0.051
1653,0.034
1654,-0.107
1655,0.017
1656,0.139
1657,0.078
1658,-0.039
1659,0.017
1660,0.059
1661,0.125
1662,-0.024
1663,-0.071
1664,-0.063
1665,-0.022
1666,-0.063
1667,-0.039
1668,-0.056
1669,0.042
1670,-0.037
1671,-0.034
1672,-0.002
1673,-0.044
1674,0.017
1675,-0.088
1676,-0.154
1677,-0.1
1678,-0.054
1679,0.027
1680,0.046
1681,-0.022
1682,-0.01
1683,0.007
1684,0.005
1685,0.017
1686,-0.073
1687,0.044
1688,-0.09
1689,-0.022
1690,0.081
1691,-0.103
1692,-0.024
1693,0.105
1694,0.076
1695,-0.005
1696,0.039
1697,-0.002
1698,0.1
1699,0.1
1700,0.027
1701,0.037
1702,0.073
1703,0.088
1704,0.083
1705,0.007
1706,0.061
1707,0.09
1708,-0.015
1709,0.073
1710,-0.01
1711,0.061
1712,0.017
1713,0.071
1714,0.083
1715,0.066
1716,0.039
1717,-0.027
1718,-0.061
1719,0.056
1720,0.017
1721,-0.054
1722,0.142
1723,0.039
1724,-0.012
1725,-0.1
1726,-0.068
1727,-0.037
1728,-0.007
1729,0.01
1730,-0.042
1731,-0.027
1732,0.073
1733,0.063
1734,-0.095
1735,-0.081
1736,0.073
1737,-0.005
1738,-0.085
1739,-0.083
1740,0.107
1741,0.176
1742,-0.085
1743,-0.027
1744,0.039
1745,-0.029
1746,-0.068
1747,-0.002
1748,-0.046
1749,-0.034
1750,-0.12
1751,-0.105
1752,-0.107
1753,-0.1
1754,-0.051
1755,0.007
1756,-0.02
1757,0.046
1758,0.093
1759,0.044
1760,0.002
1761,-0.046
1762,0.056
1763,0.059
1764,0.017
1765,-0.063
1766,-0.059
1767,-0.105
1768,-0.115
1769,-0.11
1770,0.051
1771,-0.073
1772,-0.078
1773,0.085
1774,0.134
1775,-0.017
1776,-0.012
1777,-0.051
1778,0.107
1779,-0.076
1780,-0.027
1781,-0.002
1782,-0.12
1783,0.144
1784,-0.017
1785,-0.042
1786,0.032
1787,0.049
1788,-0.002
1789,-0.049
1790,0.085
1791,0.034
1792,0.022
1793,0.044
1794,-0.222
1795,0.039
1796,0.2
1797,-0.024
1798,0.144
1799,0.083
1800,0.1
1801,0.056
1802,0.002
1803,0.161
1804,0.071
1805,0.054
1806,-0.078
1807,-0.01
1808,0.061
1809,0.049
1810,0.046
1811,-0.063
1812,-0.044
1813,0.0
1814,-0.056
1815,0.017
1816,-0.061
1817,0.007
1818,0.044
1819,0.007
1820,-0.063
1821,0.02
1822,0.02
1823,-0.073
1824,0.01
1825,-0.059
1826,-0.039
1827,-0.068
1828,-0.068
1829,0.034
1830,-0.059
1831,-0.007
1832,-0.117
1833,0.073
1834,0.029
1835,-0.054
1836,-0.037
1837,-0.034
1838,0.002
1839,0.012
1840,0.042
1841,0.015
1842,-0.098
1843,-0.229
1844,-0.034
1845,-0.044
1846,-0.088
1847,-0.029
1848,-0.09
1849,-0.105
1850,0.037
1851,-0.056
1852,-0.012
1853,0.076
1854,0.002
1855,-0.09
1856,0.017
1857,0.098
1858,0.083
1859,0.117
1860,0.107
1861,0.144
1862,-0.068
1863,0.068
1864,0.186
1865,0.125
1866,0.007
1867,0.024
1868,0.085
1869,0.005
1870,0.061
1871,-0.034
1872,-0.044
1873,0.029
1874,-0.022
1875,0.032
1876,-0.037
1877,0.073
1878,0.161
1879,-0.032
1880,-0.051
1881,0.137
1882,0.054
1883,0.049
1884,-0.044
1885,-0.024
1886,-0.024
1887,-0.027
1888,-0.015
1889,-0.015
1890,0.061
1891,-0.078
1892,-0.1
1893,0.085
1894,-0.037
1895,0.02
1896,0.059
1897,-0.039
1898,0.078
1899,0.037
1900,0.027
1901,0.061
1902,0.039
1903,0.037
1904,0.149
1905,-0.083
1906,0.032
1907,0.049
1908,-0.068
1909,-0.049
1910,0.005
1911,-0.144
1912,-0.054
1913,0.098
1914,-0.071
1915,-0.151
1916,-0.027
1917,-0.063
1918,0.024
1919,-0.029
1920,-0.103
1921,0.024
1922,0.129
1923,-0.063
1924,0.01
1925,-0.171
1926,-0.083
1927,0.127
1928,-0.005
1929,-0.017
1930,0.066
1931,-0.071
1932,0.027
1933,-0.02
1934,-0.176
1935,0.046
1936,0.083
1937,0.188
1938,0.029
1939,-0.063
1940,0.051
1941,0.066
1942,0.239
1943,-0.002
1944,0.093
1945,0.127
1946,-0.024
1947,-0.02
1948,-0.002
1949,-0.159
1950,-0.022
1951,0.156
1952,-0.007
1953,-0.046
1954,-0.178
1955,0.154
1956,0.081
1957,-0.159
1958,0.002
1959,-0.022
1960,0.044
1961,0.181
1962,0.066
1963,0.149
1964,-0.054
1965,0.027
1966,0.02
1967,-0.032
1968,0.1
1969,0.005
1970,0.01
1971,0.024
1972,-0.039
1973,-0.049
1974,0.024
1975,0.02
1976,0.132
1977,0.032
1978,-0.127
1979,0.12
1980,0.103
1981,0.093
1982,0.042
1983,-0.056
1984,0.081
1985,0.164
1986,0.015
1987,-0.107
1988,-0.12
1989,0.054
1990,0.076
1991,-0.095
1992,-0.078
1993,-0.056
1994,0.0
1995,0.071
1996,-0.081
1997,0.01
1998,0.117
1999,0.115
2000,-0.139
2001,-0.205
2002,-0.029
2003,0.027
2004,-0.042
2005,0.017
2006,-0.061
2007,-0.142
2008,-0.037
2009,-0.046
2010,-0.046
2011,-0.068
2012,-0.09
2013,0.0
2014,-0.068
2015,-0.051
2016,0.044
2017,-0.073
2018,-0.024
2019,-0.054
2020,-0.007
2021,-0.015
2022,-0.024
2023,-0.012
2024,0.017
2025,0.032
2026,0.044
2027,-0.01
2028,0.012
2029,-0.051
2030,-0.01
2031,-0.02
2032,-0.02
2033,0.037
2034,-0.002
2035,-0.007
2036,0.017
2037,0.0
2038,-0.012
2039,-0.054
2040,-0.005
2041,0.088
2042,-0.002
2043,0.137
2044,0.112
2045,-0.11
2046,-0.122
2047,0.034
2048,0.227
2049,0.027
2050,0.066
2051,0.068
2052,-0.017
2053,0.093
2054,0.005
2055,-0.122
2056,0.061
2057,0.093
2058,0.078
2059,0.085
2060,0.042
2061,0.034
2062,0.107
2063,0.134
2064,0.005
2065,-0.015
2066,0.073
2067,0.088
2068,-0.034
2069,0.015
2070,0.046
2071,-0.095
2072,-0.127
2073,-0.132
2074,-0.115
2075,-0.103
2076,-0.027
2077,-0.056
2078,-0.168
2079,-0.083
2080,-0.054
2081,-0.032
2082,-0.044
2083,-0.085
2084,0.015
2085,0.005
2086,-0.032
2087,-0.015
2088,-0.059
2089,0.02
2090,-0.024
2091,-0.01
2092,-0.017
2093,-0.122
2094,-0.19
2095,-0.103
2096,0.085
2097,0.017
2098,-0.103
2099,-0.098
2100,0.027
2101,0.061
2102,-0.073
2103,-0.071
2104,0.037
2105,0.017
2106,-0.032
2107,0.005
2108,-0.039
2109,0.112
2110,0.09
2111,-0.02
2112,-0.02
2113,0.034
2114,0.024
2115,0.01
2116,0.056
2117,0.054
2118,0.02
2119,0.01
2120,0.027
2121,0.125
2122,0.112
2123,0.054
2124,-0.012
2125,0.032
2126,-0.059
2127,0.037
2128,0.054
2129,-0.024
2130,0.129
2131,0.034
2132,0.034
2133,0.024
2134,-0.039
2135,0.007
2136,0.195
2137,0.042
2138,-0.042
2139,0.076
2140,0.083
2141,-0.01
2142,-0.024
2143,0.164
2144,-0.037
2145,0.029
2146,0.063
2147,-0.002
2148,0.049
2149,0.076
2150,-0.012
2151,-0.125
2152,0.068
2153,-0.017
2154,0.007
2155,-0.142
2156,-0.032
2157,-0.037
2158,-0.088
2159,-0.017
2160,-0.051
2161,0.007
2162,0.024
2163,-0.007
2164,-0.017
2165,-0.005
2166,0.027
2167,-0.037
2168,-0.144
2169,-0.059
2170,-0.088
2171,-0.061
2172,-0.125
2173,-0.186
2174,-0.076
2175,-0.085
2176,-0.044
2177,-0.1
2178,-0.015
2179,-0.083
2180,0.015
2181,0.076
2182,-0.083
2183,-0.012
2184,0.044
2185,-0.034
2186,0.017
2187,0.017
2188,-0.063
2189,-0.073
2190,-0.051
2191,0.076
2192,0.037
2193,-0.032
2194,-0.027
2195,-0.11
2196,-0.134
2197,-0.002
2198,-0.012
2199,-0.002
2200,-0.012
2201,-0.046
2202,-0.027
2203,-0.015
2204,-0.022
2205,0.11
2206,-0.073
2207,-0.029
2208,0.02
2209,0.005
2210,0.032
2211,0.024
2212,0.068
2213,-0.051
2214,-0.186
2215,-0.029
2216,-0.002
2217,0.029
2218,0.051
2219,0.002
2220,-0.02
2221,-0.02
2222,-0.071
2223,0.098
2224,0.103
2225,0.088
2226,0.061
2227,0.083
2228,0.098
2229,0.054
2230,0.071
2231,-0.054
2232,0.002
2233,0.007
2234,0.022
2235,0.081
2236,-0.088
2237,-0.11
2238,-0.027
2239,-0.049
2240,0.034
2241,-0.044
2242,-0.007
2243,0.059
2244,-0.024
2245,-0.017
2246,-0.002
2247,0.042
2248,-0.051
2249,-0.032
2250,-0.093
2251,-0.088
2252,0.01
2253,0.073
2254,0.046
2255,-0.132
2256,-0.112
2257,-0.146
2258,0.005
2259,0.066
2260,-0.012
2261,0.1
2262,0.002
2263,-0.073
2264,0.161
2265,0.078
2266,-0.002
2267,-0.051
2268,-0.059
2269,0.068
2270,-0.073
2271,-0.11
2272,-0.061
2273,-0.095
2274,0.039
2275,-0.032
2276,0.049
2277,-0.039
2278,-0.085
2279,-0.022
2280,0.051
2281,0.012
2282,-0.027
2283,0.073
2284,0.01
2285,0.105
2286,-0.081
2287,0.088
2288,0.01
2289,0.007
2290,-0.002
2291,-0.012
2292,-0.017
2293,0.007
2294,-0.051
2295,-0.059
2296,0.066
2297,-0.134
2298,-0.12
2299,-0.085
2300,-0.049
2301,-0.022
2302,0.076
2303,-0.032
2304,0.139
2305,0.127
2306,0.166
2307,0.159
2308,0.068
2309,0.066
2310,0.054
2311,0.071
2312,-0.056
2313,0.071
2314,-0.037
2315,-0.083
2316,0.01
2317,-0.007
2318,0.122
2319,-0.081
2320,0.022
2321,0.134
2322,0.093
2323,0.027
2324,0.024
2325,0.076
2326,-0.007
2327,0.032
2328,-0.02
2329,0.054
2330,-0.076
2331,-0.02
2332,0.032
2333,-0.081
2334,-0.063
2335,-0.068
2336,-0.103
2337,0.015
2338,0.049
2339,-0.012
2340,-0.061
2341,-0.054
2342,0.002
2343,-0.002
2344,-0.01
2345,0.024
2346,0.044
2347,0.073
2348,-0.129
2349,-0.039
2350,0.032
2351,0.02
2352,-0.039
2353,-0.085
2354,-0.051
2355,0.034
2356,0.005
2357,-0.044
2358,-0.127
2359,-0.068
2360,-0.027
2361,-0.039
2362,-0.005
2363,0.012
2364,0.002
2365,0.007
2366,-0.066
2367,0.071
2368,-0.046
2369,-0.042
2370,-0.032
2371,-0.083
2372,-0.017
2373,-0.149
2374,-0.161
2375,-0.134
2376,-0.105
2377,0.034
2378,-0.012
2379,-0.193
2380,-0.005
2381,-0.007
2382,-0.071
2383,0.054
2384,0.1
2385,0.088
2386,0.012
2387,0.022
2388,0.029
2389,-0.034
2390,0.103
2391,0.125
2392,0.037
2393,0.093
2394,0.034
2395,-0.029
2396,0.063
2397,-0.012
2398,0.022
2399,-0.015
2400,0.078
2401,0.093
2402,0.042
2403,0.12
2404,-0.017
2405,-0.034
2406,0.029
2407,0.017
2408,-0.022
2409,-0.012
2410,-0.022
2411,0.024
2412,-0.054
2413,0.037
2414,-0.022
2415,0.039
2416,-0.173
2417,-0.056
2418,0.022
2419,0.007
2420,0.046
2421,-0.154
2422,-0.034
2423,0.125
2424,-0.054
2425,-0.005
2426,0.205
2427,0.051
2428,-0.037
2429,0.029
2430,0.005
2431,0.034
2432,-0.1
2433,0.049
2434,-0.002
2435,-0.137
2436,0.015
2437,-0.11
2438,0.0
2439,-0.073
2440,-0.093
2441,-0.068
2442,-0.039
2443,-0.007
2444,0.044
2445,-0.02
2446,-0.002
2447,0.044
2448,-0.007
2449,0.085
2450,0.044
2451,-0.042
2452,0.046
2453,-0.037
2454,-0.002
2455,0.037
2456,-0.032
2457,-0.051
2458,-0.042
2459,0.015
2460,0.0
2461,-0.061
2462,0.029
2463,-0.02
2464,-0.032
2465,0.01
2466,-0.044
2467,0.032
2468,0.039
2469,0.11
2470,-0.063
2471,-0.054
2472,-0.002
2473,0.002
2474,0.059
2475,0.01
2476,-0.059
2477,-0.015
2478,-0.002
2479,-0.088
2480,-0.015
2481,-0.007
2482,0.049
2483,0.024
2484,0.01
2485,0.122
2486,0.134
2487,0.02
2488,-0.022
2489,0.076
2490,0.029
2491,0.144
2492,0.073
2493,0.027
2494,0.012
2495,0.002
2496,0.051
2497,0.017
2498,-0.056
2499,-0.066
2500,-0.01
2501,-0.068
2502,-0.073
2503,0.017
2504,0.056
2505,-0.012
2506,-0.01
2507,-0.01
2508,-0.034
2509,-0.029
2510,-0.01
2511,-0.049
2512,-0.125
2513,-0.027
2514,-0.044
2515,-0.029
2516,0.007
2517,-0.032
2518,0.02
2519,-0.027
2520,-0.044
2521,-0.037
2522,-0.042
2523,-0.005
2524,-0.002
2525,-0.037
2526,-0.054
2527,0.044
2528,-0.024
2529,-0.085
2530,-0.071
2531,-0.073
2532,-0.032
2533,0.005
2534,-0.054
2535,-0.046
2536,-0.024
2537,-0.132
2538,0.029
2539,0.01
2540,-0.029
2541,-0.046
2542,-0.02
2543,0.02
2544,0.039
2545,-0.034
2546,-0.027
2547,0.029
2548,0.063
2549,0.022
2550,0.085
2551,-0.022
2552,0.088
2553,0.059
2554,0.0
2555,-0.127
2556,0.051
2557,0.012
2558,-0.027
2559,-0.005
2560,-0.012
2561,-0.015
2562,0.071
2563,0.103
2564,0.01
2565,0.046
2566,0.117
2567,-0.002
2568,0.039
2569,0.007
2570,0.056
2571,0.11
2572,0.056
2573,0.068
2574,0.061
2575,0.063
2576,0.02
2577,0.029
2578,-0.024
2579,-0.044
2580,0.039
2581,-0.059
2582,-0.012
2583,0.073
2584,-0.085
2585,-0.002
2586,0.159
2587,0.066
2588,0.078
2589,-0.002
2590,-0.012
2591,0.2
2592,0.024
2593,-0.137
2594,-0.159
2595,-0.063
2596,-0.012
2597,-0.049
2598,-0.083
2599,-0.027
2600,-0.037
2601,-0.078
2602,-0.078
2603,-0.073
2604,0.049
2605,0.039
2606,-0.034
2607,-0.09
2608,-0.09
2609,-0.024
2610,-0.044
2611,-0.051
2612,-0.117
2613,-0.034
2614,0.046
2615,-0.049
2616,-0.083
2617,-0.068
2618,-0.081
2619,0.085
2620,0.0
2621,-0.034
2622,0.012
2623,0.034
2624,0.024
2625,-0.176
2626,-0.037
2627,-0.034
2628,-0.002
2629,0.093
2630,-0.017
2631,0.171
2632,0.176
2633,-0.037
2634,-0.042
2635,-0.039
2636,0.01
2637,-0.022
2638,0.007
2639,0.024
2640,-0.027
2641,-0.081
2642,-0.081
2643,-0.063
2644,-0.029
2645,0.056
2646,-0.037
2647,-0.071
2648,0.037
2649,0.12
2650,0.017
2651,-0.061
2652,-0.01
2653,0.071
2654,0.015
2655,0.046
2656,-0.073
2657,0.061
2658,0.071
2659,0.02
2660,0.01
2661,0.076
2662,0.081
2663,0.034
2664,0.088
2665,-0.007
2666,0.056
2667,0.029
2668,-0.068
2669,-0.017
2670,0.054
2671,0.1
2672,0.066
2673,0.142
2674,0.022
2675,-0.034
2676,-0.061
2677,-0.046
2678,-0.046
2679,-0.129
2680,-0.066
2681,0.032
2682,-0.112
2683,-0.088
2684,0.042
2685,-0.027
2686,-0.073
2687,-0.015
2688,0.005
2689,-0.061
2690,0.005
2691,0.022
2692,-0.01
2693,0.032
2694,0.005
2695,0.022
2696,-0.005
2697,-0.066
2698,-0.042
2699,-0.154
2700,-0.01
2701,-0.032
2702,-0.039
2703,-0.01
2704,0.051
2705,0.002
2706,0.034
2707,-0.034
2708,-0.017
2709,0.083
2710,0.007
2711,-0.01
2712,0.029
2713,0.105
2714,-0.012
2715,-0.002
2716,0.061
2717,-0.046
2718,-0.042
2719,-0.051
2720,-0.029
2721,-0.02
2722,0.005
2723,-0.081
2724,-0.063
2725,0.054
2726,0.042
2727,0.054
2728,-0.012
2729,0.017
2730,0.09
2731,0.063
2732,0.12
2733,0.073
2734,0.107
2735,-0.01
2736,-0.005
2737,-0.002
2738,-0.056
2739,-0.027
2740,-0.037
2741,-0.012
2742,-0.061
2743,-0.144
2744,-0.022
2745,-0.012
2746,0.1
2747,0.164
2748,0.103
2749,0.068
2750,0.063
2751,0.11
2752,0.112
2753,0.144
2754,0.215
2755,-0.095
2756,-0.029
2757,-0.09
2758,-0.002
2759,0.007
2760,0.005
2761,-0.015
2762,-0.122
2763,-0.129
2764,-0.103
2765,-0.034
2766,-0.085
2767,-0.112
2768,-0.034
2769,0.044
2770,0.012
2771,0.151
2772,0.005
2773,-0.068
2774,0.063
2775,0.09
2776,0.027
2777,-0.093
2778,-0.081
2779,-0.046
2780,-0.012
2781,-0.015
2782,0.02
2783,0.039
2784,-0.032
2785,-0.017
2786,-0.044
2787,-0.005
2788,0.049
2789,-0.027
2790,0.022
2791,0.015
2792,-0.078
2793,0.022
2794,0.061
2795,0.002
2796,-0.015
2797,0.007
2798,0.076
2799,-0.034
2800,-0.027
2801,0.042
2802,-0.012
2803,0.02
2804,-0.034
2805,-0.059
2806,-0.056
2807,0.027
2808,-0.073
2809,-0.042
2810,0.137
2811,0.01
2812,0.073
2813,0.063
2814,0.137
2815,0.103
2816,0.042
2817,0.076
2818,0.015
2819,-0.029
2820,0.034
2821,0.039
2822,0.01
2823,0.007
2824,0.01
2825,0.037
2826,0.027
2827,-0.024
2828,-0.017
2829,0.095
2830,-0.005
2831,0.042
2832,0.11
2833,0.054
2834,0.105
2835,0.066
2836,0.134
2837,-0.007
2838,0.024
2839,0.02
2840,-0.002
2841,-0.127
2842,-0.071
2843,-0.015
2844,-0.061
2845,-0.081
2846,-0.005
2847,-0.059
2848,-0.093
2849,-0.01
2850,0.002
2851,0.029
2852,-0.054
2853,-0.081
2854,0.083
2855,-0.015
2856,0.085
2857,0.01
2858,-0.037
2859,-0.046
2860,-0.073
2861,-0.107
2862,-0.11
2863,-0.107
2864,-0.11
2865,-0.081
2866,-0.093
2867,-0.149
2868,-0.112
2869,0.007
2870,0.012
2871,0.056
2872,-0.027
2873,-0.071
2874,-0.093
2875,0.024
2876,-0.054
2877,0.034
2878,0.161
2879,-0.044
2880,-0.007
2881,0.012
2882,-0.134
2883,-0.088
2884,-0.127
2885,-0.059
2886,-0.051
2887,-0.029
2888,-0.078
2889,-0.059
2890,0.007
2891,0.015
2892,-0.005
2893,-0.022
2894,0.039
2895,-0.027
2896,0.027
2897,0.044
2898,-0.02
2899,0.066
2900,0.029
2901,0.134
2902,0.034
2903,0.044
2904,0.054
2905,0.046
2906,0.085
2907,-0.022
2908,-0.081
2909,0.02
2910,0.146
2911,0.044
2912,0.0
2913,0.09
2914,0.176
2915,0.068
2916,-0.049
2917,0.039
2918,0.002
2919,0.046
2920,0.105
2921,0.054
2922,-0.127
2923,-0.032
2924,0.095
2925,-0.02
2926,-0.054
2927,0.068
2928,-0.022
2929,0.002
2930,0.0
2931,-0.066
2932,0.044
2933,0.032
2934,0.039
2935,0.015
2936,-0.059
2937,-0.024
2938,-0.005
2939,-0.037
2940,-0.071
2941,-0.105
2942,0.02
2943,0.02
2944,-0.046
2945,0.02
2946,-0.015
2947,-0.1
2948,-0.098
2949,-0.017
2950,0.093
2951,-0.098
2952,-0.066
2953,0.042
2954,-0.02
2955,-0.188
2956,-0.012
2957,0.007
2958,-0.027
2959,0.02
2960,0.027
2961,-0.044
2962,0.037
2963,0.037
2964,-0.051
2965,-0.083
2966,-0.103
2967,-0.081
2968,-0.054
2969,-0.022
2970,-0.095
2971,-0.066
2972,-0.029
2973,-0.049
2974,-0.017
2975,0.01
2976,0.068
2977,0.115
2978,0.063
2979,0.044
2980,0.127
2981,0.129
2982,-0.029
2983,0.051
2984,-0.015
2985,-0.02
2986,-0.007
2987,-0.059
2988,0.015
2989,-0.078
2990,-0.154
2991,-0.034
2992,-0.076
2993,0.022
2994,0.095
2995,0.103
2996,-0.022
2997,0.034
2998,0.09
2999,0.081
3000,0.022
3001,0.095
3002,0.015
3003,0.171
3004,0.042
3005,0.09
3006,0.059
3007,0.063
3008,0.1
3009,-0.032
3010,0.1
3011,-0.024
3012,0.1
3013,0.056
3014,-0.112
3015,0.042
3016,0.117
3017,-0.063
3018,-0.056
3019,0.02
3020,0.037
3021,-0.01
3022,-0.159
3023,0.01
3024,-0.056
3025,-0.098
3026,-0.015
3027,-0.09
3028,-0.093
3029,-0.122
3030,-0.022
3031,-0.024
3032,-0.144
3033,-0.044
3034,0.007
3035,0.034
3036,-0.01
3037,-0.098
3038,-0.078
3039,-0.051
3040,-0.01
3041,-0.042
3042,-0.046
3043,0.002
3044,-0.059
3045,-0.039
3046,-0.066
3047,-0.154
3048,-0.112
3049,-0.149
3050,-0.098
3051,-0.115
3052,-0.149
3053,0.098
3054,0.125
3055,-0.115
3056,-0.134
3057,-0.127
3058,-0.027
3059,0.115
3060,-0.098
3061,0.02
3062,-0.059
3063,-0.039
3064,-0.032
3065,-0.195
3066,-0.098
3067,0.034
3068,-0.042
3069,-0.129
3070,0.066
3071,0.203
3072,0.11
3073,-0.029
3074,-0.071
3075,0.029
3076,0.217
3077,-0.051
3078,0.044
3079,0.007
3080,0.042
3081,0.107
3082,-0.017
3083,0.027
3084,-0.002
3085,0.125
3086,-0.02
3087,-0.066
3088,0.039
3089,-0.1
3090,0.071
3091,-0.037
3092,-0.068
3093,-0.015
3094,-0.037
3095,0.01
3096,0.01
3097,-0.061
3098,0.073
3099,0.159
3100,0.015
3101,-0.017
3102,0.083
3103,0.059
3104,-0.015
3105,-0.032
3106,-0.02
3107,-0.071
3108,-0.132
3109,-0.132
3110,-0.017
3111,-0.098
3112,-0.125
3113,-0.054
3114,0.046
3115,-0.032
3116,-0.066
3117,0.037
3118,0.068
3119,0.046
3120,0.046
3121,0.063
3122,0.044
3123,-0.039
3124,0.029
3125,0.012
3126,-0.027
3127,-0.02
3128,0.066
3129,-0.173
3130,-0.166
3131,-0.129
3132,-0.142
3133,-0.039
3134,-0.024
3135,-0.137
3136,-0.054
3137,-0.078
3138,-0.076
3139,-0.037
3140,0.071
3141,0.088
3142,0.027
3143,-0.005
3144,-0.01
3145,0.012
3146,-0.046
3147,-0.022
3148,0.015
3149,0.039
3150,-0.059
3151,-0.095
3152,-0.051
3153,-0.098
3154,-0.042
3155,-0.061
3156,0.015
3157,-0.015
3158,-0.068
3159,0.039
3160,0.02
3161,0.063
3162,0.166
3163,-0.071
3164,0.073
3165,0.09
3166,0.005
3167,0.024
3168,-0.042
3169,0.01
3170,0.022
3171,-0.039
3172,-0.024
3173,-0.046
3174,0.012
3175,0.054
3176,-0.054
3177,-0.063
3178,0.017
3179,0.02
3180,0.103
3181,-0.073
3182,0.1
3183,0.105
3184,-0.056
3185,0.095
3186,0.002
3187,-0.071
3188,-0.051
3189,-0.024
3190,0.022
3191,-0.083
3192,0.005
3193,-0.037
3194,-0.078
3195,-0.029
3196,0.017
3197,0.095
3198,-0.005
3199,-0.076
3200,-0.093
3201,-0.012
3202,0.071
3203,0.039
3204,-0.044
3205,-0.071
3206,0.11
3207,0.061
3208,-0.007
3209,-0.056
3210,-0.042
3211,-0.117
3212,-0.142
3213,-0.12
3214,-0.09
3215,0.017
3216,0.049
3217,-0.039
3218,-0.093
3219,0.002
3220,0.01
3221,-0.042
3222,-0.039
3223,-0.046
3224,0.01
3225,-0.107
3226,-0.078
3227,-0.125
3228,0.022
3229,-0.066
3230,-0.105
3231,0.01
3232,-0.12
3233,-0.073
3234,0.149
3235,-0.007
3236,0.017
3237,-0.061
3238,-0.107
3239,-0.022
3240,0.083
3241,0.11
3242,0.125
3243,0.098
3244,0.076
3245,-0.098
3246,0.066
3247,0.168
3248,0.149
3249,0.01
3250,-0.017
3251,-0.005
3252,0.015
3253,0.066
3254,0.01
3255,0.027
3256,0.007
3257,0.132
3258,-0.039
3259,-0.012
3260,-0.022
3261,0.09
3262,0.244
3263,0.059
3264,0.071
3265,0.144
3266,0.015
3267,0.085
3268,-0.015
3269,-0.115
3270,0.066
3271,0.076
3272,-0.005
3273,0.093
3274,0.032
3275,0.002
3276,0.015
3277,0.02
3278,-0.051
3279,0.017
3280,0.222
3281,0.127
3282,0.061
3283,-0.01
3284,0.015
3285,0.066
3286,-0.039
3287,-0.027
3288,0.085
3289,-0.034
3290,-0.151
3291,-0.054
3292,-0.146
3293,-0.078
3294,0.012
3295,-0.134
3296,-0.161
3297,-0.059
3298,-0.01
3299,0.007
3300,-0.039
3301,-0.046
3302,0.029
3303,-0.02
3304,0.024
3305,0.034
3306,0.032
3307,0.056
3308,-0.088
3309,-0.144
3310,-0.002
3311,0.032
3312,0.073
3313,-0.015
3314,-0.076
3315,-0.063
3316,-0.09
3317,0.051
3318,0.076
3319,0.061
3320,-0.007
3321,0.059
3322,0.139
3323,0.034
3324,0.051
3325,0.085
3326,0.061
3327,0.115
3328,0.029
3329,-0.032
3330,-0.034
3331,-0.005
3332,0.012
3333,0.002
3334,-0.027
3335,-0.068
3336,0.044
3337,0.0
3338,-0.051
3339,0.012
3340,0.137
3341,0.115
3342,0.078
3343,0.076
3344,0.054
3345,0.005
3346,0.078
3347,0.02
3348,0.122
3349,0.032
3350,0.034
3351,0.024
3352,-0.039
3353,-0.012
3354,-0.088
3355,0.159
3356,0.229
3357,-0.083
3358,0.159
3359,0.107
3360,0.024
3361,0.085
3362,0.0
3363,0.056
3364,0.212
3365,0.066
3366,0.017
3367,0.142
3368,0.073
3369,0.02
3370,-0.151
3371,-0.042
3372,0.093
3373,0.005
3374,-0.059
3375,-0.068
3376,-0.09
3377,0.049
3378,0.0
3379,-0.076
3380,0.051
3381,0.015
3382,0.042
3383,0.007
3384,-0.144
3385,0.022
3386,0.049
3387,-0.066
3388,0.002
3389,-0.015
3390,-0.063
3391,-0.059
3392,0.02
3393,-0.059
3394,-0.12
3395,-0.02
3396,-0.063
3397,-0.042
3398,-0.032
3399,-0.059
3400,-0.037
3401,0.029
3402,0.024
3403,-0.034
3404,-0.022
3405,0.046
3406,0.007
3407,-0.017
3408,0.039
3409,0.044
3410,-0.029
3411,-0.042
3412,0.034
3413,-0.02
3414,-0.037
3415,-0.027
3416,-0.029
3417,-0.02
3418,0.171
3419,0.12
3420,0.132
3421,0.061
3422,0.059
3423,0.039
3424,0.088
3425,0.105
3426,0.149
3427,0.066
3428,0.029
3429,0.042
3430,0.083
3431,0.042
3432,0.093
3433,-0.029
3434,-0.115
3435,-0.059
3436,0.0
3437,0.061
3438,0.134
3439,-0.01
3440,-0.02
3441,0.166
3442,0.098
3443,0.144
3444,0.01
3445,0.054
3446,0.076
3447,0.029
3448,-0.017
3449,-0.005
3450,0.022
3451,-0.054
3452,-0.088
3453,0.042
3454,-0.078
3455,-0.166
3456,-0.076
3457,-0.042
3458,-0.09
3459,-0.137
3460,-0.024
3461,-0.032
3462,0.015
3463,-0.068
3464,0.081
3465,-0.012
3466,0.002
3467,-0.068
3468,-0.088
3469,0.027
3470,-0.01
3471,0.02
3472,0.017
3473,-0.186
3474,-0.151
3475,-0.112
3476,-0.071
3477,-0.039
3478,-0.093
3479,-0.044
3480,-0.083
3481,-0.1
3482,0.046
3483,-0.022
3484,-0.051
3485,-0.034
3486,-0.061
3487,0.083
3488,0.066
3489,-0.012
3490,0.129
3491,0.1
3492,-0.107
3493,0.061
3494,0.066
3495,-0.044
3496,-0.129
3497,-0.076
3498,0.032
3499,0.034
3500,-0.007
3501,-0.051
3502,-0.007
3503,-0.105
3504,0.012
3505,0.022
3506,0.037
3507,0.054
3508,0.063
3509,-0.01
3510,-0.034
3511,-0.01
3512,0.024
3513,0.076
3514,0.081
3515,-0.051
3516,0.039
3517,0.063
3518,0.034
3519,0.071
3520,0.051
3521,-0.049
3522,0.049
3523,0.085
3524,0.024
3525,0.027
3526,0.0
3527,0.103
3528,0.09
3529,-0.005
3530,0.156
3531,0.039
3532,0.044
3533,0.046
3534,-0.01
3535,0.022
3536,-0.078
3537,-0.032
3538,-0.027
3539,-0.088
3540,0.002
3541,-0.015
3542,-0.02
3543,-0.01
3544,0.071
3545,0.081
3546,0.103
3547,0.127
3548,0.076
3549,-0.051
3550,-0.027
3551,0.042
3552,-0.02
3553,-0.085
3554,-0.076
3555,-0.027
3556,-0.049
3557,-0.083
3558,-0.024
3559,-0.142
3560,-0.142
3561,0.051
3562,-0.056
3563,0.085
3564,0.0
3565,-0.085
3566,0.02
3567,-0.051
3568,0.049
3569,0.015
3570,0.005
3571,-0.034
3572,-0.154
3573,0.0
3574,-0.068
3575,-0.098
3576,-0.105
3577,-0.056
3578,-0.029
3579,-0.005
3580,0.0
3581,0.02
3582,0.012
3583,0.002
3584,-0.037
3585,-0.068
3586,-0.022
3587,0.022
3588,-0.042
3589,0.059
3590,0.107
3591,0.112
3592,0.107
3593,-0.012
3594,-0.007
3595,0.105
3596,-0.042
3597,0.022
3598,-0.039
3599,0.076
3600,0.093
3601,-0.029
3602,0.0
3603,-0.115
3604,-0.054
3605,0.046
3606,0.0
3607,0.088
3608,0.032
3609,-0.007
3610,0.071
3611,0.088
3612,-0.022
3613,0.061
3614,0.054
3615,0.088
3616,0.083
3617,-0.005
3618,-0.017
3619,0.068
3620,0.024
3621,-0.042
3622,0.01
3623,0.107
3624,0.0
3625,-0.01
3626,0.034
3627,0.029
3628,0.029
3629,-0.051
3630,0.056
3631,-0.042
3632,0.017
3633,-0.076
3634,-0.183
3635,-0.059
3636,-0.042
3637,-0.078
3638,-0.103
3639,-0.107
3640,-0.051
3641,-0.066
3642,-0.024
3643,0.002
3644,-0.022
3645,-0.046
3646,-0.154
3647,0.005
3648,0.027
3649,-0.022
3650,0.039
3651,-0.039
3652,-0.044
3653,-0.059
3654,-0.217
3655,-0.166
3656,-0.134
3657,-0.142
3658,0.09
3659,-0.039
3660,-0.132
3661,-0.11
3662,0.081
3663,0.068
3664,0.032
3665,-0.068
3666,0.059
3667,0.039
3668,-0.007
3669,0.061
3670,-0.059
3671,0.105
3672,0.09
3673,-0.046
3674,-0.022
3675,-0.168
3676,0.037
3677,0.166
3678,-0.085
3679,0.039
3680,-0.103
3681,0.027
3682,0.1
3683,0.071
3684,0.037
3685,-0.01
3686,0.046
3687,0.217
3688,-0.029
3689,-0.105
3690,0.027
3691,0.142
3692,0.022
3693,-0.122
3694,-0.066
3695,0.0
3696,-0.049
3697,-0.007
3698,-0.115
3699,-0.188
3700,-0.015
3701,-0.022
3702,-0.1
3703,-0.146
3704,0.068
3705,-0.049
3706,-0.017
3707,-0.002
3708,0.037
3709,0.063
3710,0.02
3711,0.012
3712,-0.024
3713,0.044
3714,-0.088
3715,-0.129
3716,-0.171
3717,-0.078
3718,0.002
3719,-0.049
3720,-0.061
3721,-0.049
3722,-0.027
3723,-0.105
3724,-0.115
3725,-0.034
3726,-0.085
3727,-0.088
3728,-0.01
3729,-0.017
3730,-0.012
3731,-0.107
3732,-0.1
3733,-0.037
3734,-0.146
3735,-0.093
3736,0.044
3737,-0.051
3738,-0.056
3739,-0.034
3740,-0.173
3741,0.02
3742,0.034
3743,-0.039
3744,-0.103
3745,-0.042
3746,0.098
3747,0.061
3748,-0.054
3749,-0.068
3750,0.056
3751,0.027
3752,-0.129
3753,0.002
3754,-0.015
3755,-0.029
3756,0.1
3757,0.002
3758,-0.007
3759,-0.12
3760,-0.042
3761,0.093
3762,-0.027
3763,-0.034
3764,0.093
3765,0.103
3766,0.061
3767,-0.005
3768,0.017
3769,0.095
3770,0.088
3771,0.081
3772,-0.037
3773,0.071
3774,0.137
3775,-0.039
3776,-0.039
3777,0.078
3778,0.115
3779,0.107
3780,0.051
3781,0.012
3782,0.037
3783,0.154
3784,0.151
3785,0.068
3786,0.046
3787,0.139
3788,0.127
3789,0.1
3790,0.081
3791,0.071
3792,0.024
3793,-0.046
3794,-0.022
3795,0.039
3796,-0.078
3797,-0.1
3798,0.012
3799,0.005
3800,-0.027
3801,-0.059
3802,-0.002
3803,0.129
3804,-0.071
3805,0.017
3806,0.005
3807,0.022
3808,0.017
3809,-0.129
3810,-0.042
3811,0.02
3812,-0.037
3813,-0.039
3814,-0.132
3815,-0.098
3816,-0.066
3817,-0.11
3818,-0.168
3819,-0.137
3820,-0.056
3821,-0.044
3822,-0.071
3823,-0.083
3824,-0.032
3825,0.032
3826,0.061
3827,0.007
3828,-0.144
3829,-0.027
3830,-0.078
3831,0.032
3832,0.032
3833,-0.066
3834,0.051
3835,0.061
3836,0.042
3837,-0.054
3838,-0.176
3839,-0.078
3840,-0.071
3841,-0.112
3842,0.039
3843,0.007
3844,-0.046
3845,-0.044
3846,-0.061
3847,-0.027
3848,-0.015
3849,0.0
3850,0.046
3851,0.037
3852,0.044
3853,0.076
3854,0.034
3855,0.068
3856,0.156
3857,-0.02
3858,-0.029
3859,0.063
3860,0.037
3861,0.054
3862,-0.054
3863,0.095
3864,0.11
3865,0.0
3866,0.046
3867,0.049
3868,-0.046
3869,0.132
3870,0.056
3871,0.017
3872,0.093
3873,-0.015
3874,0.034
3875,0.083
3876,0.029
3877,0.083
3878,-0.012
3879,0.039
3880,0.137
3881,0.046
3882,0.032
3883,0.042
3884,-0.027
3885,0.034
3886,0.115
3887,0.037
3888,-0.017
3889,-0.09
3890,-0.076
3891,-0.093
3892,0.037
3893,-0.059
3894,-0.081
3895,-0.071
3896,-0.051
3897,-0.093
3898,-0.063
3899,-0.1
3900,-0.068
3901,-0.029
3902,-0.024
3903,-0.054
3904,-0.034
3905,-0.017
3906,-0.054
3907,-0.078
3908,0.024
3909,0.068
3910,-0.024
3911,-0.059
3912,-0.159
3913,-0.173
3914,-0.056
3915,-0.032
3916,-0.076
3917,-0.066
3918,-0.159
3919,-0.127
3920,-0.105
3921,-0.164
3922,-0.1
3923,-0.024
3924,-0.02
3925,0.056
3926,-0.01
3927,-0.027
3928,-0.02
3929,-0.027
3930,0.024
3931,0.068
3932,-0.032
3933,-0.034
3934,-0.002
3935,-0.012
3936,-0.112
3937,-0.137
3938,-0.095
3939,-0.061
3940,-0.122
3941,-0.039
3942,-0.11
3943,0.01
3944,-0.068
3945,0.007
3946,0.063
3947,0.076
3948,0.042
3949,0.103
3950,0.068
3951,0.007
3952,0.103
3953,0.09
3954,0.232
3955,0.017
3956,0.032
3957,0.059
3958,-0.037
3959,0.044
3960,0.054
3961,-0.112
3962,0.005
3963,-0.11
3964,-0.081
3965,0.02
3966,-0.11
3967,0.046
3968,0.066
3969,0.063
3970,0.039
3971,0.068
3972,0.044
3973,0.266
3974,0.068
3975,0.083
3976,0.039
3977,0.029
3978,0.063
3979,-0.029
3980,-0.061
3981,-0.081
3982,-0.073
3983,-0.166
3984,-0.164
3985,-0.068
3986,-0.061
3987,-0.012
3988,-0.044
3989,-0.095
3990,0.005
3991,-0.078
3992,-0.127
3993,-0.073
3994,0.007
3995,0.007
3996,-0.061
3997,-0.049
3998,0.024
3999,0.044
4000,0.012
4001,-0.01
4002,-0.027
4003,-0.078
4004,-0.034
4005,-0.032
4006,-0.12
4007,-0.01
4008,0.037
4009,-0.034
4010,0.044
4011,-0.044
4012,-0.02
4013,-0.029
4014,-0.032
4015,0.017
4016,0.037
4017,0.005
4018,-0.012
4019,0.063
4020,0.037
4021,0.027
4022,0.034
4023,0.029
4024,0.034
4025,0.032
4026,0.017
4027,-0.044
4028,-0.088
4029,0.029
4030,0.083
4031,0.024
4032,0.034
4033,-0.012
4034,0.059
4035,0.132
4036,0.073
4037,0.046
4038,-0.049
4039,0.088
4040,0.095
4041,-0.005
4042,0.054
4043,0.051
4044,0.085
4045,-0.034
4046,0.09
4047,0.171
4048,0.061
4049,0.024
4050,-0.029
4051,0.039
4052,0.032
4053,0.051
4054,0.142
4055,0.12
4056,0.071
4057,-0.02
4058,0.02
4059,0.015
4060,-0.054
4061,0.024
4062,0.151
4063,0.017
4064,-0.112
4065,-0.015
4066,-0.061
4067,0.056
4068,0.007
4069,0.032
4070,0.061
4071,0.032
4072,0.01
4073,0.049
4074,-0.012
4075,0.032
4076,0.017
4077,-0.068
4078,-0.015
4079,-0.076
4080,-0.054
4081,-0.022
4082,-0.081
4083,0.034
4084,-0.051
4085,0.061
4086,0.046
4087,-0.039
4088,-0.059
4089,-0.022
4090,0.022
4091,0.076
4092,0.051
4093,0.027
4094,0.105
4095,0.029
4096,0.007
4097,0.046
4098,0.027
4099,-0.029
4100,-0.078
4101,0.012
4102,0.01
4103,-0.134
4104,0.017
4105,-0.12
4106,-0.063
4107,0.044
4108,-0.051
4109,-0.005
4110,0.034
4111,-0.005
4112,-0.02
4113,0.029
4114,0.063
4115,0.046
4116,-0.032
4117,0.066
4118,-0.09
4119,0.029
4120,0.078
4121,-0.027
4122,0.007
4123,0.027
4124,0.002
4125,-0.012
4126,0.044
4127,0.117
4128,0.071
4129,0.088
4130,0.005
4131,0.1
4132,0.178
4133,0.183
4134,0.098
4135,0.151
4136,0.09
4137,0.129
4138,0.195
4139,0.193
4140,0.081
4141,0.063
4142,0.0
4143,0.007
4144,-0.015
4145,-0.081
4146,0.007
4147,0.027
4148,0.103
4149,0.056
4150,-0.032
4151,0.044
4152,-0.012
4153,0.034
4154,-0.029
4155,-0.024
4156,0.007
4157,-0.037
4158,-0.015
4159,-0.112
4160,-0.195
4161,-0.061
4162,-0.066
4163,-0.012
4164,-0.056
4165,-0.032
4166,-0.037
4167,0.022
4168,-0.02
4169,0.029
4170,0.012
4171,-0.027
4172,0.037
4173,-0.027
4174,0.01
4175,0.054
4176,0.015
4177,0.078
4178,-0.061
4179,-0.037
4180,-0.002
4181,-0.054
4182,-0.039
4183,0.007
4184,0.015
4185,-0.061
4186,-0.015
4187,0.007
4188,0.027
4189,-0.02
4190,-0.017
4191,0.046
4192,0.063
4193,0.073
4194,0.0
4195,0.095
4196,0.115
4197,0.188
4198,0.125
4199,0.054
4200,0.005
4201,-0.032
4202,-0.066
4203,0.1
4204,0.112
4205,-0.02
4206,0.024
4207,0.046
4208,0.125
4209,-0.01
4210,-0.078
4211,0.005
4212,0.042
4213,0.029
4214,-0.024
4215,0.012
4216,-0.081
4217,-0.056
4218,-0.032
4219,0.017
4220,-0.073
4221,-0.088
4222,0.02
4223,-0.02
4224,0.044
4225,-0.054
4226,-0.032
4227,-0.076
4228,0.061
4229,0.012
4230,-0.059
4231,-0.039
4232,0.054
4233,0.071
4234,-0.02
4235,0.017
4236,-0.034
4237,0.017
4238,0.081
4239,0.017
4240,-0.027
4241,-0.044
4242,0.054
4243,-0.071
4244,-0.007
4245,-0.002
4246,-0.046
4247,-0.183
4248,-0.09
4249,-0.044
4250,-0.042
4251,-0.161
4252,-0.002
4253,0.071
4254,-0.088
4255,-0.022
4256,-0.085
4257,-0.125
4258,-0.032
4259,-0.046
4260,-0.037
4261,-0.017
4262,-0.059
4263,-0.024
4264,-0.005
4265,-0.044
4266,-0.042
4267,-0.044
4268,0.027
4269,-0.107
4270,0.01
4271,-0.049
4272,-0.024
4273,0.063
4274,-0.015
4275,-0.022
4276,-0.049
4277,0.017
4278,0.083
4279,-0.017
4280,-0.061
4281,0.007
4282,0.022
4283,-0.1
4284,-0.066
4285,-0.076
4286,0.042
4287,-0.032
4288,-0.115
4289,-0.034
4290,0.105
4291,0.168
4292,0.049
4293,-0.049
4294,0.034
4295,0.142
4296,0.063
4297,0.12
4298,-0.012
4299,-0.032
4300,0.129
4301,0.046
4302,0.015
4303,0.02
4304,-0.032
4305,0.012
4306,0.02
4307,-0.029
4308,0.054
4309,-0.01
4310,-0.049
4311,-0.012
4312,0.005
4313,0.02
4314,-0.115
4315,-0.11
4316,0.059
4317,0.002
4318,-0.044
4319,-0.051
4320,-0.115
4321,-0.002
4322,-0.139
4323,-0.112
4324,-0.061
4325,-0.122
4326,-0.022
4327,-0.056
4328,-0.027
4329,-0.061
4330,-0.176
4331,-0.09
4332,-0.005
4333,0.002
4334,0.042
4335,-0.029
4336,-0.073
4337,-0.076
4338,-0.046
4339,-0.083
4340,-0.154
4341,-0.076
4342,-0.146
4343,-0.195
4344,-0.164
4345,-0.117
4346,-0.132
4347,-0.151
4348,-0.039
4349,-0.093
4350,-0.11
4351,-0.015
4352,-0.081
4353,-0.107
4354,0.051
4355,0.046
4356,0.0
4357,0.103
4358,0.078
4359,-0.015
4360,-0.024
4361,-0.063
4362,-0.024
4363,0.063
4364,-0.002
4365,0.029
4366,0.012
4367,-0.056
4368,-0.005
4369,-0.022
4370,0.063
4371,0.061
4372,0.022
4373,0.117
4374,0.024
4375,0.068
4376,0.081
4377,0.105
4378,0.151
4379,0.024
4380,0.049
4381,0.063
4382,-0.007
4383,-0.083
4384,-0.093
4385,0.002
4386,0.005
4387,-0.022
4388,0.029
4389,0.017
4390,0.024
4391,-0.073
4392,-0.142
4393,-0.046
4394,0.137
4395,0.098
4396,0.059
4397,0.068
4398,-0.073
4399,0.0
4400,-0.005
4401,-0.112
4402,-0.037
4403,-0.027
4404,0.024
4405,-0.088
4406,-0.046
4407,0.039
4408,-0.017
4409,-0.095
4410,-0.066
4411,-0.002
4412,-0.044
4413,0.012
4414,0.017
4415,-0.039
4416,-0.005
4417,-0.029
4418,-0.037
4419,-0.02
4420,-0.017
4421,-0.017
4422,-0.122
4423,-0.032
4424,0.007
4425,0.007
4426,-0.107
4427,-0.12
4428,-0.012
4429,-0.046
4430,-0.061
4431,-0.015
4432,-0.056
4433,-0.115
4434,-0.061
4435,-0.042
4436,-0.046
4437,-0.032
4438,0.073
4439,-0.085
4440,0.005
4441,-0.027
4442,-0.088
4443,-0.063
4444,0.129
4445,-0.002
4446,0.022
4447,-0.015
4448,-0.034
4449,-0.022
4450,-0.022
4451,0.115
4452,0.022
4453,-0.054
4454,0.095
4455,0.122
4456,0.012
4457,0.049
4458,0.103
4459,0.171
4460,0.078
4461,0.037
4462,0.095
4463,0.002
4464,0.068
4465,0.093
4466,-0.02
4467,0.007
4468,0.178
4469,0.042
4470,0.017
4471,0.1
4472,0.049
4473,0.107
4474,0.183
4475,-0.01
4476,0.183
4477,0.195
4478,-0.044
4479,0.002
4480,0.032
4481,0.071
4482,0.022
4483,-0.1
4484,0.071
4485,0.073
4486,0.0
4487,0.071
4488,-0.073
4489,-0.1
4490,0.078
4491,-0.076
4492,0.034
4493,0.105
4494,0.178
4495,0.02
4496,0.076
4497,-0.066
4498,-0.12
4499,0.083
4500,-0.015
4501,-0.066
4502,0.059
4503,-0.063
4504,-0.051
4505,-0.078
4506,-0.051
4507,-0.051
4508,-0.081
4509,-0.01
4510,0.017
4511,0.012
4512,-0.049
4513,-0.039
4514,-0.12
4515,0.115
4516,0.024
4517,-0.11
4518,-0.015
4519,0.044
4520,-0.046
4521,-0.071
4522,-0.063
4523,-0.02
4524,-0.081
4525,-0.12
4526,-0.19
4527,-0.068
4528,-0.029
4529,0.039
4530,-0.1
4531,-0.107
4532,-0.044
4533,0.0
4534,-0.063
4535,0.0
4536,-0.007
4537,0.103
4538,0.034
4539,-0.09
4540,0.012
4541,0.059
4542,0.137
4543,0.139
4544,0.073
4545,0.061
4546,0.112
4547,-0.015
4548,0.054
4549,0.083
4550,0.146
4551,-0.078
4552,0.046
4553,-0.012
4554,-0.002
4555,0.093
4556,0.117
4557,0.02
4558,0.0
4559,0.015
4560,0.1
4561,-0.046
4562,0.068
4563,0.107
4564,-0.032
4565,-0.078
4566,-0.093
4567,-0.083
4568,0.01
4569,0.027
4570,-0.039
4571,0.034
4572,0.012
4573,0.083
4574,0.061
4575,0.049
4576,-0.037
4577,0.0
4578,0.149
4579,0.129
4580,0.02
4581,0.061
4582,0.076
4583,0.046
4584,-0.042
4585,-0.208
4586,0.0
4587,0.029
4588,-0.049
4589,0.044
4590,-0.1
4591,0.054
4592,0.068
4593,-0.156
4594,0.029
4595,0.017
4596,-0.125
4597,0.0
4598,-0.051
4599,-0.085
4600,0.01
4601,-0.093
4602,-0.051
4603,-0.088
4604,-0.088
4605,-0.034
4606,-0.09
4607,-0.073
4608,-0.063
4609,-0.01
4610,-0.137
4611,-0.049
4612,-0.056
4613,-0.01
4614,0.027
4615,0.129
4616,0.029
4617,0.11
4618,0.068
4619,0.029
4620,0.085
4621,-0.044
4622,-0.046
4623,0.076
4624,0.098
4625,0.0
4626,0.027
4627,-0.083
4628,-0.066
4629,-0.017
4630,-0.044
4631,0.015
4632,0.103
4633,0.032
4634,0.007
4635,0.015
4636,-0.032
4637,0.039
4638,0.012
4639,0.012
4640,0.039
4641,0.071
4642,0.02
4643,-0.032
4644,0.007
4645,0.005
4646,-0.032
4647,0.015
4648,-0.051
4649,-0.059
4650,-0.012
4651,0.044
4652,0.039
4653,0.044
4654,0.017
4655,0.059
4656,-0.007
4657,0.02
4658,0.073
4659,0.046
4660,0.139
4661,0.168
4662,0.085
4663,0.039
4664,0.078
4665,-0.042
4666,-0.039
4667,0.02
4668,0.061
4669,-0.005
4670,-0.044
4671,0.0
4672,-0.007
4673,-0.186
4674,-0.122
4675,-0.088
4676,-0.066
4677,-0.01
4678,0.034
4679,-0.01
4680,0.039
4681,-0.005
4682,0.039
4683,0.063
4684,-0.017
4685,-0.042
4686,-0.046
4687,-0.029
4688,-0.129
4689,-0.024
4690,-0.107
4691,-0.159
4692,-0.037
4693,-0.112
4694,-0.032
4695,0.212
4696,0.022
4697,0.078
4698,-0.066
4699,-0.044
4700,0.081
4701,-0.046
4702,0.02
4703,0.029
4704,-0.073
4705,-0.015
4706,0.056
4707,-0.046
4708,-0.054
4709,-0.024
4710,-0.039
4711,-0.024
4712,-0.11
4713,-0.007
4714,-0.037
4715,-0.039
4716,0.049
4717,-0.012
4718,0.037
4719,0.066
4720,-0.007
4721,0.083
4722,0.122
4723,0.0
4724,0.059
4725,-0.042
4726,-0.02
4727,0.098
4728,0.012
4729,0.01
4730,0.168
4731,0.022
4732,0.02
4733,-0.029
4734,-0.017
4735,0.034
4736,0.078
4737,0.132
4738,-0.081
4739,0.071
4740,0.093
4741,0.081
4742,0.029
4743,-0.156
4744,0.032
4745,-0.037
4746,-0.034
4747,-0.083
4748,-0.046
4749,0.059
4750,-0.059
4751,-0.059
4752,-0.076
4753,-0.083
4754,-0.039
4755,0.012
4756,0.103
4757,-0.027
4758,-0.012
4759,0.029
4760,0.073
4761,0.012
4762,-0.09
4763,0.071
4764,0.098
4765,0.002
4766,-0.017
4767,0.01
4768,-0.042
4769,-0.051
4770,-0.122
4771,-0.024
4772,-0.007
4773,-0.002
4774,-0.017
4775,-0.063
4776,-0.093
4777,-0.032
4778,-0.029
4779,-0.073
4780,-0.154
4781,-0.015
4782,0.054
4783,0.015
4784,-0.024
4785,-0.034
4786,0.032
4787,0.063
4788,-0.066
4789,-0.034
4790,-0.029
4791,0.125
4792,-0.046
4793,-0.037
4794,0.09
4795,-0.005
4796,0.078
4797,-0.005
4798,-0.063
4799,0.002
4800,0.046
4801,0.139
4802,0.129
4803,-0.022
4804,0.007
4805,0.015
4806,0.073
4807,0.02
4808,-0.042
4809,-0.063
4810,-0.046
4811,-0.032
4812,0.029
4813,0.042
4814,-0.037
4815,0.066
4816,0.017
4817,0.044
4818,0.063
4819,0.115
4820,0.117
4821,0.007
4822,0.049
4823,0.02
4824,0.071
4825,-0.068
4826,-0.017
4827,0.068
4828,0.071
4829,-0.002
4830,-0.012
4831,-0.056
4832,-0.037
4833,0.044
4834,-0.076
4835,0.007
4836,0.002
4837,-0.093
4838,-0.083
4839,-0.012
4840,0.002
4841,-0.024
4842,0.054
4843,0.027
4844,-0.037
4845,-0.037
4846,0.005
4847,-0.098
4848,-0.127
4849,0.061
4850,0.002
4851,-0.073
4852,-0.042
4853,-0.007
4854,-0.063
4855,0.007
4856,-0.042
4857,-0.122
4858,-0.066
4859,0.056
4860,0.066
4861,-0.112
4862,-0.032
4863,-0.051
4864,0.005
4865,0.002
4866,0.005
4867,-0.054
4868,-0.09
4869,-0.007
4870,-0.066
4871,-0.1
4872,-0.049
4873,0.0
4874,-0.007
4875,-0.105
4876,-0.005
4877,0.09
4878,0.061
4879,0.056
4880,0.032
4881,-0.085
4882,0.012
4883,0.095
4884,-0.046
4885,-0.005
4886,-0.002
4887,-0.073
4888,-0.046
4889,0.007
4890,-0.044
4891,0.024
4892,-0.002
4893,-0.107
4894,0.168
4895,0.212
4896,-0.059
4897,-0.049
4898,-0.042
4899,0.054
4900,0.095
4901,-0.059
4902,-0.034
4903,-0.017
4904,0.034
4905,0.11
4906,-0.125
4907,0.09
4908,0.005
4909,-0.032
4910,0.054
4911,-0.115
4912,0.063
4913,0.059
4914,-0.017
4915,-0.051
4916,-0.007
4917,0.061
4918,-0.012
4919,-0.051
4920,0.007
4921,0.049
4922,-0.083
4923,0.007
4924,-0.024
4925,-0.078
4926,-0.02
4927,-0.095
4928,-0.059
4929,-0.034
4930,-0.139
4931,-0.112
4932,-0.159
4933,-0.105
4934,-0.024
4935,-0.154
4936,0.002
4937,0.022
4938,-0.002
4939,0.049
4940,-0.049
4941,0.022
4942,0.015
4943,0.115
4944,0.073
4945,-0.012
4946,-0.039
4947,-0.042
4948,-0.117
4949,-0.125
4950,-0.027
4951,-0.056
4952,-0.083
4953,-0.071
4954,-0.017
4955,-0.027
4956,-0.015
4957,-0.11
4958,-0.017
4959,-0.054
4960,0.049
4961,-0.012
4962,0.073
4963,0.12
4964,-0.01
4965,-0.01
4966,-0.029
4967,0.044
4968,-0.051
4969,-0.073
4970,-0.005
4971,-0.042
4972,0.034
4973,-0.02
4974,-0.024
4975,-0.046
4976,-0.007
4977,0.078
4978,-0.19
4979,-0.151
4980,0.071
4981,-0.029
4982,-0.027
4983,0.081
4984,0.098
4985,0.012
4986,-0.037
4987,0.039
4988,0.09
4989,0.015
4990,0.015
4991,-0.09
4992,-0.063
4993,0.002
4994,-0.002
4995,0.081
4996,0.012
4997,0.039
4998,0.015
4999,0.005
5000,0.044
5001,0.002
5002,0.066
5003,0.149
5004,0.017
5005,0.044
5006,-0.002
5007,-0.078
5008,-0.017
5009,0.022
5010,0.017
5011,0.029
5012,0.005
5013,-0.01
5014,-0.073
5015,-0.166
5016,-0.139
5017,-0.085
5018,0.002
5019,-0.002
5020,-0.046
5021,0.0
5022,0.076
5023,0.061
5024,-0.039
5025,-0.054
5026,0.022
5027,0.066
5028,-0.061
5029,-0.093
5030,0.027
5031,-0.037
5032,-0.178
5033,-0.159
5034,-0.059
5035,-0.022
5036,-0.027
5037,-0.007
5038,0.015
5039,-0.037
5040,0.005
5041,0.007
5042,-0.012
5043,-0.054
5044,-0.002
5045,0.02
5046,-0.029
5047,-0.063
5048,-0.015
5049,0.044
5050,-0.085
5051,-0.12
5052,-0.027
5053,0.02
5054,-0.088
5055,-0.117
5056,-0.039
5057,-0.022
5058,-0.022
5059,0.037
5060,0.081
5061,0.063
5062,0.012
5063,0.103
5064,0.146
5065,0.083
5066,0.007
5067,0.1
5068,0.09
5069,0.115
5070,0.027
5071,-0.01
5072,-0.012
5073,-0.176
5074,0.032
5075,-0.015
5076,-0.007
5077,0.1
5078,-0.088
5079,-0.088
5080,-0.037
5081,0.042
5082,0.242
5083,0.078
5084,0.022
5085,0.081
5086,-0.027
5087,0.076
5088,0.029
5089,0.034
5090,0.129
5091,0.063
5092,-0.051
5093,-0.151
5094,-0.103
5095,-0.039
5096,-0.09
5097,-0.107
5098,-0.029
5099,-0.015
5100,-0.073
5101,-0.022
5102,-0.012
5103,0.007
5104,-0.01
5105,0.039
5106,0.071
5107,0.071
5108,0.151
5109,0.037
5110,-0.012
5111,-0.027
5112,-0.076
5113,-0.012
5114,-0.059
5115,-0.115
5116,-0.122
5117,-0.073
5118,-0.127
5119,0.051
5120,-0.01
5121,-0.061
5122,-0.051
5123,0.0
5124,-0.051
5125,0.051
5126,0.095
5127,-0.01
5128,-0.029
5129,-0.056
5130,0.122
5131,0.024
5132,0.037
5133,0.012
5134,0.005
5135,-0.112
5136,-0.122
5137,0.056
5138,0.022
5139,0.078
5140,0.068
5141,-0.068
5142,0.039
5143,-0.005
5144,0.11
5145,0.056
5146,0.112
5147,0.078
5148,0.0
5149,-0.046
5150,-0.115
5151,0.015
5152,0.049
5153,-0.127
5154,-0.039
5155,-0.059
5156,-0.071
5157,-0.005
5158,-0.105
5159,-0.063
5160,0.051
5161,0.024
5162,0.005
5163,-0.071
5164,0.042
5165,0.037
5166,-0.049
5167,0.029
5168,0.015
5169,0.095
5170,0.049
5171,-0.081
5172,-0.078
5173,-0.071
5174,-0.049
5175,-0.007
5176,-0.034
5177,-0.134
5178,0.039
5179,0.039
5180,-0.027
5181,-0.012
5182,0.073
5183,0.061
5184,0.034
5185,-0.01
5186,-0.012
5187,0.093
5188,-0.076
5189,0.029
5190,-0.015
5191,-0.059
5192,-0.032
5193,-0.129
5194,-0.024
5195,-0.027
5196,-0.044
5197,-0.11
5198,-0.078
5199,0.0
5200,-0.11
5201,-0.054
5202,-0.11
5203,-0.022
5204,0.049
5205,0.054
5206,0.056
5207,-0.125
5208,0.02
5209,0.056
5210,0.027
5211,0.054
5212,0.012
5213,-0.095
5214,0.037
5215,-0.085
5216,-0.061
5217,-0.022
5218,-0.144
5219,-0.007
5220,0.02
5221,0.0
5222,0.027
5223,-0.044
5224,0.066
5225,-0.017
5226,0.015
5227,-0.002
5228,0.051
5229,0.059
5230,0.024
5231,0.024
5232,0.068
5233,0.005
5234,-0.049
5235,0.022
5236,0.002
5237,0.02
5238,0.034
5239,-0.005
5240,0.071
5241,-0.081
5242,0.01
5243,0.112
5244,-0.054
5245,0.022
5246,0.005
5247,0.098
5248,0.076
5249,0.039
5250,0.037
5251,-0.027
5252,-0.002
5253,0.002
5254,-0.056
5255,0.0
5256,0.002
5257,-0.09
5258,-0.049
5259,-0.059
5260,-0.09
5261,0.002
5262,0.071
5263,0.054
5264,0.049
5265,0.01
5266,0.063
5267,0.0
5268,0.042
5269,0.073
5270,-0.066
5271,0.051
5272,0.1
5273,0.022
5274,-0.027
5275,-0.059
5276,-0.022
5277,-0.054
5278,-0.049
5279,0.037
5280,-0.056
5281,0.034
5282,0.088
5283,-0.027
5284,-0.146
5285,-0.056
5286,0.027
5287,0.002
5288,-0.1
5289,-0.044
5290,-0.044
5291,-0.017
5292,-0.066
5293,-0.059
5294,-0.002
5295,-0.005
5296,0.049
5297,0.015
5298,-0.034
5299,-0.02
5300,0.078
5301,0.039
5302,0.076
5303,-0.002
5304,-0.037
5305,0.029
5306,0.032
5307,0.083
5308,0.029
5309,0.015
5310,0.015
5311,-0.061
5312,0.066
5313,0.042
5314,0.005
5315,-0.044
5316,-0.005
5317,0.068
5318,-0.007
5319,-0.09
5320,-0.073
5321,0.046
5322,-0.027
5323,-0.073
5324,0.017
5325,0.005
5326,0.071
5327,0.107
5328,0.005
5329,0.024
5330,0.19
5331,0.161
5332,-0.073
5333,0.054
5334,0.068
5335,0.066
5336,0.076
5337,0.0
5338,-0.046
5339,0.09
5340,0.083
5341,-0.007
5342,0.061
5343,0.02
5344,-0.044
5345,-0.01
5346,0.076
5347,0.09
5348,0.039
5349,-0.039
5350,0.142
5351,0.012
5352,-0.095
5353,0.049
5354,0.002
5355,-0.037
5356,0.032
5357,-0.007
5358,-0.098
5359,-0.068
5360,-0.068
5361,0.007
5362,-0.01
5363,-0.071
5364,-0.049
5365,0.039
5366,-0.044
5367,-0.022
5368,0.039
5369,-0.022
5370,-0.049
5371,-0.012
5372,-0.022
5373,-0.105
5374,-0.061
5375,-0.071
5376,-0.134
5377,-0.088
5378,-0.051
5379,-0.061
5380,-0.078
5381,-0.046
5382,0.01
5383,-0.005
5384,0.0
5385,0.022
5386,-0.015
5387,-0.11
5388,-0.044
5389,-0.044
5390,0.02
5391,-0.044
5392,-0.029
5393,0.032
5394,0.012
5395,0.066
5396,0.068
5397,-0.115
5398,0.007
5399,-0.01
5400,0.024
5401,0.02
5402,0.046
5403,0.095
5404,0.027
5405,0.059
5406,0.051
5407,0.051
5408,0.027
5409,-0.007
5410,0.071
5411,0.044
5412,0.066
5413,0.073
5414,-0.056
5415,-0.002
5416,0.054
5417,0.002
5418,-0.024
5419,0.027
5420,0.017
5421,0.139
5422,0.1
5423,0.042
5424,0.073
5425,0.083
5426,0.11
5427,0.095
5428,0.051
5429,0.042
5430,0.156
5431,0.037
5432,0.032
5433,0.02
5434,0.081
5435,0.005
5436,-0.046
5437,-0.083
5438,-0.029
5439,0.037
5440,-0.081
5441,-0.088
5442,-0.107
5443,-0.044
5444,-0.027
5445,0.01
5446,0.022
5447,0.01
5448,0.039
5449,-0.061
5450,0.02
5451,0.059
5452,0.059
5453,-0.034
5454,-0.044
5455,0.012
5456,-0.039
5457,-0.078
5458,-0.044
5459,0.051
5460,-0.073
5461,-0.063
5462,-0.095
5463,-0.095
5464,-0.007
5465,0.024
5466,0.022
5467,0.063
5468,0.024
5469,-0.098
5470,0.044
5471,-0.059
5472,-0.017
5473,0.02
5474,0.063
5475,-0.027
5476,-0.093
5477,-0.034
5478,-0.044
5479,-0.056
5480,-0.076
5481,-0.01
5482,-0.059
5483,0.046
5484,0.029
5485,-0.024
5486,-0.005
5487,0.066
5488,0.073
5489,0.005
5490,0.142
5491,0.112
5492,0.078
5493,0.071
5494,0.0
5495,0.068
5496,0.115
5497,0.117
5498,0.144
5499,0.051
5500,0.063
5501,-0.027
5502,-0.056
5503,-0.032
5504,-0.11
5505,0.059
5506,0.103
5507,0.059
5508,0.032
5509,0.054
5510,0.112
5511,0.09
5512,0.037
5513,0.029
5514,-0.002
5515,0.054
5516,0.042
5517,-0.039
5518,-0.068
5519,-0.005
5520,0.022
5521,-0.115
5522,-0.078
5523,-0.01
5524,-0.017
5525,-0.02
5526,-0.002
5527,-0.032
5528,0.037
5529,0.007
5530,-0.076
5531,0.005
5532,0.051
5533,-0.032
5534,-0.002
5535,-0.046
5536,-0.022
5537,0.002
5538,-0.037
5539,-0.09
5540,-0.051
5541,-0.056
5542,-0.107
5543,-0.098
5544,-0.02
5545,-0.007
5546,0.032
5547,-0.02
5548,0.005
5549,-0.056
5550,0.015
5551,0.068
5552,0.127
5553,0.071
5554,-0.02
5555,0.068
5556,-0.076
5557,-0.007
5558,-0.105
5559,-0.059
5560,0.103
5561,0.049
5562,-0.144
5563,-0.093
5564,0.039
5565,-0.02
5566,0.015
5567,-0.063
5568,-0.168
5569,-0.178
5570,-0.066
5571,0.103
5572,0.002
5573,0.027
5574,0.034
5575,0.066
5576,0.037
5577,0.056
5578,0.154
5579,0.093
5580,-0.042
5581,0.12
5582,0.012
5583,-0.012
5584,0.078
5585,-0.056
5586,0.088
5587,0.095
5588,0.09
5589,0.112
5590,0.161
5591,0.11
5592,0.005
5593,0.039
5594,0.198
5595,0.159
5596,0.059
5597,0.039
5598,0.173
5599,0.098
5600,-0.002
5601,0.093
5602,0.039
5603,0.02
5604,0.066
5605,-0.022
5606,0.046
5607,-0.029
5608,0.066
5609,0.127
5610,-0.117
5611,-0.044
5612,0.027
5613,0.078
5614,0.088
5615,0.066
5616,-0.039
5617,0.017
5618,0.046
5619,-0.095
5620,-0.1
5621,-0.081
5622,-0.142
5623,-0.029
5624,0.078
5625,0.012
5626,-0.107
5627,-0.083
5628,0.078
5629,0.154
5630,-0.027
5631,0.034
5632,0.044
5633,0.071
5634,-0.217
5635,-0.103
5636,-0.061
5637,0.049
5638,0.027
5639,-0.283
5640,-0.088
5641,-0.046
5642,-0.039
5643,0.024
5644,-0.027
5645,-0.081
5646,-0.051
5647,-0.007
5648,-0.083
5649,-0.046
5650,-0.017
5651,-0.015
5652,0.034
5653,-0.115
5654,0.024
5655,0.1
5656,-0.11
5657,-0.037
5658,0.085
5659,-0.002
5660,-0.066
5661,0.015
5662,-0.015
5663,-0.024
5664,-0.051
5665,-0.02
5666,-0.044
5667,0.029
5668,-0.171
5669,-0.044
5670,-0.015
5671,0.068
5672,0.012
5673,0.029
5674,0.051
5675,0.107
5676,0.02
5677,-0.056
5678,0.056
5679,0.054
5680,0.007
5681,0.154
5682,0.085
5683,0.122
5684,-0.017
5685,-0.098
5686,0.005
5687,-0.034
5688,-0.061
5689,-0.015
5690,0.02
5691,0.005
5692,-0.005
5693,0.073
5694,-0.071
5695,0.125
5696,0.161
5697,0.095
5698,0.093
5699,0.061
5700,0.051
5701,0.015
5702,-0.088
5703,-0.156
5704,-0.083
5705,0.037
5706,-0.066
5707,-0.088
5708,-0.061
5709,-0.051
5710,-0.034
5711,-0.034
5712,0.125
5713,0.032
5714,-0.049
5715,0.046
5716,-0.081
5717,-0.005
5718,-0.024
5719,0.051
5720,0.042
5721,-0.09
5722,-0.032
5723,-0.088
5724,-0.015
5725,0.005
5726,-0.117
5727,-0.161
5728,-0.088
5729,-0.027
5730,-0.032
5731,-0.037
5732,-0.034
5733,-0.071
5734,0.083
5735,0.095
5736,0.039
5737,0.051
5738,0.0
5739,-0.027
5740,-0.017
5741,0.117
5742,0.037
5743,-0.007
5744,-0.007
5745,-0.034
5746,-0.01
5747,0.037
5748,-0.081
5749,-0.012
5750,0.039
5751,0.032
5752,-0.024
5753,0.098
5754,0.022
5755,0.159
5756,0.098
5757,0.054
5758,0.066
5759,0.005
5760,0.002
5761,0.024
5762,0.149
5763,0.12
5764,0.042
5765,-0.037
5766,-0.007
5767,0.017
5768,0.034
5769,0.098
5770,-0.034
5771,-0.007
5772,0.056
5773,0.085
5774,0.056
5775,-0.149
5776,0.039
5777,0.142
5778,-0.042
5779,0.068
5780,0.129
5781,0.029
5782,0.059
5783,-0.063
5784,-0.085
5785,-0.068
5786,-0.034
5787,-0.034
5788,-0.071
5789,-0.015
5790,-0.059
5791,0.063
5792,-0.066
5793,-0.12
5794,-0.076
5795,-0.029
5796,0.051
5797,0.044
5798,0.127
5799,-0.022
5800,0.005
5801,-0.02
5802,-0.024
5803,-0.059
5804,-0.007
5805,-0.088
5806,-0.029
5807,-0.01
5808,-0.012
5809,0.032
5810,-0.056
5811,-0.11
5812,-0.034
5813,-0.073
5814,-0.09
5815,-0.046
5816,-0.002
5817,-0.027
5818,-0.059
5819,-0.034
5820,-0.085
5821,-0.066
5822,0.088
5823,-0.083
5824,-0.11
5825,-0.037
5826,0.012
5827,-0.142
5828,-0.11
5829,0.02
5830,-0.049
5831,0.002
5832,-0.054
5833,0.095
5834,0.139
5835,0.093
5836,0.032
5837,-0.061
5838,-0.029
5839,-0.015
5840,-0.02
5841,-0.063
5842,-0.061
5843,-0.024
5844,-0.032
5845,0.005
5846,-0.007
5847,-0.112
5848,0.01
5849,-0.056
5850,-0.051
5851,-0.083
5852,-0.024
5853,0.017
5854,-0.005
5855,0.068
5856,0.051
5857,0.054
5858,0.083
5859,-0.027
5860,0.076
5861,-0.027
5862,0.01
5863,0.034
5864,-0.024
5865,-0.103
5866,-0.015
5867,0.042
5868,-0.015
5869,-0.068
5870,-0.078
5871,-0.049
5872,-0.085
5873,-0.015
5874,-0.002
5875,0.032
5876,0.059
5877,-0.037
5878,0.103
5879,-0.015
5880,0.017
5881,0.029
5882,-0.046
5883,0.088
5884,0.005
5885,-0.044
5886,-0.085
5887,-0.2
5888,-0.105
5889,-0.081
5890,-0.249
5891,-0.176
5892,-0.095
5893,0.002
5894,0.002
5895,0.012
5896,-0.01
5897,-0.042
5898,0.012
5899,0.02
5900,0.09
5901,0.068
5902,0.056
5903,-0.134
5904,0.027
5905,-0.071
5906,-0.105
5907,-0.051
5908,0.005
5909,-0.137
5910,-0.127
5911,0.002
5912,0.02
5913,-0.012
5914,-0.068
5915,-0.078
5916,-0.027
5917,-0.005
5918,-0.02
5919,0.054
5920,0.156
5921,0.076
5922,0.09
5923,0.059
5924,0.085
5925,0.12
5926,0.083
5927,0.051
5928,-0.015
5929,-0.078
5930,-0.11
5931,-0.085
5932,-0.002
5933,-0.015
5934,-0.017
5935,-0.085
5936,-0.083
5937,0.032
5938,0.046
5939,-0.015
5940,-0.044
5941,0.061
5942,0.09
5943,0.068
5944,-0.01
5945,0.007
5946,0.046
5947,-0.002
5948,-0.083
5949,-0.029
5950,0.029
5951,0.015
5952,0.01
5953,-0.039
5954,-0.066
5955,0.029
5956,0.024
5957,0.007
5958,0.0
5959,0.0
5960,0.049
5961,-0.017
5962,0.002
5963,0.024
5964,0.01
5965,0.02
5966,-0.002
5967,-0.022
5968,0.02
5969,-0.059
5970,-0.068
5971,-0.022
5972,-0.139
5973,-0.107
5974,0.007
5975,0.005
5976,-0.125
5977,-0.09
5978,-0.029
5979,-0.027
5980,-0.027
5981,-0.034
5982,0.007
5983,-0.139
5984,-0.066
5985,-0.002
5986,-0.022
5987,-0.11
5988,0.0
5989,-0.076
5990,-0.034
5991,-0.095
5992,-0.083
5993,-0.061
5994,0.0
5995,0.032
5996,-0.056
5997,0.0
5998,0.063
5999,0.071
6000,0.168
6001,0.068
6002,0.049
6003,-0.044
6004,0.051
6005,0.039
6006,-0.002
6007,0.005
6008,0.039
6009,-0.049
6010,-0.02
6011,0.051
6012,0.027
6013,0.051
6014,-0.044
6015,0.007
6016,0.046
6017,0.017
6018,0.146
6019,0.176
6020,-0.015
6021,0.1
6022,0.042
6023,0.098
6024,0.183
6025,0.017
6026,0.059
6027,-0.046
6028,-0.042
6029,0.02
6030,-0.103
6031,-0.061
6032,0.049
6033,-0.005
6034,-0.007
6035,-0.005
6036,0.042
6037,0.071
6038,0.01
6039,0.103
6040,0.015
6041,-0.063
6042,0.164
6043,0.056
6044,0.066
6045,-0.044
6046,0.098
6047,0.005
6048,-0.1
6049,-0.007
6050,0.022
6051,0.022
6052,-0.054
6053,-0.002
6054,-0.024
6055,-0.032
6056,-0.032
6057,-0.054
6058,-0.029
6059,-0.037
6060,-0.007
6061,-0.02
6062,-0.007
6063,0.039
6064,-0.061
6065,-0.144
6066,-0.083
6067,-0.071
6068,-0.007
6069,-0.037
6070,-0.078
6071,-0.002
6072,-0.042
6073,0.029
6074,-0.029
6075,0.044
6076,0.105
6077,-0.044
6078,0.015
6079,0.078
6080,0.032
6081,0.027
6082,0.112
6083,0.107
6084,-0.044
6085,-0.127
6086,0.134
6087,0.154
6088,0.034
6089,0.005
6090,-0.032
6091,0.005
6092,0.049
6093,0.098
6094,0.01
6095,-0.063
6096,0.032
6097,0.054
6098,0.007
6099,0.046
6100,0.071
6101,0.017
6102,0.042
6103,0.112
6104,0.134
6105,0.051
6106,0.088
6107,0.032
6108,0.029
6109,0.073
6110,0.034
6111,0.154
6112,0.093
6113,0.042
6114,0.11
6115,0.027
6116,-0.054
6117,0.015
6118,0.159
6119,0.139
6120,0.1
6121,0.059
6122,-0.015
6123,0.2
6124,0.088
6125,-0.051
6126,-0.02
6127,-0.002
6128,-0.027
6129,-0.073
6130,-0.142
6131,-0.039
6132,0.044
6133,0.051
6134,-0.144
6135,-0.088
6136,0.017
6137,0.032
6138,-0.066
6139,-0.017
6140,-0.068
6141,-0.127
6142,-0.037
6143,0.054
6144,-0.024
6145,-0.02
6146,0.046
6147,0.076
6148,-0.049
6149,-0.046
6150,0.039
6151,-0.066
6152,-0.071
6153,-0.044
6154,-0.029
6155,-0.159
6156,-0.024
6157,-0.09
6158,0.11
6159,-0.002
6160,-0.042
6161,0.022
6162,0.005
6163,-0.01
6164,-0.127
6165,-0.01
6166,0.002
6167,-0.068
6168,-0.032
6169,-0.02
6170,0.007
6171,0.051
6172,-0.054
6173,-0.083
6174,-0.066
6175,-0.061
6176,0.054
6177,0.081
6178,-0.024
6179,0.11
6180,0.156
6181,-0.002
6182,0.046
6183,0.071
6184,0.085
6185,0.154
6186,-0.012
6187,0.066
6188,0.051
6189,0.081
6190,0.139
6191,0.046
6192,0.063
6193,0.01
6194,-0.015
6195,0.112
6196,0.127
6197,-0.01
6198,0.081
6199,0.056
6200,0.144
6201,0.039
6202,0.015
6203,0.222
6204,0.059
6205,0.115
6206,0.068
6207,0.042
6208,0.059
6209,-0.022
6210,0.046
6211,-0.061
6212,-0.078
6213,-0.046
6214,0.054
6215,0.046
6216,0.034
6217,-0.081
6218,-0.044
6219,-0.029
6220,-0.059
6221,0.039
6222,0.002
6223,0.024
6224,-0.071
6225,-0.054
6226,0.044
6227,0.032
6228,-0.093
6229,-0.073
6230,-0.049
6231,-0.02
6232,-0.066
6233,-0.144
6234,-0.132
6235,-0.186
6236,-0.017
6237,-0.061
6238,-0.098
6239,-0.051
6240,-0.054
6241,-0.044
6242,0.024
6243,0.034
6244,0.005
6245,0.076
6246,-0.022
6247,0.059
6248,0.046
6249,0.024
6250,0.044
6251,-0.054
6252,0.066
6253,-0.039
6254,-0.164
6255,-0.068
6256,-0.095
6257,-0.12
6258,-0.022
6259,-0.022
6260,-0.073
6261,-0.012
6262,0.11
6263,0.044
6264,-0.095
6265,-0.083
6266,0.007
6267,0.02
6268,0.095
6269,0.032
6270,0.044
6271,0.044
6272,0.059
6273,-0.044
6274,-0.012
6275,-0.063
6276,0.02
6277,0.054
6278,-0.012
6279,0.144
6280,0.051
6281,0.068
6282,0.032
6283,0.081
6284,0.066
6285,0.005
6286,0.105
6287,0.188
6288,-0.034
6289,-0.049
6290,0.103
6291,0.139
6292,0.012
6293,-0.059
6294,0.112
6295,0.027
6296,0.01
6297,0.11
6298,-0.078
6299,-0.144
6300,-0.024
6301,0.034
6302,-0.051
6303,-0.015
6304,-0.078
6305,0.122
6306,0.032
6307,-0.02
6308,0.012
6309,0.044
6310,0.012
6311,-0.088
6312,-0.012
6313,-0.115
6314,-0.037
6315,-0.083
6316,-0.093
6317,-0.088
6318,-0.046
6319,0.1
6320,-0.042
6321,-0.002
6322,0.061
6323,0.073
6324,0.129
6325,0.054
6326,0.061
6327,0.083
6328,0.056
6329,-0.029
6330,-0.027
6331,0.01
6332,-0.076
6333,-0.037
6334,0.061
6335,-0.146
6336,-0.061
6337,-0.125
6338,-0.017
6339,-0.027
6340,-0.1
6341,-0.024
6342,-0.073
6343,-0.034
6344,0.029
6345,0.068
6346,-0.027
6347,-0.054
6348,-0.032
6349,-0.034
6350,0.039
6351,-0.083
6352,-0.007
6353,-0.095
6354,-0.032
6355,0.154
6356,-0.017
6357,-0.11
6358,-0.044
6359,0.005
6360,-0.037
6361,0.037
6362,0.022
6363,0.081
6364,0.017
6365,0.007
6366,0.056
6367,0.098
6368,0.103
6369,-0.034
6370,0.007
6371,-0.01
6372,-0.046
6373,-0.066
6374,-0.061
6375,-0.049
6376,0.012
6377,-0.012
6378,-0.032
6379,0.061
6380,0.21
6381,0.022
6382,-0.022
6383,-0.027
6384,0.034
6385,0.044
6386,-0.005
6387,0.146
6388,0.083
6389,0.042
6390,-0.056
6391,-0.034
6392,-0.039
6393,0.022
6394,0.088
6395,-0.083
6396,-0.015
6397,0.012
6398,-0.037
6399,-0.068
6400,-0.122
6401,0.022
6402,0.002
6403,0.034
6404,0.007
6405,-0.056
6406,0.01
6407,-0.039
6408,-0.083
6409,-0.125
6410,-0.017
6411,-0.032
6412,-0.022
6413,-0.024
6414,-0.059
6415,-0.078
6416,-0.024
6417,-0.046
6418,-0.19
6419,-0.034
6420,-0.054
6421,-0.051
6422,0.054
6423,0.005
6424,-0.132
6425,-0.022
6426,0.063
6427,0.0
6428,-0.034
6429,0.059
6430,0.012
6431,-0.044
6432,-0.112
6433,0.012
6434,0.11
6435,-0.073
6436,0.024
6437,-0.002
6438,-0.11
6439,0.012
6440,-0.015
6441,0.068
6442,0.039
6443,-0.02
6444,0.039
6445,0.09
6446,0.105
6447,0.159
6448,0.156
6449,-0.005
6450,0.015
6451,-0.044
6452,0.029
6453,0.01
6454,0.049
6455,0.051
6456,0.017
6457,0.037
6458,0.007
6459,0.098
6460,-0.037
6461,-0.093
6462,-0.027
6463,-0.056
6464,-0.046
6465,0.073
6466,-0.063
6467,0.029
6468,0.015
6469,-0.09
6470,0.063
6471,0.042
6472,0.032
6473,0.0
6474,0.032
6475,-0.107
6476,-0.007
6477,-0.144
6478,-0.098
6479,0.068
6480,-0.024
6481,-0.022
6482,-0.107
6483,-0.085
6484,-0.042
6485,-0.039
6486,0.022
6487,0.078
6488,-0.044
6489,-0.059
6490,0.0
6491,-0.076
6492,-0.029
6493,-0.156
6494,-0.054
6495,-0.154
6496,-0.193
6497,-0.139
6498,-0.117
6499,-0.21
6500,-0.061
6501,-0.076
6502,-0.081
6503,-0.076
6504,-0.127
6505,-0.024
6506,0.073
6507,-0.081
6508,0.015
6509,-0.017
6510,0.002
6511,-0.01
6512,-0.039
6513,0.027
6514,-0.027
6515,-0.117
6516,-0.154
6517,-0.049
6518,-0.049
6519,-0.081
6520,-0.076
6521,-0.039
6522,-0.022
6523,-0.022
6524,0.002
6525,-0.049
6526,-0.017
6527,0.061
6528,0.051
6529,0.051
6530,0.076
6531,0.022
6532,0.088
6533,0.095
6534,-0.015
6535,0.049
6536,0.071
6537,0.022
6538,0.029
6539,-0.056
6540,-0.037
6541,0.024
6542,0.034
6543,0.02
6544,-0.039
6545,-0.005
6546,-0.017
6547,0.112
6548,0.005
6549,-0.073
6550,-0.044
6551,0.093
6552,0.112
6553,-0.059
6554,0.005
6555,0.027
6556,0.071
6557,0.066
6558,0.02
6559,0.0
6560,0.007
6561,0.022
6562,0.095
6563,0.022
6564,-0.012
6565,0.044
6566,-0.046
6567,0.017
6568,0.039
6569,0.0
6570,-0.032
6571,-0.01
6572,0.112
6573,0.117
6574,0.073
6575,-0.051
6576,-0.029
6577,-0.02
6578,0.007
6579,-0.068
6580,-0.049
6581,-0.061
6582,0.002
6583,-0.022
6584,-0.029
6585,0.005
6586,0.037
6587,0.127
6588,-0.112
6589,-0.088
6590,0.032
6591,0.039
6592,0.01
6593,0.01
6594,-0.044
6595,-0.037
6596,-0.002
6597,-0.073
6598,0.032
6599,-0.066
6600,-0.137
6601,0.051
6602,-0.042
6603,-0.11
6604,0.073
6605,-0.002
6606,-0.068
6607,-0.095
6608,0.112
6609,0.051
6610,-0.195
6611,0.054
6612,0.129
6613,-0.024
6614,0.059
6615,-0.037
6616,-0.039
6617,-0.068
6618,-0.063
6619,-0.09
6620,-0.042
6621,0.002
6622,-0.002
6623,-0.051
6624,-0.059
6625,0.037
6626,-0.007
6627,0.007
6628,0.059
6629,0.164
6630,0.107
6631,0.046
6632,0.024
6633,0.076
6634,0.024
6635,0.007
6636,0.032
6637,0.002
6638,0.02
6639,-0.059
6640,-0.007
6641,-0.007
6642,0.085
6643,-0.017
6644,-0.027
6645,-0.015
6646,-0.042
6647,0.02
6648,-0.066
6649,-0.081
6650,0.027
6651,0.022
6652,0.037
6653,-0.044
6654,-0.112
6655,-0.027
6656,-0.066
6657,-0.071
6658,-0.095
6659,-0.278
6660,0.073
6661,0.078
6662,0.039
6663,0.002
6664,-0.151
6665,0.195
6666,0.017
6667,-0.161
6668,0.051
6669,0.081
6670,0.112
6671,-0.022
6672,-0.09
6673,0.012
6674,0.059
6675,-0.051
6676,-0.01
6677,-0.127
6678,0.022
6679,0.061
6680,-0.012
6681,0.012
6682,-0.015
6683,0.027
6684,0.078
6685,-0.046
6686,0.044
6687,0.034
6688,0.071
6689,-0.012
6690,-0.01
6691,0.044
6692,0.046
6693,-0.032
6694,-0.042
6695,-0.09
6696,-0.022
6697,0.051
6698,-0.007
6699,-0.034
6700,-0.049
6701,-0.01
6702,-0.078
6703,0.015
6704,-0.017
6705,-0.037
6706,-0.005
6707,0.034
6708,0.078
6709,0.005
6710,0.037
6711,-0.051
6712,0.02
6713,-0.09
6714,-0.027
6715,-0.076
6716,-0.059
6717,0.02
6718,0.051
6719,-0.032
6720,-0.012
6721,-0.044
6722,0.034
6723,0.005
6724,-0.137
6725,-0.039
6726,0.02
6727,0.188
6728,0.049
6729,-0.024
6730,-0.078
6731,-0.039
6732,-0.024
6733,-0.054
6734,-0.139
6735,-0.168
6736,-0.01
6737,-0.049
6738,-0.212
6739,-0.254
6740,-0.127
6741,0.054
6742,-0.042
6743,-0.171
6744,-0.054
6745,0.068
6746,0.017
6747,-0.093
6748,-0.098
6749,-0.024
6750,-0.007
6751,0.01
6752,0.034
6753,-0.002
6754,-0.088
6755,-0.046
6756,-0.068
6757,-0.076
6758,-0.122
6759,-0.093
6760,-0.139
6761,-0.076
6762,-0.034
6763,-0.012
6764,-0.112
6765,-0.095
6766,-0.103
6767,0.049
6768,-0.01
6769,-0.09
6770,0.012
6771,0.017
6772,-0.122
6773,-0.063
6774,0.066
6775,0.012
6776,-0.027
6777,-0.076
6778,-0.024
6779,-0.063
6780,-0.059
6781,0.046
6782,-0.12
6783,-0.132
6784,-0.063
6785,-0.017
6786,-0.022
6787,0.01
6788,0.0
6789,0.137
6790,0.071
6791,0.044
6792,0.0
6793,0.059
6794,0.217
6795,0.112
6796,0.022
6797,0.046
6798,0.073
6799,0.107
6800,0.117
6801,-0.071
6802,-0.095
6803,0.081
6804,-0.005
6805,-0.078
6806,-0.137
6807,-0.066
6808,0.1
6809,0.007
6810,0.0
6811,0.034
6812,0.076
6813,0.1
6814,0.081
6815,0.049
6816,0.083
6817,0.093
6818,0.09
6819,-0.027
6820,-0.081
6821,-0.066
6822,-0.017
6823,0.129
6824,-0.1
6825,-0.2
6826,-0.122
6827,-0.129
6828,-0.054
6829,-0.005
6830,-0.005
6831,-0.01
6832,-0.032
6833,0.034
6834,-0.107
6835,-0.154
6836,0.032
6837,0.166
6838,-0.042
6839,-0.049
6840,-0.002
6841,-0.024
6842,0.051
6843,-0.024
6844,-0.056
6845,-0.012
6846,-0.044
6847,-0.078
6848,-0.073
6849,-0.002
6850,0.061
6851,0.012
6852,0.1
6853,0.066
6854,-0.054
6855,-0.012
6856,0.085
6857,0.054
6858,0.027
6859,-0.024
6860,0.095
6861,-0.005
6862,-0.022
6863,0.088
6864,-0.039
6865,0.012
6866,0.127
6867,0.063
6868,0.054
6869,0.034
6870,0.098
6871,0.017
6872,-0.029
6873,0.066
6874,0.125
6875,0.051
6876,0.029
6877,0.117
6878,0.027
6879,0.054
6880,0.0
6881,-0.029
6882,0.105
6883,-0.151
6884,-0.049
6885,0.161
6886,0.134
6887,0.19
6888,-0.093
6889,0.034
6890,0.11
6891,0.027
6892,0.032
6893,0.024
6894,0.09
6895,0.063
6896,0.034
6897,0.125
6898,-0.005
6899,0.046
6900,0.095
6901,-0.034
6902,0.049
6903,0.042
6904,-0.022
6905,0.117
6906,-0.1
6907,-0.142
6908,0.005
6909,0.024
6910,0.063
6911,0.044
6912,-0.083
6913,0.112
6914,-0.002
6915,0.051
6916,0.042
6917,-0.078
6918,0.027
6919,0.039
6920,-0.032
6921,-0.061
6922,-0.159
6923,-0.151
6924,-0.127
6925,-0.027
6926,-0.132
6927,-0.068
6928,0.061
6929,0.002
6930,0.09
6931,0.098
6932,0.032
6933,0.0
6934,0.088
6935,0.164
6936,0.071
6937,0.032
6938,0.107
6939,0.083
6940,-0.071
6941,-0.017
6942,-0.015
6943,0.066
6944,0.054
6945,0.029
6946,-0.015
6947,0.0
6948,0.0
6949,0.002
6950,-0.012
6951,0.083
6952,0.049
6953,0.051
6954,0.029
6955,-0.012
6956,0.027
6957,0.09
6958,0.103
6959,0.02
6960,-0.037
6961,0.037
6962,0.01
6963,0.01
6964,0.01
6965,0.063
6966,0.083
6967,0.068
6968,-0.012
6969,0.095
6970,0.115
6971,0.061
6972,0.09
6973,0.11
6974,0.059
6975,0.042
6976,0.049
6977,0.061
6978,-0.037
6979,-0.098
6980,0.085
6981,-0.029
6982,-0.034
6983,-0.002
6984,0.063
6985,0.005
6986,0.029
6987,0.12
6988,0.11
6989,0.049
6990,0.02
6991,0.068
6992,0.051
6993,0.134
6994,0.007
6995,-0.032
6996,0.017
6997,-0.046
6998,-0.1
6999,-0.046
7000,-0.044
7001,-0.027
7002,-0.037
7003,-0.1
7004,-0.034
7005,0.029
7006,0.046
7007,0.002
7008,-0.085
7009,0.015
7010,0.085
7011,0.132
7012,0.066
7013,0.022
7014,0.032
7015,0.017
7016,0.012
7017,-0.088
7018,-0.09
7019,0.037
7020,0.005
7021,-0.076
7022,-0.134
7023,-0.051
7024,-0.024
7025,-0.01
7026,-0.103
7027,-0.1
7028,-0.098
7029,0.029
7030,0.034
7031,0.024
7032,0.042
7033,0.01
7034,-0.042
7035,-0.022
7036,0.051
7037,-0.005
7038,0.046
7039,-0.078
7040,-0.032
7041,0.002
7042,-0.01
7043,-0.156
7044,-0.068
7045,0.024
7046,0.098
7047,0.017
7048,-0.049
7049,0.066
7050,0.095
7051,-0.039
7052,0.007
7053,0.088
7054,0.093
7055,-0.049
7056,-0.01
7057,0.034
7058,-0.039
7059,0.063
7060,0.042
7061,-0.032
7062,-0.051
7063,-0.105
7064,0.044
7065,-0.032
7066,-0.063
7067,0.081
7068,0.032
7069,0.007
7070,-0.059
7071,0.017
7072,0.0
7073,0.081
7074,0.093
7075,-0.09
7076,-0.11
7077,-0.039
7078,-0.12
7079,-0.129
7080,-0.059
7081,-0.137
7082,-0.212
7083,-0.193
7084,-0.178
7085,-0.061
7086,0.083
7087,-0.103
7088,-0.037
7089,-0.061
7090,-0.156
7091,-0.059
7092,0.007
7093,0.056
7094,-0.051
7095,-0.088
7096,-0.024
7097,0.056
7098,-0.059
7099,0.007
7100,-0.095
7101,-0.066
7102,0.061
7103,-0.049
7104,-0.061
7105,-0.107
7106,-0.229
7107,-0.112
7108,-0.09
7109,-0.127
7110,0.002
7111,0.01
7112,-0.017
7113,-0.034
7114,-0.171
7115,-0.068
7116,-0.078
7117,0.0
7118,-0.022
7119,-0.044
7120,-0.044
7121,-0.103
7122,-0.054
7123,-0.015
7124,-0.005
7125,-0.01
7126,0.01
7127,-0.046
7128,-0.027
7129,0.005
7130,-0.054
7131,0.061
7132,-0.012
7133,0.044
7134,0.049
7135,-0.029
7136,0.01
7137,0.02
7138,-0.01
7139,0.012
7140,-0.125
7141,-0.007
7142,-0.076
7143,-0.166
7144,-0.034
7145,-0.039
7146,-0.107
7147,-0.054
7148,-0.059
7149,-0.083
7150,-0.12
7151,-0.134
7152,-0.051
7153,0.071
7154,0.068
7155,-0.012
7156,-0.078
7157,0.007
7158,-0.081
7159,-0.061
7160,0.039
7161,-0.039
7162,0.039
7163,-0.024
7164,-0.093
7165,-0.063
7166,0.037
7167,-0.071
7168,-0.01
7169,-0.083
7170,-0.098
7171,-0.044
7172,-0.093
7173,-0.063
7174,-0.059
7175,-0.01
7176,-0.017
7177,-0.017
7178,-0.056
7179,-0.068
7180,-0.151
7181,-0.046
7182,-0.085
7183,-0.085
7184,0.015
7185,-0.051
7186,-0.051
7187,-0.142
7188,-0.198
7189,-0.022
7190,0.059
7191,-0.02
7192,-0.032
7193,0.071
7194,-0.149
7195,-0.115
7196,0.007
7197,0.078
7198,0.144
7199,-0.09
7200,-0.068
7201,0.076
7202,-0.042
7203,-0.042
7204,0.032
7205,-0.059
7206,-0.127
7207,-0.029
7208,-0.034
7209,-0.027
7210,-0.015
7211,-0.029
7212,-0.017
7213,-0.049
7214,-0.017
7215,0.027
7216,-0.01
7217,-0.002
7218,-0.161
7219,0.039
7220,0.022
7221,-0.039
7222,0.02
7223,0.005
7224,0.1
7225,-0.017
7226,-0.012
7227,0.139
7228,-0.051
7229,-0.068
7230,-0.022
7231,-0.078
7232,0.073
7233,0.054
7234,0.098
7235,-0.051
7236,-0.066
7237,0.029
7238,0.066
7239,-0.037
7240,0.083
7241,0.046
7242,-0.02
7243,0.032
7244,-0.037
7245,0.051
7246,0.017
7247,-0.061
7248,0.037
7249,-0.076
7250,-0.037
7251,-0.02
7252,-0.005
7253,0.107
7254,-0.059
7255,-0.002
7256,0.09
7257,-0.002
7258,0.056
7259,-0.012
7260,0.105
7261,-0.039
7262,-0.039
7263,0.066
7264,-0.066
7265,0.056
7266,0.022
7267,-0.081
7268,-0.015
7269,0.017
7270,0.137
7271,0.054
7272,-0.063
7273,0.034
7274,0.044
7275,0.027
7276,-0.005
7277,-0.037
7278,-0.022
7279,0.066
7280,-0.056
7281,-0.168
7282,-0.015
7283,-0.049
7284,0.02
7285,-0.054
7286,-0.029
7287,0.12
7288,-0.159
7289,-0.154
7290,-0.059
7291,-0.049
7292,0.027
7293,-0.027
7294,-0.024
7295,0.12
7296,-0.061
7297,0.11
7298,0.112
7299,0.017
7300,0.168
7301,0.122
7302,0.088
7303,0.127
7304,0.078
7305,0.1
7306,0.073
7307,-0.024
7308,0.098
7309,0.093
7310,0.005
7311,0.02
7312,-0.01
7313,0.073
7314,-0.051
7315,0.015
7316,0.027
7317,0.022
7318,0.037
7319,0.073
7320,0.022
7321,-0.024
7322,-0.059
7323,-0.073
7324,-0.027
7325,-0.02
7326,-0.112
7327,0.027
7328,0.051
7329,0.071
7330,-0.039
7331,-0.024
7332,0.127
7333,0.164
7334,0.049
7335,0.024
7336,0.056
7337,0.068
7338,-0.066
7339,0.022
7340,0.081
7341,0.061
7342,0.051
7343,-0.171
7344,-0.054
7345,0.017
7346,0.112
7347,0.068
7348,-0.042
7349,0.059
7350,-0.046
7351,-0.051
7352,-0.093
7353,-0.063
7354,0.09
7355,-0.017
7356,-0.117
7357,-0.002
7358,0.01
7359,-0.034
7360,-0.012
7361,-0.044
7362,-0.093
7363,-0.144
7364,-0.127
7365,-0.056
7366,-0.051
7367,0.132
7368,0.11
7369,-0.066
7370,0.039
7371,-0.034
7372,-0.107
7373,0.0
7374,0.222
7375,0.195
7376,0.007
7377,-0.012
7378,0.005
7379,0.032
7380,-0.029
7381,0.022
7382,0.054
7383,-0.037
7384,-0.044
7385,-0.059
7386,-0.032
7387,0.002
7388,0.037
7389,-0.007
7390,-0.117
7391,0.056
7392,0.071
7393,-0.024
7394,0.012
7395,-0.02
7396,0.034
7397,0.032
7398,0.032
7399,-0.017
7400,-0.007
7401,0.103
7402,0.12
7403,0.09
7404,-0.002
7405,-0.024
7406,0.066
7407,0.005
7408,0.012
7409,0.032
7410,-0.037
7411,0.073
7412,0.015
7413,-0.002
7414,0.088
7415,0.078
7416,0.237
7417,0.071
7418,0.063
7419,0.085
7420,0.1
7421,0.122
7422,0.024
7423,-0.007
7424,0.037
7425,0.093
7426,-0.015
7427,-0.039
7428,0.005
7429,0.081
7430,-0.039
7431,-0.01
7432,-0.083
7433,-0.039
7434,-0.093
7435,-0.044
7436,0.078
7437,0.034
7438,0.01
7439,0.015
7440,-0.022
7441,0.02
7442,-0.078
7443,-0.042
7444,0.044
7445,-0.01
7446,-0.066
7447,-0.024
7448,0.032
7449,0.027
7450,-0.034
7451,-0.073
7452,-0.139
7453,0.103
7454,0.054
7455,0.0
7456,-0.022
7457,-0.024
7458,0.142
7459,-0.029
7460,-0.022
7461,-0.039
7462,-0.063
7463,-0.056
7464,0.051
7465,-0.063
7466,-0.159
7467,-0.061
7468,0.02
7469,-0.071
7470,-0.1
7471,0.022
7472,-0.002
7473,0.007
7474,0.073
7475,-0.002
7476,0.063
7477,0.046
7478,0.051
7479,0.081
7480,0.054
7481,-0.012
7482,-0.044
7483,0.076
7484,0.024
7485,0.051
7486,0.066
7487,0.034
7488,-0.027
7489,0.068
7490,0.127
7491,0.02
7492,-0.005
7493,0.063
7494,0.042
7495,0.137
7496,-0.022
7497,0.081
7498,0.21
7499,0.056
7500,0.093
7501,0.088
7502,0.078
7503,0.076
7504,-0.071
7505,-0.042
7506,0.029
7507,-0.066
7508,-0.022
7509,-0.02
7510,-0.159
7511,-0.034
7512,-0.037
7513,-0.017
7514,-0.103
7515,-0.017
7516,0.061
7517,-0.044
7518,-0.044
7519,0.083
7520,-0.068
7521,-0.034
7522,0.085
7523,-0.005
7524,0.122
7525,0.002
7526,0.139
7527,0.017
7528,-0.002
7529,-0.046
7530,-0.144
7531,-0.044
7532,-0.063
7533,0.012
7534,0.051
7535,-0.151
7536,0.054
7537,0.117
7538,-0.044
7539,-0.007
7540,0.063
7541,-0.076
7542,0.061
7543,-0.039
7544,-0.042
7545,-0.022
7546,-0.088
7547,-0.015
7548,-0.022
7549,-0.11
7550,-0.037
7551,0.107
7552,0.039
7553,0.024
7554,-0.051
7555,0.117
7556,0.076
7557,-0.005
7558,-0.022
7559,0.034
7560,0.173
7561,0.037
7562,0.005
7563,0.139
7564,0.085
7565,0.051
7566,0.164
7567,0.09
7568,0.022
7569,0.156
7570,-0.144
7571,-0.171
7572,0.083
7573,0.103
7574,0.007
7575,-0.098
7576,-0.093
7577,0.022
7578,-0.059
7579,-0.051
7580,0.115
7581,0.12
7582,0.068
7583,0.188
7584,0.171
7585,0.046
7586,0.122
7587,-0.056
7588,-0.066
7589,0.122
7590,-0.034
7591,-0.017
7592,-0.076
7593,-0.061
7594,-0.012
7595,-0.066
7596,-0.061
7597,0.042
7598,0.034
7599,-0.022
7600,-0.093
7601,-0.09
7602,0.042
7603,-0.007
7604,-0.132
7605,-0.093
7606,0.005
7607,-0.071
7608,0.012
7609,-0.032
7610,-0.049
7611,-0.078
7612,-0.144
7613,-0.068
7614,0.066
7615,0.054
7616,0.0
7617,-0.042
7618,0.129
7619,-0.024
7620,-0.01
7621,0.1
7622,0.137
7623,0.051
7624,0.034
7625,-0.073
7626,0.015
7627,-0.056
7628,0.01
7629,0.029
7630,-0.034
7631,0.0
7632,-0.054
7633,0.022
7634,0.02
7635,-0.015
7636,0.022
7637,0.103
7638,-0.005
7639,0.107
7640,0.085
7641,-0.051
7642,0.085
7643,-0.01
7644,-0.071
7645,0.068
7646,0.029
7647,0.103
7648,0.061
7649,-0.017
7650,-0.034
7651,0.012
7652,-0.081
7653,0.107
7654,0.061
7655,-0.005
7656,0.088
7657,0.007
7658,-0.066
7659,0.095
7660,0.085
7661,-0.042
7662,0.056
7663,0.034
7664,0.02
7665,-0.105
7666,0.005
7667,0.051
7668,-0.002
7669,0.046
7670,-0.088
7671,0.032
7672,-0.093
7673,0.159
7674,0.11
7675,-0.049
7676,-0.085
7677,0.049
7678,0.1
7679,-0.029
7680,-0.024
7681,0.015
7682,0.059
7683,0.024
7684,0.037
7685,0.039
7686,0.024
7687,0.063
7688,-0.1
7689,-0.068
7690,-0.056
7691,-0.034
7692,-0.037
7693,0.017
7694,-0.081
7695,-0.176
7696,-0.044
7697,-0.017
7698,-0.056
7699,-0.161
7700,-0.027
7701,-0.083
7702,0.095
7703,0.044
7704,-0.09
7705,-0.049
7706,0.037
7707,0.071
7708,-0.02
7709,-0.027
7710,0.088
7711,-0.024
7712,0.015
7713,0.068
7714,-0.151
7715,-0.134
7716,-0.002
7717,0.005
7718,-0.039
7719,-0.049
7720,-0.02
7721,0.081
7722,0.081
7723,-0.105
7724,0.085
7725,0.093
7726,0.068
7727,-0.051
7728,-0.01
7729,0.037
7730,0.01
7731,-0.063
7732,-0.105
7733,-0.017
7734,-0.02
7735,0.1
7736,-0.039
7737,0.01
7738,-0.066
7739,-0.01
7740,0.054
7741,0.007
7742,0.059
7743,-0.007
7744,-0.027
7745,0.076
7746,0.012
7747,-0.01
7748,0.005
7749,-0.022
7750,0.039
7751,0.012
7752,-0.063
7753,-0.095
7754,-0.059
7755,-0.017
7756,0.029
7757,0.034
7758,-0.022
7759,-0.037
7760,0.029
7761,0.015
7762,0.017
7763,-0.007
7764,0.081
7765,-0.134
7766,-0.015
7767,0.005
7768,-0.078
7769,-0.037
7770,-0.02
7771,-0.049
7772,-0.002
7773,0.02
7774,-0.02
7775,-0.012
7776,0.005
7777,-0.105
7778,-0.024
7779,-0.059
7780,0.012
7781,-0.02
7782,0.017
7783,0.002
7784,-0.01
7785,-0.022
7786,-0.103
7787,-0.112
7788,0.005
7789,-0.063
7790,-0.039
7791,-0.107
7792,-0.129
7793,-0.088
7794,-0.066
7795,0.078
7796,0.012
7797,0.0
7798,-0.015
7799,-0.056
7800,0.015
7801,-0.002
7802,0.0
7803,0.017
7804,0.007
7805,0.002
7806,0.078
7807,-0.02
7808,-0.02
7809,-0.068
7810,0.024
7811,0.005
7812,0.005
7813,-0.056
7814,-0.042
7815,0.039
7816,-0.01
7817,-0.002
7818,-0.054
7819,-0.039
7820,0.144
7821,0.159
7822,-0.005
7823,-0.085
7824,0.137
7825,0.242
7826,-0.005
7827,-0.005
7828,0.029
7829,0.105
7830,0.027
7831,-0.042
7832,0.059
7833,0.071
7834,-0.081
7835,0.071
7836,-0.144
7837,0.01
7838,0.027
7839,-0.022
7840,-0.037
7841,0.02
7842,-0.049
7843,0.022
7844,0.007
7845,-0.017
7846,0.105
7847,-0.024
7848,0.015
7849,-0.078
7850,0.044
7851,0.083
7852,-0.007
7853,-0.139
7854,-0.034
7855,0.012
7856,-0.007
7857,0.027
7858,-0.078
7859,-0.059
7860,0.007
7861,0.066
7862,0.081
7863,0.024
7864,0.046
7865,0.024
7866,-0.066
7867,-0.129
7868,-0.017
7869,0.063
7870,-0.081
7871,-0.095
7872,-0.081
7873,-0.098
7874,-0.134
7875,-0.034
7876,0.024
7877,-0.039
7878,-0.176
7879,-0.112
7880,-0.156
7881,-0.09
7882,-0.063
7883,-0.024
7884,-0.02
7885,0.032
7886,-0.015
7887,-0.076
7888,-0.037
7889,-0.088
7890,-0.083
7891,-0.085
7892,-0.112
7893,-0.171
7894,-0.11
7895,0.068
7896,0.071
7897,0.02
7898,-0.085
7899,0.051
7900,0.051
7901,0.027
7902,0.12
7903,0.002
7904,0.186
7905,0.017
7906,0.017
7907,-0.015
7908,-0.068
7909,0.007
7910,0.088
7911,0.039
7912,-0.059
7913,-0.049
7914,-0.098
7915,-0.042
7916,-0.005
7917,0.005
7918,-0.029
7919,0.049
7920,0.073
7921,0.024
7922,0.046
7923,0.066
7924,0.071
7925,0.134
7926,0.073
7927,0.071
7928,0.078
7929,0.073
7930,0.139
7931,0.046
7932,0.022
7933,0.046
7934,0.037
7935,0.044
7936,0.01
7937,0.022
7938,0.01
7939,0.076
7940,-0.024
7941,-0.088
7942,0.024
7943,-0.02
7944,0.107
7945,0.066
7946,0.115
7947,0.083
7948,-0.078
7949,0.034
7950,0.063
7951,-0.032
7952,0.005
7953,-0.029
7954,0.012
7955,-0.054
7956,-0.11
7957,-0.129
7958,-0.105
7959,-0.054
7960,-0.017
7961,-0.063
7962,0.046
7963,0.017
7964,-0.027
7965,-0.022
7966,0.1
7967,-0.005
7968,-0.007
7969,-0.027
7970,0.029
7971,-0.061
7972,-0.093
7973,-0.088
7974,-0.222
7975,-0.115
7976,-0.017
7977,-0.115
7978,-0.002
7979,-0.056
7980,-0.046
7981,-0.051
7982,-0.081
7983,-0.09
7984,0.056
7985,0.0
7986,-0.034
7987,-0.034
7988,-0.144
7989,-0.076
7990,0.103
7991,0.005
7992,-0.1
7993,0.007
7994,-0.002
7995,-0.098
7996,0.134
7997,-0.103
7998,-0.078
7999,-0.012
8000,-0.195
8001,-0.071
8002,0.117
8003,-0.039
8004,0.032
8005,-0.063
8006,0.051
8007,0.027
8008,0.054
8009,0.071
8010,-0.007
8011,0.044
8012,-0.039
8013,0.056
8014,0.029
8015,0.063
8016,0.081
8017,0.002
8018,0.007
8019,0.02
8020,0.002
8021,0.032
8022,0.09
8023,0.073
8024,0.073
8025,0.117
8026,0.005
8027,-0.093
8028,-0.012
8029,-0.01
8030,0.027
8031,0.144
8032,-0.02
8033,0.046
8034,0.022
8035,-0.139
8036,-0.11
8037,-0.093
8038,-0.032
8039,-0.007
8040,-0.061
8041,0.0
8042,-0.022
8043,-0.017
8044,0.037
8045,-0.083
8046,-0.024
8047,0.068
8048,-0.071
8049,-0.078
8050,-0.046
8051,-0.09
8052,0.01
8053,0.002
8054,0.022
8055,-0.085
8056,-0.112
8057,0.024
8058,-0.105
8059,0.068
8060,0.032
8061,-0.002
8062,-0.049
8063,0.039
8064,-0.017
8065,-0.032
8066,-0.01
8067,-0.012
8068,0.071
8069,0.022
8070,-0.034
8071,0.02
8072,-0.149
8073,-0.034
8074,-0.002
8075,-0.076
8076,0.012
8077,0.017
8078,-0.027
8079,-0.063
8080,-0.073
8081,-0.095
8082,0.063
8083,0.022
8084,-0.044
8085,0.002
8086,0.042
8087,0.083
8088,0.168
8089,0.059
8090,-0.022
8091,-0.027
8092,-0.002
8093,0.056
8094,0.002
8095,-0.093
8096,0.105
8097,0.02
8098,-0.015
8099,0.005
8100,-0.085
8101,-0.042
8102,0.176
8103,-0.002
8104,0.027
8105,0.095
8106,0.054
8107,0.129
8108,-0.066
8109,0.007
8110,0.022
8111,0.037
8112,0.017
8113,0.022
8114,0.015
8115,-0.09
8116,-0.115
8117,-0.125
8118,-0.059
8119,0.066
8120,0.085
8121,0.022
8122,-0.002
8123,-0.115
8124,-0.154
8125,0.037
8126,0.044
8127,0.024
8128,-0.056
8129,-0.051
8130,0.046
8131,-0.022
8132,0.054
8133,0.032
8134,-0.146
8135,-0.073
8136,0.022
8137,0.083
8138,-0.059
8139,-0.037
8140,-0.088
8141,-0.081
8142,-0.085
8143,0.044
8144,0.071
8145,0.054
8146,0.056
8147,-0.02
8148,0.083
8149,0.073
8150,0.044
8151,0.061
8152,0.093
8153,0.01
8154,0.054
8155,0.1
8156,0.059
8157,0.022
8158,-0.054
8159,-0.088
8160,-0.039
8161,-0.059
8162,0.034
8163,0.037
8164,0.024
8165,0.007
8166,0.056
8167,0.015
8168,-0.132
8169,-0.02
8170,0.054
8171,0.068
8172,0.066
8173,-0.024
8174,0.085
8175,0.12
8176,-0.103
8177,-0.112
8178,0.007
8179,0.085
8180,-0.032
8181,-0.051
8182,0.081
8183,0.117
8184,-0.024
8185,0.015
8186,0.085
8187,0.083
8188,0.081
8189,0.076
8190,0.129
8191,0.054
8192,0.105
8193,0.037
8194,-0.068
8195,-0.01
8196,-0.024
8197,-0.017
8198,-0.032
8199,0.042
8200,-0.063
8201,0.0
8202,-0.002
8203,-0.054
8204,0.042
8205,0.103
8206,-0.017
8207,0.037
8208,0.017
8209,-0.054
8210,0.078
8211,0.0
8212,0.034
8213,0.032
8214,-0.049
8215,0.012
8216,-0.085
8217,-0.093
8218,0.046
8219,-0.022
8220,0.007
8221,-0.029
8222,-0.093
8223,-0.081
8224,0.032
8225,0.068
8226,0.051
8227,-0.032
8228,0.005
8229,0.034
8230,-0.029
8231,-0.034
8232,-0.056
8233,-0.059
8234,0.002
8235,0.022
8236,-0.007
8237,-0.095
8238,0.012
8239,0.007
8240,-0.186
8241,-0.032
8242,-0.046
8243,0.024
8244,-0.02
8245,0.1
8246,-0.002
8247,0.01
8248,-0.032
8249,-0.032
8250,0.051
8251,0.01
8252,0.046
8253,0.017
8254,-0.049
8255,0.095
8256,0.024
8257,-0.054
8258,0.034
8259,-0.056
8260,-0.012
8261,-0.037
8262,0.017
8263,0.049
8264,0.144
8265,0.073
8266,-0.024
8267,0.051
8268,0.117
8269,0.081
8270,0.103
8271,0.105
8272,0.1
8273,0.02
8274,-0.022
8275,-0.056
8276,-0.015
8277,-0.024
8278,-0.02
8279,0.005
8280,-0.044
8281,-0.073
8282,0.029
8283,0.015
8284,0.007
8285,0.01
8286,0.015
8287,0.056
8288,0.042
8289,0.027
8290,0.115
8291,0.042
8292,0.078
8293,0.005
8294,-0.054
8295,-0.046
8296,-0.046
8297,-0.002
8298,-0.066
8299,-0.046
8300,0.017
8301,-0.046
8302,-0.088
8303,-0.015
8304,-0.027
8305,-0.002
8306,0.005
8307,0.0
8308,-0.032
8309,-0.068
8310,0.002
8311,0.066
8312,-0.017
8313,0.071
8314,0.098
8315,0.042
8316,-0.076
8317,-0.073
8318,-0.044
8319,-0.01
8320,-0.085
8321,0.0
8322,0.076
8323,-0.1
8324,-0.066
8325,-0.034
8326,-0.081
8327,-0.034
8328,0.015
8329,0.022
8330,0.044
8331,-0.02
8332,-0.002
8333,0.024
8334,-0.037
8335,-0.046
8336,-0.034
8337,0.0
8338,0.042
8339,-0.044
8340,-0.042
8341,-0.005
8342,-0.029
8343,-0.063
8344,-0.029
8345,0.01
8346,0.073
8347,0.024
8348,0.103
8349,0.081
8350,-0.01
8351,0.015
8352,0.002
8353,-0.01
8354,0.095
8355,0.232
8356,0.173
8357,0.034
8358,0.054
8359,0.076
8360,0.061
8361,0.005
8362,-0.098
8363,0.066
8364,-0.005
8365,0.049
8366,0.066
8367,0.054
8368,-0.027
8369,0.012
8370,0.007
8371,-0.015
8372,-0.005
8373,0.063
8374,0.044
8375,-0.042
8376,-0.09
8377,-0.088
8378,-0.015
8379,-0.049
8380,-0.022
8381,0.029
8382,-0.188
8383,-0.029
8384,-0.017
8385,-0.142
8386,0.007
8387,-0.061
8388,-0.029
8389,0.005
8390,0.002
8391,0.002
8392,-0.068
8393,-0.044
8394,0.02
8395,0.012
8396,0.024
8397,-0.005
8398,-0.002
8399,-0.007
8400,-0.007
8401,-0.046
8402,-0.063
8403,-0.022
8404,0.0
8405,-0.046
8406,-0.137
8407,0.005
8408,-0.017
8409,-0.017
8410,0.066
8411,0.054
8412,0.112
8413,-0.017
8414,-0.076
8415,-0.01
8416,0.002
8417,-0.027
8418,-0.02
8419,-0.01
8420,0.027
8421,0.056
8422,-0.071
8423,0.005
8424,-0.024
8425,0.066
8426,0.049
8427,-0.027
8428,0.024
8429,0.0
8430,-0.017
8431,0.054
8432,-0.005
8433,-0.061
8434,0.029
8435,-0.059
8436,-0.027
8437,-0.09
8438,0.002
8439,0.039
8440,0.029
8441,-0.042
8442,-0.083
8443,-0.073
8444,0.02
8445,-0.005
8446,-0.022
8447,-0.002
8448,0.007
8449,0.073
8450,0.051
8451,0.063
8452,0.027
8453,-0.002
8454,0.029
8455,0.015
8456,-0.081
8457,-0.071
8458,-0.029
8459,-0.007
8460,0.01
8461,0.039
8462,-0.046
8463,-0.146
8464,-0.173
8465,-0.012
8466,-0.098
8467,-0.063
8468,-0.076
8469,-0.085
8470,-0.066
8471,-0.02
8472,0.095
8473,-0.034
8474,-0.098
8475,0.037
8476,-0.015
8477,-0.039
8478,-0.022
8479,-0.068
8480,-0.005
8481,-0.054
8482,-0.024
8483,0.015
8484,-0.063
8485,-0.076
8486,-0.034
8487,-0.144
8488,-0.002
8489,0.007
8490,0.054
8491,0.005
8492,-0.054
8493,-0.083
8494,0.063
8495,-0.005
8496,0.022
8497,-0.044
8498,0.085
8499,0.022
8500,-0.076
8501,-0.071
8502,-0.061
8503,-0.146
8504,-0.066
8505,-0.059
8506,-0.127
8507,-0.11
8508,0.024
8509,-0.044
8510,0.002
8511,0.0
8512,0.042
8513,0.002
8514,-0.073
8515,0.01
8516,0.063
8517,0.09
8518,0.12
8519,-0.049
8520,0.054
8521,0.149
8522,0.059
8523,0.015
8524,0.029
8525,0.024
8526,-0.054
8527,0.032
8528,-0.01
8529,0.034
8530,0.005
8531,-0.022
8532,0.071
8533,-0.02
8534,0.01
8535,0.063
8536,-0.01
8537,-0.029
8538,0.046
8539,0.059
8540,0.054
8541,-0.02
8542,0.02
8543,0.056
8544,-0.015
8545,-0.015
8546,-0.042
8547,0.012
8548,-0.034
8549,-0.093
8550,-0.073
8551,-0.029
8552,0.027
8553,0.081
8554,0.078
8555,0.061
8556,0.029
8557,0.129
8558,0.117
8559,0.063
8560,0.022
8561,0.002
8562,-0.039
8563,-0.081
8564,0.063
8565,-0.066
8566,-0.046
8567,-0.029
8568,-0.154
8569,0.02
8570,-0.081
8571,-0.166
8572,0.044
8573,-0.132
8574,-0.098
8575,0.007
8576,-0.024
8577,-0.085
8578,-0.054
8579,-0.125
8580,-0.02
8581,-0.007
8582,0.054
8583,0.022
8584,-0.01
8585,-0.056
8586,0.034
8587,-0.002
8588,-0.042
8589,0.081
8590,-0.017
8591,-0.117
8592,0.02
8593,0.017
8594,-0.027
8595,-0.024
8596,0.093
8597,0.071
8598,-0.039
8599,-0.024
8600,0.027
8601,0.0
8602,-0.078
8603,0.034
8604,0.076
8605,-0.068
8606,0.027
8607,0.007
8608,-0.073
8609,0.081
8610,-0.088
8611,0.066
8612,0.022
8613,-0.012
8614,0.122
8615,0.083
8616,0.005
8617,0.146
8618,0.093
8619,-0.059
8620,0.022
8621,0.027
8622,0.11
8623,-0.095
8624,-0.012
8625,-0.015
8626,-0.034
8627,-0.02
8628,-0.073
8629,0.027
8630,-0.01
8631,0.017
8632,0.044
8633,-0.156
8634,-0.12
8635,0.093
8636,0.002
8637,-0.037
8638,-0.051
8639,0.042
8640,0.046
8641,-0.159
8642,0.01
8643,0.039
8644,-0.059
8645,-0.078
8646,-0.088
8647,-0.198
8648,-0.002
8649,-0.173
8650,-0.173
8651,-0.076
8652,-0.02
8653,-0.029
8654,-0.044
8655,0.005
8656,0.044
8657,0.09
8658,0.042
8659,-0.029
8660,-0.007
8661,0.093
8662,0.024
8663,0.005
8664,-0.056
8665,-0.078
8666,-0.017
8667,-0.081
8668,-0.117
8669,-0.112
8670,-0.056
8671,0.002
8672,-0.137
8673,-0.107
8674,0.02
8675,0.017
8676,-0.015
8677,-0.046
8678,0.039
8679,-0.012
8680,0.034
8681,-0.078
8682,-0.078
8683,0.076
8684,-0.017
8685,-0.1
8686,-0.005
8687,-0.042
8688,-0.081
8689,-0.103
8690,-0.095
8691,-0.1
8692,0.002
8693,0.022
8694,0.015
8695,0.037
8696,-0.073
8697,0.039
8698,0.017
8699,0.015
8700,0.051
8701,-0.032
8702,0.122
8703,-0.02
8704,0.002
8705,0.015
8706,0.054
8707,0.066
8708,-0.034
8709,0.024
8710,-0.063
8711,-0.015
8712,0.061
8713,-0.061
8714,-0.029
8715,0.007
8716,-0.005
8717,0.1
8718,-0.054
8719,0.046
8720,0.0
8721,0.046
8722,-0.046
8723,-0.051
8724,0.029
8725,-0.024
8726,-0.093
8727,-0.005
8728,-0.044
8729,-0.11
8730,-0.183
8731,-0.015
8732,-0.056
8733,-0.049
8734,-0.088
8735,-0.02
8736,-0.059
8737,-0.037
8738,-0.098
8739,0.024
8740,0.015
8741,-0.12
8742,-0.09
8743,-0.071
8744,-0.085
8745,0.002
8746,0.034
8747,-0.061
8748,-0.005
8749,-0.032
8750,-0.007
8751,-0.027
8752,-0.039
8753,0.044
8754,-0.061
8755,-0.063
8756,0.105
8757,0.073
8758,0.078
8759,-0.037
8760,-0.144
8761,0.024
8762,-0.02
8763,0.02
8764,-0.049
8765,-0.083
8766,0.076
8767,0.049
8768,-0.015
8769,-0.049
8770,-0.056
8771,0.029
8772,-0.022
8773,-0.044
8774,0.1
8775,-0.107
8776,-0.017
8777,0.073
8778,-0.02
8779,0.068
8780,0.012
8781,-0.02
8782,0.098
8783,0.073
8784,0.056
8785,0.022
8786,0.029
8787,-0.012
8788,0.015
8789,-0.093
8790,0.01
8791,0.115
8792,-0.105
8793,-0.005
8794,0.068
8795,0.078
8796,0.068
8797,0.042
8798,0.034
8799,0.173
8800,0.066
8801,0.056
8802,0.098
8803,0.051
8804,-0.002
8805,-0.044
8806,-0.022
8807,0.076
8808,0.029
8809,-0.071
8810,-0.076
8811,0.056
8812,0.076
8813,-0.032
8814,-0.015
8815,-0.017
8816,-0.11
8817,-0.024
8818,0.076
8819,0.1
8820,0.034
8821,0.054
8822,0.103
8823,-0.039
8824,0.042
8825,0.063
8826,0.107
8827,-0.093
8828,0.01
8829,-0.063
8830,0.015
8831,0.132
8832,0.007
8833,-0.059
8834,-0.09
8835,-0.01
8836,0.1
8837,0.015
8838,-0.046
8839,-0.127
8840,-0.046
8841,-0.007
8842,0.059
8843,0.054
8844,0.098
8845,0.0
8846,-0.122
8847,-0.088
8848,0.002
8849,-0.029
8850,-0.063
8851,-0.02
8852,-0.034
8853,-0.107
8854,0.007
8855,0.095
8856,-0.056
8857,-0.022
8858,0.054
8859,0.046
8860,0.176
8861,0.068
8862,0.032
8863,0.125
8864,0.034
8865,0.09
8866,0.029
8867,-0.081
8868,0.015
8869,0.071
8870,0.0
8871,0.103
8872,-0.024
8873,0.078
8874,0.198
8875,-0.015
8876,0.005
8877,0.063
8878,0.073
8879,0.093
8880,0.054
8881,0.105
8882,0.103
8883,0.144
8884,0.068
8885,0.149
8886,0.017
8887,0.002
8888,-0.024
8889,-0.056
8890,-0.054
8891,-0.044
8892,0.056
8893,-0.022
8894,-0.027
8895,-0.017
8896,0.051
8897,0.015
8898,0.032
8899,0.032
8900,-0.017
8901,0.015
8902,0.066
8903,0.09
8904,-0.037
8905,0.063
8906,0.142
8907,0.022
8908,-0.005
8909,-0.01
8910,-0.024
8911,-0.046
8912,0.02
8913,0.012
8914,-0.032
8915,0.007
8916,-0.056
8917,-0.173
8918,-0.046
8919,-0.068
8920,-0.085
8921,-0.024
8922,-0.12
8923,-0.081
8924,-0.012
8925,-0.051
8926,-0.002
8927,0.049
8928,-0.015
8929,0.017
8930,-0.005
8931,0.029
8932,-0.049
8933,0.034
8934,0.042
8935,-0.029
8936,0.063
8937,0.054
8938,0.049
8939,0.063
8940,0.0
8941,0.122
8942,0.056
8943,-0.044
8944,0.022
8945,0.083
8946,0.059
8947,0.022
8948,0.022
8949,0.022
8950,0.076
8951,-0.022
8952,-0.012
8953,0.042
8954,-0.002
8955,-0.002
8956,0.078
8957,0.078
8958,0.142
8959,0.11
8960,0.093
8961,0.105
8962,0.051
8963,0.154
8964,0.034
8965,0.029
8966,0.027
8967,0.017
8968,0.01
8969,-0.022
8970,0.044
8971,0.095
8972,-0.029
8973,-0.044
8974,-0.112
8975,-0.122
8976,0.037
8977,-0.012
8978,-0.046
8979,0.024
8980,0.051
8981,0.054
8982,0.0
8983,-0.029
8984,0.022
8985,0.081
8986,-0.017
8987,0.059
8988,0.061
8989,-0.051
8990,0.012
8991,-0.054
8992,0.029
8993,-0.042
8994,-0.122
8995,-0.085
8996,-0.042
8997,-0.122
8998,-0.09
8999,0.046
9000,0.117
9001,0.063
9002,0.005
9003,-0.024
9004,0.02
9005,0.098
9006,-0.125
9007,-0.037
9008,-0.059
9009,0.076
9010,0.005
9011,-0.19
9012,-0.088
9013,-0.022
9014,-0.095
9015,-0.129
9016,-0.095
9017,-0.068
9018,-0.01
9019,0.032
9020,-0.081
9021,-0.015
9022,0.039
9023,0.095
9024,0.015
9025,0.042
9026,0.103
9027,0.081
9028,-0.017
9029,-0.024
9030,0.02
9031,0.071
9032,0.12
9033,0.012
9034,-0.049
9035,-0.007
9036,0.071
9037,-0.027
9038,-0.085
9039,-0.017
9040,0.032
9041,-0.056
9042,-0.039
9043,0.054
9044,0.073
9045,0.066
9046,0.046
9047,0.022
9048,-0.032
9049,0.012
9050,0.076
9051,-0.012
9052,-0.029
9053,0.0
9054,0.002
9055,-0.071
9056,-0.063
9057,-0.1
9058,0.022
9059,0.024
9060,-0.027
9061,-0.007
9062,0.044
9063,-0.01
9064,-0.005
9065,0.005
9066,-0.12
9067,0.142
9068,-0.017
9069,-0.093
9070,0.022
9071,-0.027
9072,0.017
9073,-0.098
9074,-0.085
9075,-0.042
9076,0.024
9077,-0.042
9078,-0.161
9079,-0.02
9080,0.042
9081,-0.007
9082,-0.066
9083,0.007
9084,0.037
9085,0.056
9086,-0.017
9087,0.015
9088,0.02
9089,-0.002
9090,-0.105
9091,-0.142
9092,-0.054
9093,0.051
9094,0.049
9095,-0.139
9096,-0.044
9097,-0.015
9098,-0.012
9099,-0.059
9100,-0.11
9101,0.063
9102,-0.015
9103,-0.027
9104,-0.176
9105,0.085
9106,-0.032
9107,-0.017
9108,-0.012
9109,-0.024
9110,-0.117
9111,-0.146
9112,-0.022
9113,-0.022
9114,-0.063
9115,0.024
9116,-0.176
9117,-0.032
9118,-0.005
9119,-0.061
9120,0.029
9121,-0.1
9122,0.063
9123,0.125
9124,-0.032
9125,0.117
9126,-0.063
9127,0.063
9128,0.034
9129,0.027
9130,0.01
9131,-0.044
9132,-0.015
9133,-0.012
9134,-0.039
9135,-0.046
9136,0.024
9137,0.0
9138,0.056
9139,0.007
9140,0.098
9141,-0.081
9142,-0.103
9143,0.066
9144,0.061
9145,0.039
9146,-0.029
9147,-0.032
9148,-0.027
9149,0.017
9150,-0.022
9151,-0.02
9152,0.02
9153,0.054
9154,0.105
9155,0.081
9156,-0.024
9157,0.012
9158,0.083
9159,0.09
9160,-0.149
9161,-0.017
9162,-0.029
9163,0.107
9164,0.066
9165,-0.01
9166,0.022
9167,-0.022
9168,-0.032
9169,0.044
9170,-0.02
9171,-0.061
9172,-0.078
9173,-0.09
9174,-0.039
9175,-0.076
9176,-0.051
9177,0.0
9178,-0.051
9179,0.017
9180,0.115
9181,-0.017
9182,-0.305
9183,-0.037
9184,0.095
9185,0.154
9186,-0.02
9187,-0.01
9188,0.029
9189,0.056
9190,-0.059
9191,-0.093
9192,0.073
9193,-0.105
9194,-0.107
9195,-0.115
9196,-0.061
9197,0.051
9198,-0.129
9199,-0.09
9200,-0.066
9201,0.017
9202,0.024
9203,0.098
9204,-0.098
9205,-0.068
9206,0.024
9207,0.09
9208,0.183
9209,0.071
9210,-0.007
9211,0.01
9212,-0.015
9213,0.029
9214,0.061
9215,-0.066
9216,-0.012
9217,0.02
9218,-0.068
9219,-0.027
9220,-0.046
9221,0.01
9222,0.068
9223,-0.022
9224,0.024
9225,0.1
9226,-0.002
9227,-0.034
9228,0.02
9229,-0.022
9230,0.005
9231,-0.059
9232,-0.088
9233,0.032
9234,-0.112
9235,-0.015
9236,0.054
9237,-0.051
9238,-0.005
9239,-0.012
9240,-0.081
9241,-0.039
9242,0.066
9243,0.01
9244,-0.132
9245,0.042
9246,0.132
9247,-0.063
9248,0.012
9249,0.054
9250,0.071
9251,-0.044
9252,-0.061
9253,0.007
9254,0.051
9255,-0.093
9256,0.054
9257,-0.061
9258,-0.156
9259,-0.071
9260,-0.037
9261,0.151
9262,0.063
9263,-0.154
9264,0.081
9265,-0.049
9266,-0.042
9267,-0.017
9268,-0.007
9269,-0.039
9270,0.007
9271,-0.107
9272,-0.073
9273,-0.037
9274,-0.09
9275,-0.085
9276,-0.098
9277,-0.027
9278,-0.01
9279,-0.078
9280,-0.017
9281,-0.044
9282,-0.105
9283,0.068
9284,0.078
9285,0.037
9286,-0.02
9287,-0.034
9288,0.073
9289,0.054
9290,0.002
9291,-0.088
9292,-0.12
9293,-0.066
9294,-0.056
9295,-0.085
9296,-0.037
9297,-0.081
9298,0.002
9299,-0.027
9300,-0.093
9301,-0.024
9302,0.039
9303,-0.01
9304,0.027
9305,0.051
9306,0.093
9307,0.066
9308,0.049
9309,0.081
9310,0.012
9311,0.046
9312,0.051
9313,-0.005
9314,-0.09
9315,-0.042
9316,0.002
9317,-0.015
9318,-0.007
9319,-0.017
9320,-0.066
9321,-0.125
9322,-0.056
9323,-0.078
9324,-0.081
9325,0.01
9326,0.049
9327,0.1
9328,-0.012
9329,-0.02
9330,0.063
9331,-0.11
9332,0.054
9333,-0.042
9334,-0.022
9335,0.103
9336,0.049
9337,-0.1
9338,-0.029
9339,-0.149
9340,0.054
9341,-0.061
9342,-0.056
9343,0.017
9344,-0.046
9345,-0.015
9346,-0.068
9347,-0.032
9348,0.09
9349,0.039
9350,-0.017
9351,-0.049
9352,0.022
9353,-0.017
9354,-0.01
9355,-0.11
9356,-0.02
9357,0.024
9358,-0.107
9359,-0.012
9360,0.012
9361,-0.002
9362,0.005
9363,-0.134
9364,0.029
9365,-0.027
9366,-0.139
9367,0.044
9368,0.051
9369,0.09
9370,-0.063
9371,-0.01
9372,0.049
9373,-0.002
9374,-0.01
9375,-0.049
9376,0.002
9377,0.066
9378,-0.02
9379,-0.002
9380,0.066
9381,-0.007
9382,0.142
9383,0.076
9384,0.027
9385,0.132
9386,0.02
9387,0.046
9388,0.11
9389,0.063
9390,0.027
9391,-0.073
9392,-0.002
9393,-0.017
9394,-0.034
9395,0.01
9396,0.02
9397,-0.032
9398,-0.056
9399,-0.017
9400,0.005
9401,0.054
9402,0.046
9403,0.161
9404,0.088
9405,0.015
9406,0.01
9407,-0.056
9408,0.022
9409,0.125
9410,0.134
9411,0.015
9412,-0.029
9413,-0.005
9414,-0.054
9415,-0.076
9416,0.085
9417,0.059
9418,-0.159
9419,-0.103
9420,0.027
9421,-0.01
9422,-0.081
9423,-0.076
9424,0.0
9425,-0.005
9426,0.01
9427,0.093
9428,-0.024
9429,-0.017
9430,0.005
9431,0.015
9432,-0.039
9433,-0.059
9434,-0.078
9435,-0.049
9436,-0.027
9437,-0.127
9438,-0.037
9439,-0.09
9440,-0.068
9441,-0.039
9442,-0.037
9443,0.061
9444,-0.068
9445,-0.039
9446,0.007
9447,0.073
9448,0.015
9449,-0.015
9450,0.093
9451,0.129
9452,0.037
9453,0.093
9454,0.029
9455,-0.02
9456,0.063
9457,-0.059
9458,0.0
9459,-0.056
9460,0.027
9461,0.039
9462,0.027
9463,0.037
9464,0.11
9465,0.012
9466,0.073
9467,-0.015
9468,0.1
9469,0.127
9470,0.117
9471,0.166
9472,0.056
9473,0.173
9474,0.151
9475,-0.029
9476,-0.063
9477,0.027
9478,0.132
9479,0.146
9480,0.017
9481,0.105
9482,0.129
9483,0.088
9484,0.054
9485,0.061
9486,0.054
9487,0.066
9488,0.046
9489,-0.105
9490,0.005
9491,0.032
9492,0.029
9493,0.007
9494,-0.054
9495,-0.093
9496,-0.034
9497,0.015
9498,-0.022
9499,-0.012
9500,0.012
9501,0.063
9502,-0.095
9503,-0.049
9504,0.032
9505,-0.02
9506,0.073
9507,0.027
9508,-0.017
9509,-0.061
9510,-0.076
9511,-0.037
9512,-0.107
9513,-0.137
9514,-0.146
9515,-0.168
9516,-0.142
9517,-0.093
9518,-0.142
9519,-0.015
9520,-0.139
9521,-0.115
9522,0.015
9523,0.029
9524,-0.066
9525,-0.181
9526,-0.044
9527,0.027
9528,-0.017
9529,-0.068
9530,-0.1
9531,0.0
9532,0.034
9533,-0.049
9534,-0.01
9535,-0.125
9536,-0.027
9537,-0.037
9538,-0.081
9539,-0.098
9540,-0.088
9541,-0.066
9542,-0.073
9543,-0.024
9544,0.044
9545,0.093
9546,-0.049
9547,0.022
9548,0.051
9549,0.142
9550,0.017
9551,-0.029
9552,0.027
9553,0.068
9554,0.02
9555,-0.02
9556,0.032
9557,0.059
9558,0.046
9559,-0.063
9560,-0.051
9561,0.02
9562,-0.066
9563,0.002
9564,-0.029
9565,0.042
9566,0.088
9567,0.024
9568,0.093
9569,0.042
9570,0.156
9571,0.186
9572,0.056
9573,0.09
9574,0.095
9575,0.073
9576,0.164
9577,0.132
9578,-0.017
9579,0.1
9580,0.0
9581,-0.049
9582,-0.061
9583,-0.005
9584,0.007
9585,-0.056
9586,0.042
9587,0.071
9588,-0.049
9589,-0.144
9590,-0.02
9591,0.049
9592,0.039
9593,-0.032
9594,0.0
9595,0.056
9596,0.198
9597,0.071
9598,-0.098
9599,0.012
9600,-0.132
9601,-0.007
9602,-0.061
9603,-0.032
9604,0.02
9605,-0.156
9606,-0.098
9607,0.076
9608,-0.125
9609,0.0
9610,-0.022
9611,-0.051
9612,-0.022
9613,0.061
9614,-0.151
9615,-0.039
9616,0.024
9617,-0.088
9618,-0.017
9619,-0.039
9620,0.022
9621,0.227
9622,-0.103
9623,0.027
9624,-0.039
9625,-0.098
9626,0.007
9627,-0.056
9628,0.088
9629,0.002
9630,-0.083
9631,-0.012
9632,0.005
9633,0.017
9634,0.151
9635,0.049
9636,-0.11
9637,-0.02
9638,-0.129
9639,-0.005
9640,0.078
9641,-0.061
9642,-0.012
9643,-0.049
9644,-0.007
9645,0.095
9646,0.09
9647,0.1
9648,0.049
9649,0.083
9650,0.066
9651,0.078
9652,0.115
9653,0.137
9654,0.073
9655,0.088
9656,0.063
9657,-0.017
9658,0.024
9659,0.0
9660,-0.012
9661,0.051
9662,-0.122
9663,0.044
9664,0.022
9665,-0.007
9666,0.081
9667,0.107
9668,0.105
9669,0.151
9670,0.107
9671,0.146
9672,0.154
9673,0.046
9674,0.115
9675,0.034
9676,-0.078
9677,0.095
9678,0.068
9679,0.0
9680,-0.02
9681,-0.01
9682,-0.01
9683,-0.044
9684,0.032
9685,0.027
9686,-0.081
9687,0.012
9688,-0.054
9689,-0.12
9690,-0.015
9691,-0.039
9692,0.012
9693,0.063
9694,-0.015
9695,-0.022
9696,-0.061
9697,0.029
9698,-0.078
9699,-0.054
9700,-0.015
9701,-0.024
9702,-0.068
9703,-0.081
9704,-0.073
9705,0.005
9706,-0.095
9707,-0.085
9708,-0.098
9709,-0.02
9710,0.059
9711,-0.098
9712,-0.073
9713,-0.015
9714,0.027
9715,0.0
9716,-0.122
9717,-0.046
9718,-0.076
9719,-0.085
9720,-0.061
9721,0.063
9722,-0.076
9723,-0.024
9724,-0.066
9725,-0.054
9726,-0.007
9727,0.017
9728,0.09
9729,-0.01
9730,0.063
9731,0.056
9732,0.037
9733,0.066
9734,0.056
9735,0.034
9736,0.083
9737,0.071
9738,0.042
9739,0.061
9740,0.068
9741,0.105
9742,0.017
9743,0.042
9744,0.083
9745,0.117
9746,0.105
9747,0.095
9748,0.02
9749,0.081
9750,0.134
9751,0.054
9752,0.078
9753,0.034
9754,0.129
9755,0.049
9756,0.115
9757,0.059
9758,0.066
9759,0.068
9760,0.037
9761,0.054
9762,0.007
9763,0.029
9764,0.068
9765,0.042
9766,0.19
9767,0.144
9768,0.112
9769,0.024
9770,0.095
9771,0.049
9772,0.081
9773,0.137
9774,0.159
9775,0.129
9776,-0.046
9777,0.056
9778,0.076
9779,0.051
9780,0.054
9781,-0.034
9782,0.081
9783,0.125
9784,-0.076
9785,0.002
9786,0.063
9787,-0.002
9788,0.132
9789,-0.02
9790,-0.105
9791,-0.032
9792,0.125
9793,0.037
9794,-0.034
9795,-0.027
9796,-0.098
9797,-0.056
9798,0.02
9799,-0.063
9800,-0.085
9801,-0.032
9802,0.015
9803,-0.037
9804,-0.107
9805,0.039
9806,-0.002
9807,0.027
9808,-0.022
9809,0.029
9810,0.095
9811,-0.046
9812,0.037
9813,-0.022
9814,0.005
9815,-0.039
9816,-0.017
9817,0.059
9818,0.015
9819,-0.017
9820,-0.046
9821,-0.032
9822,-0.081
9823,-0.017
9824,-0.044
9825,-0.059
9826,0.012
9827,-0.02
9828,-0.032
9829,0.044
9830,0.071
9831,-0.029
9832,0.051
9833,0.063
9834,0.085
9835,-0.007
9836,0.032
9837,-0.027
9838,-0.039
9839,-0.068
9840,-0.117
9841,-0.068
9842,0.017
9843,0.051
9844,-0.027
9845,-0.017
9846,0.078
9847,0.01
9848,0.024
9849,-0.002
9850,0.09
9851,0.034
9852,0.024
9853,0.056
9854,-0.046
9855,0.066
9856,0.017
9857,-0.012
9858,-0.02
9859,-0.139
9860,-0.103
9861,-0.112
9862,-0.059
9863,0.024
9864,0.093
9865,-0.059
9866,-0.049
9867,-0.039
9868,-0.063
9869,0.046
9870,0.034
9871,-0.034
9872,0.039
9873,0.127
9874,0.061
9875,-0.078
9876,-0.032
9877,-0.049
9878,-0.073
9879,-0.015
9880,-0.007
9881,-0.007
9882,0.002
9883,-0.168
9884,-0.154
9885,-0.076
9886,-0.042
9887,0.054
9888,0.027
9889,-0.105
9890,-0.073
9891,-0.085
9892,0.017
9893,-0.002
9894,-0.076
9895,0.039
9896,0.071
9897,-0.095
9898,-0.103
9899,-0.015
9900,0.01
9901,-0.208
9902,-0.122
9903,-0.071
9904,-0.051
9905,0.051
9906,-0.09
9907,-0.127
9908,-0.117
9909,-0.146
9910,-0.022
9911,-0.066
9912,-0.09
9913,-0.042
9914,-0.022
9915,-0.061
9916,-0.044
9917,-0.059
9918,-0.034
9919,-0.073
9920,-0.066
9921,-0.061
9922,-0.061
9923,-0.029
9924,-0.051
9925,-0.12
9926,-0.105
9927,0.032
9928,0.071
9929,-0.046
9930,-0.007
9931,-0.02
9932,-0.037
9933,0.059
9934,-0.037
9935,0.01
9936,-0.127
9937,-0.134
9938,-0.061
9939,-0.105
9940,-0.107
9941,-0.095
9942,-0.042
9943,-0.037
9944,-0.061
9945,-0.051
9946,-0.073
9947,-0.088
9948,-0.073
9949,0.015
9950,0.063
9951,-0.049
9952,-0.059
9953,-0.024
9954,-0.146
9955,-0.139
9956,-0.115
9957,-0.042
9958,-0.063
9959,-0.098
9960,-0.051
9961,-0.134
9962,-0.059
9963,-0.083
9964,-0.107
9965,-0.112
9966,-0.083
9967,-0.088
9968,-0.063
9969,-0.054
9970,-0.037
9971,-0.015
9972,0.073
9973,-0.005
9974,0.007
9975,-0.059
9976,-0.01
9977,-0.012
9978,-0.029
9979,-0.068
9980,-0.015
9981,-0.012
9982,-0.015
9983,-0.02
9984,-0.073
9985,-0.093
9986,-0.017
9987,0.027
9988,0.029
9989,0.059
9990,0.061
9991,0.066
9992,0.183
9993,0.09
9994,0.015
9995,-0.073
9996,0.134
9997,0.088
9998,0.017
9999,0.012
10000,-0.039
10001,-0.071
10002,-0.02
10003,-0.159
10004,-0.046
10005,-0.002
10006,0.0
10007,-0.09
10008,-0.073
10009,0.029
10010,-0.002
10011,0.029
10012,-0.017
10013,-0.015
10014,0.144
10015,0.017
10016,-0.015
10017,0.039
10018,0.005
10019,0.037
10020,-0.056
10021,-0.015
10022,0.015
10023,0.029
10024,0.063
10025,-0.056
10026,-0.146
10027,0.076
10028,0.015
10029,-0.029
10030,-0.007
10031,-0.037
10032,0.105
10033,0.063
10034,-0.037
10035,0.002
10036,0.049
10037,0.115
10038,-0.061
10039,-0.161
10040,0.051
10041,-0.01
10042,-0.061
10043,0.037
10044,-0.09
10045,-0.076
10046,-0.171
10047,-0.078
10048,-0.132
10049,-0.181
10050,0.049
10051,0.022
10052,-0.01
10053,0.051
10054,0.037
10055,0.127
10056,0.024
10057,0.059
10058,0.129
10059,0.005
10060,0.105
10061,0.051
10062,0.005
10063,-0.044
10064,-0.083
10065,-0.002
10066,0.068
10067,0.024
10068,-0.012
10069,0.044
10070,0.032
10071,0.012
10072,0.0
10073,-0.044
10074,0.032
10075,0.066
10076,0.042
10077,0.022
10078,0.051
10079,0.024
10080,0.059
10081,0.027
10082,0.002
10083,0.044
10084,-0.09
10085,-0.083
10086,-0.061
10087,0.005
10088,0.083
10089,-0.015
10090,0.049
10091,0.056
10092,0.029
10093,0.007
10094,0.063
10095,0.029
10096,0.012
10097,0.022
10098,0.029
10099,0.107
10100,0.022
10101,0.081
10102,0.095
10103,0.071
10104,-0.005
10105,-0.012
10106,-0.02
10107,-0.02
10108,-0.002
10109,-0.063
10110,-0.007
10111,0.063
10112,-0.032
10113,-0.012
10114,-0.056
10115,-0.029
10116,0.051
10117,-0.129
10118,-0.085
10119,-0.085
10120,-0.112
10121,0.027
10122,-0.042
10123,-0.117
10124,-0.132
10125,-0.054
10126,-0.02
10127,-0.088
10128,-0.049
10129,-0.049
10130,0.01
10131,-0.012
10132,0.046
10133,0.122
10134,0.083
10135,0.11
10136,0.127
10137,-0.051
10138,0.061
10139,0.046
10140,0.022
10141,-0.007
10142,-0.044
10143,-0.039
10144,0.01
10145,-0.066
10146,-0.073
10147,-0.203
10148,-0.103
10149,-0.024
10150,-0.12
10151,-0.107
10152,-0.024
10153,0.032
10154,0.09
10155,0.039
10156,0.005
10157,0.007
10158,0.066
10159,0.098
10160,0.103
10161,0.142
10162,0.027
10163,0.034
10164,0.063
10165,0.024
10166,0.056
10167,-0.005
10168,0.044
10169,0.139
10170,-0.002
10171,0.027
10172,0.132
10173,0.159
10174,0.054
10175,0.037
10176,0.183
10177,0.122
10178,0.039
10179,0.044
10180,0.051
10181,0.127
10182,0.068
10183,0.117
10184,-0.007
10185,-0.005
10186,0.01
10187,0.032
10188,-0.012
10189,0.002
10190,-0.063
10191,0.093
10192,-0.024
10193,-0.032
10194,0.083
10195,0.027
10196,0.044
10197,-0.024
10198,0.081
10199,0.01
10200,0.027
10201,0.049
10202,0.151
10203,0.139
10204,0.088
10205,0.112
10206,0.044
10207,-0.059
10208,-0.049
10209,0.054
10210,-0.032
10211,-0.037
10212,0.017
10213,-0.015
10214,0.146
10215,0.059
10216,-0.098
10217,0.103
10218,-0.024
10219,-0.049
10220,0.012
10221,-0.122
10222,-0.015
10223,-0.066
10224,-0.044
10225,-0.127
10226,-0.161
10227,0.032
10228,-0.063
10229,-0.125
10230,-0.103
10231,-0.098
10232,0.007
10233,-0.015
10234,-0.029
10235,-0.015
10236,0.085
10237,0.076
10238,0.049
10239,0.061
10240,0.076
10241,0.144
10242,0.027
10243,-0.071
10244,0.012
10245,0.066
10246,-0.002
10247,0.029
10248,-0.061
10249,0.181
10250,0.093
10251,-0.151
10252,0.029
10253,0.061
10254,0.1
10255,-0.012
10256,-0.005
10257,0.042
10258,0.034
10259,0.024
10260,0.161
10261,0.051
10262,0.027
10263,0.032
10264,-0.046
10265,-0.056
10266,0.112
10267,-0.046
10268,-0.034
10269,-0.037
10270,0.012
10271,0.02
10272,-0.085
10273,-0.1
10274,-0.022
10275,0.029
10276,0.083
10277,0.093
10278,0.046
10279,0.056
10280,0.068
10281,-0.042
10282,-0.01
10283,0.159
10284,0.095
10285,0.083
10286,-0.071
10287,0.002
10288,0.032
10289,0.032
10290,-0.071
10291,-0.056
10292,0.007
10293,-0.032
10294,-0.125
10295,0.049
10296,-0.046
10297,-0.044
10298,-0.027
10299,-0.034
10300,-0.059
10301,-0.056
10302,-0.054
10303,0.032
10304,-0.132
10305,-0.066
10306,0.063
10307,0.02
10308,-0.022
10309,-0.034
10310,-0.142
10311,-0.034
10312,0.024
10313,-0.056
10314,-0.027
10315,0.115
10316,0.049
10317,0.076
10318,0.017
10319,0.049
10320,0.103
10321,0.103
10322,-0.015
10323,0.105
10324,0.068
10325,0.093
10326,-0.076
10327,-0.173
10328,0.066
10329,-0.015
10330,0.017
10331,0.002
10332,-0.068
10333,0.071
10334,0.01
10335,0.071
10336,0.076
10337,-0.039
10338,0.137
10339,0.063
10340,-0.042
10341,0.139
10342,-0.078
10343,0.061
10344,0.066
10345,-0.044
10346,0.071
10347,-0.042
10348,-0.022
10349,0.073
10350,0.012
10351,0.034
10352,0.107
10353,-0.007
10354,0.022
10355,0.005
10356,0.098
10357,0.02
10358,0.117
10359,0.073
10360,-0.081
10361,0.039
10362,0.081
10363,0.105
10364,0.088
10365,0.12
10366,0.015
10367,0.051
10368,0.151
10369,-0.022
10370,-0.095
10371,0.015
10372,-0.005
10373,0.056
10374,0.171
10375,0.205
10376,-0.12
10377,-0.051
10378,0.122
10379,0.063
10380,0.046
10381,0.007
10382,0.156
10383,0.056
10384,-0.002
10385,-0.061
10386,-0.232
10387,-0.051
10388,0.015
10389,-0.125
10390,-0.161
10391,-0.127
10392,-0.01
10393,0.015
10394,-0.068
10395,-0.129
10396,-0.061
10397,0.051
10398,0.054
10399,-0.059
10400,0.015
10401,0.012
10402,-0.037
10403,-0.049
10404,-0.149
10405,-0.02
10406,-0.059
10407,-0.081
10408,-0.007
10409,-0.085
10410,-0.063
10411,-0.076
10412,-0.093
10413,-0.049
10414,-0.112
10415,-0.063
10416,0.024
10417,-0.029
10418,-0.051
10419,0.02
10420,-0.012
10421,-0.037
10422,0.049
10423,-0.015
10424,0.059
10425,0.012
10426,0.049
10427,0.081
10428,0.029
10429,0.015
10430,-0.044
10431,-0.056
10432,-0.029
10433,0.046
10434,0.142
10435,-0.012
10436,-0.01
10437,-0.046
10438,-0.046
10439,0.051
10440,0.103
10441,0.078
10442,-0.063
10443,-0.024
10444,0.005
10445,0.078
10446,0.046
10447,-0.017
10448,0.034
10449,-0.015
10450,-0.1
10451,0.039
10452,0.007
10453,-0.024
10454,0.085
10455,0.107
10456,0.195
10457,0.085
10458,0.098
10459,0.176
10460,0.081
10461,0.11
10462,-0.139
10463,-0.056
10464,-0.029
10465,0.098
10466,0.093
10467,-0.176
10468,-0.144
10469,-0.039
10470,-0.056
10471,-0.027
10472,-0.046
10473,0.051
10474,0.017
10475,-0.032
10476,-0.159
10477,-0.234
10478,0.029
10479,0.071
10480,-0.076
10481,-0.076
10482,-0.083
10483,0.144
10484,0.042
10485,-0.039
10486,-0.042
10487,-0.029
10488,-0.073
10489,-0.083
10490,-0.068
10491,-0.088
10492,-0.046
10493,-0.012
10494,0.02
10495,0.002
10496,-0.012
10497,0.054
10498,0.007
10499,-0.017
10500,-0.061
10501,0.002
10502,-0.005
10503,-0.056
10504,-0.068
10505,0.032
10506,0.029
10507,-0.088
10508,0.088
10509,-0.071
10510,-0.139
10511,0.005
10512,0.02
10513,-0.068
10514,-0.139
10515,-0.081
10516,0.024
10517,0.005
10518,0.081
10519,0.046
10520,0.02
10521,-0.007
10522,-0.02
10523,0.0
10524,0.029
10525,0.017
10526,-0.002
10527,-0.054
10528,-0.095
10529,-0.056
10530,0.027
10531,-0.042
10532,0.005
10533,-0.095
10534,-0.046
10535,0.12
10536,-0.042
10537,0.132
10538,0.012
10539,-0.005
10540,0.01
10541,-0.024
10542,0.015
10543,-0.056
10544,-0.01
10545,-0.037
10546,-0.034
10547,-0.037
10548,-0.11
10549,-0.061
10550,0.034
10551,-0.012
10552,0.049
10553,-0.046
10554,-0.002
10555,0.032
10556,-0.068
10557,-0.066
10558,-0.012
10559,0.002
10560,0.034
10561,0.02
10562,-0.051
10563,-0.039
10564,-0.015
10565,-0.095
10566,-0.081
10567,-0.103
10568,-0.012
10569,0.024
10570,-0.11
10571,-0.095
10572,-0.11
10573,0.024
10574,0.061
10575,-0.059
10576,-0.005
10577,-0.029
10578,-0.139
10579,-0.002
10580,0.017
10581,0.051
10582,0.051
10583,-0.012
10584,0.042
10585,0.049
10586,0.066
10587,0.034
10588,-0.029
10589,-0.017
10590,-0.063
10591,-0.034
10592,-0.051
10593,-0.085
10594,0.0
10595,-0.081
10596,0.042
10597,-0.02
10598,-0.02
10599,0.117
10600,0.039
10601,0.056
10602,0.078
10603,0.083
10604,-0.02
10605,-0.012
10606,0.105
10607,0.037
10608,-0.015
10609,-0.081
10610,-0.049
10611,-0.154
10612,-0.015
10613,-0.049
10614,-0.068
10615,0.034
10616,-0.073
10617,-0.056
10618,0.005
10619,0.037
10620,0.017
10621,-0.02
10622,0.015
10623,0.105
10624,0.002
10625,0.107
10626,0.1
10627,0.032
10628,0.149
10629,0.054
10630,-0.034
10631,0.042
10632,-0.066
10633,-0.046
10634,-0.034
10635,-0.12
10636,-0.017
10637,-0.049
10638,-0.11
10639,-0.107
10640,0.046
10641,0.127
10642,-0.027
10643,-0.042
10644,-0.007
10645,-0.024
10646,0.081
10647,0.027
10648,0.007
10649,-0.032
10650,0.012
10651,-0.066
10652,0.017
10653,-0.02
10654,-0.103
10655,-0.029
10656,0.007
10657,-0.054
10658,-0.063
10659,0.027
10660,-0.049
10661,-0.01
10662,0.02
10663,-0.027
10664,0.022
10665,-0.017
10666,-0.049
10667,0.002
10668,0.032
10669,0.029
10670,0.015
10671,-0.034
10672,-0.027
10673,-0.107
10674,-0.061
10675,-0.007
10676,-0.083
10677,-0.017
10678,-0.007
10679,-0.034
10680,0.007
10681,0.012
10682,0.046
10683,0.051
10684,0.032
10685,0.093
10686,0.088
10687,0.017
10688,0.032
10689,0.034
10690,0.049
10691,0.022
10692,0.034
10693,0.088
10694,-0.039
10695,0.027
10696,0.112
10697,0.088
10698,-0.059
10699,-0.022
10700,0.127
10701,0.129
10702,-0.046
10703,-0.059
10704,0.081
10705,0.146
10706,0.063
10707,-0.024
10708,-0.098
10709,-0.137
10710,-0.044
10711,0.044
10712,-0.081
10713,-0.034
10714,0.002
10715,0.068
10716,-0.076
10717,-0.1
10718,0.039
10719,0.088
10720,0.115
10721,-0.073
10722,0.005
10723,0.125
10724,0.073
10725,0.046
10726,-0.098
10727,-0.037
10728,0.071
10729,-0.039
10730,0.066
10731,-0.085
10732,-0.039
10733,0.085
10734,-0.078
10735,-0.095
10736,-0.032
10737,0.039
10738,0.054
10739,-0.051
10740,-0.083
10741,0.037
10742,0.085
10743,0.049
10744,0.051
10745,0.0
10746,0.042
10747,-0.039
10748,-0.032
10749,0.037
10750,-0.02
10751,0.063
10752,-0.017
10753,-0.044
10754,-0.103
10755,-0.073
10756,-0.051
10757,-0.037
10758,0.015
10759,0.01
10760,-0.046
10761,0.007
10762,-0.076
10763,0.022
10764,0.085
10765,-0.015
10766,-0.073
10767,0.049
10768,0.098
10769,-0.01
10770,0.017
10771,-0.076
10772,0.022
10773,-0.022
10774,-0.054
10775,-0.054
10776,-0.164
10777,0.1
10778,0.063
10779,-0.039
10780,0.046
10781,0.071
10782,0.083
10783,0.088
10784,-0.049
10785,0.012
10786,0.081
10787,-0.024
10788,0.093
10789,0.042
10790,-0.034
10791,0.068
10792,-0.054
10793,0.002
10794,-0.093
10795,-0.105
10796,0.015
10797,0.039
10798,-0.002
10799,-0.012
10800,0.11
10801,0.032
10802,0.107
10803,0.056
10804,0.056
10805,0.059
10806,0.149
10807,0.042
10808,0.02
10809,-0.022
10810,0.0
10811,-0.085
10812,-0.071
10813,-0.01
10814,-0.081
10815,-0.046
10816,-0.085
10817,-0.037
10818,0.042
10819,0.002
10820,0.012
10821,-0.01
10822,-0.034
10823,0.039
10824,-0.039
10825,0.005
10826,0.005
10827,-0.115
10828,-0.005
10829,0.022
10830,0.039
10831,-0.017
10832,-0.105
10833,-0.068
10834,-0.005
10835,0.007
10836,-0.017
10837,-0.088
10838,-0.12
10839,0.066
10840,0.027
10841,-0.046
10842,-0.071
10843,-0.063
10844,0.002
10845,-0.056
10846,0.024
10847,-0.09
10848,-0.007
10849,-0.085
10850,-0.088
10851,0.083
10852,0.027
10853,-0.037
10854,-0.037
10855,-0.037
10856,0.0
10857,0.042
10858,-0.073
10859,-0.022
10860,0.022
10861,-0.015
10862,0.037
10863,-0.037
10864,0.002
10865,0.234
10866,0.088
10867,0.046
10868,0.005
10869,-0.032
10870,0.098
10871,0.056
10872,-0.054
10873,0.027
10874,0.059
10875,0.078
10876,-0.061
10877,-0.029
10878,-0.054
10879,0.024
10880,0.146
10881,-0.046
10882,0.02
10883,0.149
10884,0.029
10885,0.005
10886,0.09
10887,-0.029
10888,-0.015
10889,-0.024
10890,0.022
10891,-0.015
10892,-0.032
10893,0.039
10894,-0.034
10895,0.002
10896,-0.129
10897,0.027
10898,-0.022
10899,-0.049
10900,-0.115
10901,-0.042
10902,-0.024
10903,-0.068
10904,-0.015
10905,-0.002
10906,0.073
10907,0.032
10908,0.027
10909,0.049
10910,0.02
10911,-0.068
10912,-0.044
10913,0.034
10914,-0.059
10915,-0.037
10916,-0.061
10917,-0.044
10918,-0.039
10919,-0.051
10920,-0.063
10921,-0.002
10922,-0.012
10923,0.02
10924,-0.017
10925,0.029
10926,-0.005
10927,0.049
10928,-0.054
10929,0.066
10930,0.034
10931,-0.046
10932,-0.142
10933,-0.056
10934,-0.015
10935,0.029
10936,-0.059
10937,-0.037
10938,0.046
10939,0.046
10940,0.02
10941,-0.034
10942,0.015
10943,0.044
10944,0.054
10945,-0.002
10946,0.098
10947,0.076
10948,0.09
10949,0.061
10950,-0.032
10951,0.054
10952,-0.046
10953,-0.032
10954,0.061
10955,-0.056
10956,-0.002
10957,0.061
10958,-0.037
10959,0.01
10960,-0.054
10961,-0.076
10962,-0.005
10963,-0.005
10964,-0.007
10965,0.076
10966,0.061
10967,0.034
10968,0.056
10969,-0.01
10970,-0.012
10971,0.027
10972,-0.059
10973,-0.051
10974,0.024
10975,0.073
10976,0.024
10977,-0.09
10978,-0.132
10979,-0.029
10980,0.017
10981,0.02
10982,0.012
10983,0.056
10984,0.117
10985,0.044
10986,0.095
10987,-0.027
10988,0.066
10989,0.168
10990,-0.024
10991,0.002
10992,-0.007
10993,0.044
10994,-0.027
10995,-0.181
10996,-0.034
10997,0.063
10998,-0.029
10999,-0.098
11000,-0.144
11001,-0.078
11002,0.005
11003,0.044
11004,0.034
11005,-0.09
11006,0.005
11007,-0.012
11008,-0.063
11009,0.002
11010,-0.032
11011,0.002
11012,-0.017
11013,-0.051
11014,0.007
11015,0.024
11016,-0.044
11017,-0.112
11018,-0.083
11019,-0.034
11020,0.044
11021,-0.073
11022,0.015
11023,0.007
11024,0.01
11025,0.029
11026,-0.012
11027,-0.107
11028,-0.007
11029,-0.022
11030,0.0
11031,0.059
11032,0.02
11033,0.117
11034,-0.024
11035,-0.027
11036,-0.022
11037,0.022
11038,0.056
11039,0.029
11040,-0.015
11041,0.039
11042,0.073
11043,0.049
11044,0.01
11045,0.017
11046,0.039
11047,-0.002
11048,-0.024
11049,0.081
11050,0.098
11051,0.103
11052,0.09
11053,0.037
11054,0.049
11055,-0.012
11056,-0.005
11057,0.171
11058,0.083
11059,0.032
11060,0.029
11061,0.059
11062,0.137
11063,-0.002
11064,0.046
11065,0.081
11066,-0.005
11067,0.039
11068,0.088
11069,0.046
11070,0.039
11071,-0.017
11072,-0.085
11073,0.042
11074,-0.034
11075,-0.027
11076,-0.068
11077,-0.054
11078,-0.015
11079,-0.056
11080,-0.156
11081,-0.012
11082,-0.017
11083,-0.073
11084,0.081
11085,-0.024
11086,-0.095
11087,-0.076
11088,-0.005
11089,-0.032
11090,-0.073
11091,-0.115
11092,-0.073
11093,-0.056
11094,-0.073
11095,-0.022
11096,0.012
11097,-0.078
11098,-0.144
11099,-0.083
11100,0.022
11101,-0.007
11102,-0.022
11103,0.024
11104,0.095
11105,0.073
11106,-0.015
11107,0.017
11108,0.115
11109,-0.01
11110,0.051
11111,0.071
11112,0.049
11113,0.176
11114,0.007
11115,0.054
11116,-0.012
11117,-0.044
11118,-0.032
11119,0.056
11120,0.024
11121,0.01
11122,0.078
11123,0.017
11124,0.01
11125,0.02
11126,-0.039
11127,-0.054
11128,0.083
11129,0.068
11130,0.024
11131,0.049
11132,0.12
11133,0.071
11134,-0.161
11135,-0.01
11136,0.046
11137,0.034
11138,0.049
11139,0.042
11140,-0.01
11141,-0.017
11142,0.0
11143,-0.01
11144,-0.037
11145,-0.132
11146,0.076
11147,0.146
11148,0.032
11149,0.005
11150,0.027
11151,0.061
11152,-0.012
11153,-0.061
11154,0.039
11155,0.11
11156,0.098
11157,0.0
11158,-0.032
11159,-0.042
11160,-0.095
11161,-0.12
11162,-0.068
11163,-0.112
11164,-0.012
11165,-0.039
11166,0.071
11167,-0.095
11168,-0.022
11169,-0.015
11170,-0.024
11171,-0.01
11172,0.017
11173,0.034
11174,-0.017
11175,-0.107
11176,-0.095
11177,0.01
11178,0.012
11179,-0.081
11180,-0.078
11181,-0.034
11182,-0.032
11183,-0.076
11184,-0.029
11185,0.007
11186,-0.01
11187,-0.037
11188,-0.027
11189,0.137
11190,0.115
11191,-0.061
11192,-0.049
11193,0.027
11194,-0.007
11195,0.012
11196,-0.032
11197,0.015
11198,-0.073
11199,-0.061
11200,-0.054
11201,-0.054
11202,-0.059
11203,-0.068
11204,0.0
11205,0.017
11206,0.127
11207,0.066
11208,-0.005
11209,0.063
11210,0.022
11211,0.039
11212,0.142
11213,0.044
11214,0.127
11215,0.063
11216,0.002
11217,0.051
11218,0.002
11219,-0.063
11220,-0.078
11221,-0.093
11222,0.007
11223,-0.073
11224,-0.046
11225,0.078
11226,0.115
11227,-0.005
11228,0.1
11229,0.095
11230,0.034
11231,0.105
11232,0.056
11233,0.037
11234,0.056
11235,0.046
11236,0.044
11237,0.093
11238,0.054
11239,-0.042
11240,-0.127
11241,-0.115
11242,0.132
11243,0.039
11244,-0.029
11245,-0.002
11246,-0.088
11247,0.02
11248,0.046
11249,-0.11
11250,0.012
11251,0.105
11252,0.095
11253,-0.044
11254,-0.129
11255,0.0
11256,0.149
11257,-0.061
11258,-0.093
11259,-0.066
11260,-0.037
11261,-0.188
11262,-0.095
11263,-0.164
11264,-0.112
11265,-0.105
11266,-0.144
11267,-0.129
11268,-0.217
11269,-0.056
11270,0.061
11271,-0.015
11272,0.01
11273,-0.012
11274,0.056
11275,0.054
11276,-0.1
11277,0.034
11278,0.11
11279,0.088
11280,0.007
11281,-0.085
11282,0.149
11283,0.0
11284,0.042
11285,0.017
11286,-0.129
11287,0.012
11288,-0.063
11289,-0.144
11290,-0.022
11291,0.027
11292,0.002
11293,-0.046
11294,0.024
11295,0.002
11296,-0.027
11297,0.078
11298,-0.044
11299,-0.02
11300,0.134
11301,0.078
11302,-0.09
11303,-0.068
11304,0.037
11305,-0.046
11306,-0.012
11307,-0.054
11308,0.051
11309,0.02
11310,0.032
11311,0.005
11312,0.095
11313,0.183
11314,0.01
11315,0.015
11316,0.049
11317,0.215
11318,0.125
11319,0.071
11320,-0.024
11321,0.01
11322,-0.149
11323,-0.012
11324,-0.168
11325,-0.149
11326,0.154
11327,0.11
11328,0.0
11329,-0.083
11330,-0.083
11331,-0.024
11332,0.01
11333,0.051
11334,0.054
11335,0.115
11336,0.11
11337,0.059
11338,0.059
11339,0.054
11340,0.034
11341,0.046
11342,0.049
11343,0.024
11344,-0.098
11345,-0.164
11346,0.032
11347,-0.098
11348,-0.112
11349,-0.002
11350,0.044
11351,-0.125
11352,0.01
11353,-0.073
11354,-0.066
11355,0.037
11356,-0.017
11357,0.049
11358,-0.044
11359,-0.032
11360,-0.02
11361,-0.056
11362,-0.061
11363,-0.059
11364,0.1
11365,0.022
11366,-0.081
11367,-0.098
11368,-0.088
11369,-0.034
11370,0.024
11371,-0.015
11372,0.063
11373,-0.049
11374,-0.017
11375,0.044
11376,0.068
11377,0.088
11378,-0.039
11379,0.01
11380,0.09
11381,0.024
11382,-0.027
11383,0.063
11384,0.054
11385,0.068
11386,-0.02
11387,-0.068
11388,-0.056
11389,-0.039
11390,0.139
11391,0.034
11392,-0.024
11393,0.061
11394,0.112
11395,0.146
11396,-0.022
11397,-0.01
11398,-0.051
11399,0.107
11400,-0.02
11401,-0.022
11402,0.115
11403,0.032
11404,0.037
11405,-0.017
11406,-0.081
11407,0.005
11408,-0.029
11409,0.098
11410,-0.039
11411,-0.078
11412,0.015
11413,-0.098
11414,-0.066
11415,-0.029
11416,-0.051
11417,0.017
11418,-0.076
11419,-0.063
11420,-0.059
11421,-0.044
11422,-0.002
11423,-0.117
11424,-0.105
11425,-0.007
11426,-0.029
11427,-0.068
11428,-0.1
11429,-0.037
11430,0.054
11431,-0.037
11432,-0.066
11433,-0.054
11434,0.01
11435,0.078
11436,0.02
11437,-0.02
11438,-0.017
11439,0.0
11440,-0.017
11441,-0.076
11442,-0.21
11443,-0.01
11444,0.0
11445,-0.134
11446,-0.09
11447,-0.168
11448,-0.081
11449,-0.054
11450,-0.056
11451,0.061
11452,0.027
11453,0.029
11454,-0.068
11455,-0.071
11456,0.029
11457,0.046
11458,0.029
11459,0.061
11460,0.015
11461,-0.005
11462,0.015
11463,0.061
11464,-0.01
11465,-0.012
11466,0.0
11467,0.032
11468,-0.002
11469,-0.022
11470,-0.068
11471,-0.039
11472,0.034
11473,-0.017
11474,-0.029
11475,0.007
11476,-0.032
11477,-0.029
11478,0.0
11479,-0.049
11480,-0.107
11481,-0.039
11482,0.01
11483,-0.098
11484,-0.12
11485,-0.012
11486,-0.01
11487,-0.073
11488,0.01
11489,-0.037
11490,-0.059
11491,-0.017
11492,0.063
11493,0.005
11494,-0.015
11495,0.081
11496,0.071
11497,0.061
11498,0.005
11499,0.073
11500,0.09
11501,0.125
11502,-0.063
11503,-0.088
11504,-0.01
11505,0.015
11506,-0.073
11507,-0.029
11508,0.0
11509,-0.027
11510,-0.112
11511,-0.024
11512,-0.1
11513,-0.083
11514,0.081
11515,0.056
11516,0.0
11517,0.007
11518,-0.037
11519,-0.103
11520,-0.027
11521,0.024
11522,-0.022
11523,0.007
11524,-0.054
11525,0.012
11526,-0.063
11527,-0.105
11528,0.022
11529,-0.068
11530,-0.076
11531,-0.146
11532,0.042
11533,0.024
11534,-0.095
11535,-0.01
11536,-0.017
11537,0.032
11538,0.073
11539,0.037
11540,-0.154
11541,-0.037
11542,0.044
11543,0.002
11544,-0.115
11545,-0.11
11546,0.007
11547,-0.005
11548,-0.029
11549,-0.105
11550,-0.078
11551,0.105
11552,0.081
11553,-0.042
11554,-0.039
11555,0.005
11556,0.068
11557,-0.049
11558,-0.063
11559,0.081
11560,0.154
11561,0.02
11562,-0.161
11563,0.083
11564,0.164
11565,0.056
11566,0.01
11567,-0.112
11568,0.049
11569,0.032
11570,-0.024
11571,-0.029
11572,-0.037
11573,0.015
11574,0.012
11575,-0.09
11576,-0.017
11577,0.012
11578,0.039
11579,-0.012
11580,-0.061
11581,0.071
11582,0.156
11583,0.076
11584,-0.068
11585,-0.024
11586,0.103
11587,0.173
11588,0.083
11589,-0.063
11590,-0.007
11591,0.017
11592,-0.098
11593,-0.09
11594,0.017
11595,0.005
11596,-0.09
11597,0.039
11598,-0.093
11599,-0.068
11600,-0.01
11601,0.085
11602,-0.024
11603,-0.066
11604,-0.022
11605,0.027
11606,0.034
11607,-0.002
11608,0.044
11609,-0.078
11610,0.032
11611,-0.024
11612,-0.078
11613,-0.002
11614,-0.068
11615,-0.024
11616,0.056
11617,-0.012
11618,-0.061
11619,-0.044
11620,0.112
11621,0.1
11622,0.054
11623,0.005
11624,0.046
11625,0.054
11626,0.051
11627,0.054
11628,0.044
11629,0.105
11630,0.09
11631,0.032
11632,-0.034
11633,-0.029
11634,0.063
11635,0.02
11636,0.005
11637,0.061
11638,-0.01
11639,0.039
11640,0.02
11641,0.076
11642,0.071
11643,0.103
11644,0.059
11645,0.005
11646,-0.024
11647,0.078
11648,0.125
11649,0.032
11650,0.066
11651,0.11
11652,0.112
11653,0.068
11654,0.039
11655,0.059
11656,0.012
11657,-0.042
11658,-0.029
11659,0.002
11660,0.02
11661,0.073
11662,0.022
11663,0.107
11664,-0.054
11665,0.034
11666,0.073
11667,0.056
11668,0.027
11669,0.012
11670,0.159
11671,0.093
11672,0.146
11673,-0.002
11674,0.012
11675,0.085
11676,0.044
11677,0.085
11678,0.21
11679,0.132
11680,-0.024
11681,-0.01
11682,-0.049
11683,0.078
11684,-0.015
11685,-0.034
11686,0.01
11687,0.088
11688,-0.012
11689,-0.083
11690,-0.098
11691,-0.017
11692,0.059
11693,-0.039
11694,-0.017
11695,-0.09
11696,-0.044
11697,-0.122
11698,-0.198
11699,-0.02
11700,-0.02
11701,-0.105
11702,0.032
11703,-0.027
11704,0.007
11705,-0.005
11706,-0.024
11707,0.034
11708,-0.093
11709,-0.022
11710,0.063
11711,0.046
11712,0.066
11713,-0.005
11714,0.063
11715,0.107
11716,0.107
11717,0.063
11718,0.044
11719,0.017
11720,0.107
11721,0.042
11722,0.105
11723,0.146
11724,0.017
11725,0.027
11726,0.032
11727,0.071
11728,0.037
11729,0.024
11730,-0.078
11731,-0.024
11732,-0.037
11733,0.015
11734,0.046
11735,-0.046
11736,-0.022
11737,0.071
11738,0.066
11739,0.068
11740,0.068
11741,0.142
11742,0.149
11743,0.022
11744,0.027
11745,0.068
11746,0.134
11747,0.022
11748,-0.029
11749,-0.034
11750,0.027
11751,0.005
11752,-0.1
11753,-0.134
11754,-0.044
11755,0.046
11756,0.051
11757,0.076
11758,0.01
11759,-0.024
11760,-0.046
11761,-0.02
11762,-0.01
11763,0.076
11764,0.105
11765,-0.046
11766,-0.083
11767,-0.1
11768,-0.134
11769,-0.061
11770,0.049
11771,0.002
11772,-0.132
11773,-0.127
11774,-0.044
11775,-0.032
11776,0.02
11777,-0.11
11778,-0.081
11779,0.002
11780,0.1
11781,-0.054
11782,-0.049
11783,0.151
11784,0.112
11785,0.032
11786,-0.112
11787,-0.063
11788,0.056
11789,0.042
11790,-0.073
11791,-0.122
11792,-0.017
11793,-0.002
11794,-0.037
11795,-0.024
11796,-0.051
11797,0.02
11798,0.024
11799,0.095
11800,0.027
11801,0.11
11802,0.059
11803,-0.005
11804,0.015
11805,0.093
11806,0.061
11807,-0.012
11808,-0.029
11809,-0.005
11810,0.039
11811,0.02
11812,0.044
11813,-0.027
11814,-0.09
11815,-0.015
11816,-0.017
11817,-0.01
11818,0.037
11819,0.005
11820,0.024
11821,0.071
11822,0.129
11823,0.081
11824,0.066
11825,0.051
11826,0.022
11827,-0.015
11828,0.029
11829,0.061
11830,-0.024
11831,-0.049
11832,-0.078
11833,-0.081
11834,-0.042
11835,0.054
11836,0.051
11837,-0.017
11838,-0.024
11839,0.022
11840,0.056
11841,-0.015
11842,0.015
11843,0.208
11844,0.002
11845,0.01
11846,0.093
11847,0.024
11848,0.027
11849,-0.061
11850,-0.078
11851,0.034
11852,-0.032
11853,0.034
11854,-0.046
11855,-0.122
11856,-0.005
11857,-0.142
11858,-0.195
11859,0.027
11860,-0.078
11861,-0.007
11862,-0.044
11863,0.039
11864,0.027
11865,-0.002
11866,-0.059
11867,-0.061
11868,-0.039
11869,-0.059
11870,0.073
11871,-0.039
11872,-0.142
11873,-0.142
11874,-0.1
11875,0.051
11876,-0.112
11877,-0.068
11878,-0.071
11879,0.059
11880,0.193
11881,-0.107
11882,-0.132
11883,0.037
11884,-0.022
11885,-0.02
11886,0.044
11887,-0.103
11888,-0.005
11889,-0.002
11890,-0.073
11891,-0.027
11892,-0.105
11893,-0.024
11894,0.02
11895,-0.068
11896,0.012
11897,0.054
11898,0.029
11899,0.054
11900,0.015
11901,-0.017
11902,0.193
11903,0.125
11904,-0.1
11905,0.022
11906,0.107
11907,0.061
11908,0.005
11909,-0.051
11910,-0.012
11911,0.012
11912,-0.056
11913,-0.044
11914,0.012
11915,0.105
11916,0.015
11917,-0.063
11918,-0.039
11919,0.0
11920,0.042
11921,0.039
11922,0.037
11923,0.01
11924,0.1
11925,0.125
11926,-0.037
11927,0.039
11928,0.063
11929,0.044
11930,-0.054
11931,-0.105
11932,-0.066
11933,-0.032
11934,-0.125
11935,-0.02
11936,-0.134
11937,0.0
11938,-0.09
11939,-0.056
11940,-0.012
11941,-0.071
11942,0.117
11943,0.0
11944,-0.002
11945,0.073
11946,-0.068
11947,-0.063
11948,-0.037
11949,-0.032
11950,0.015
11951,-0.105
11952,-0.2
11953,-0.105
11954,-0.098
11955,-0.12
11956,-0.078
11957,-0.056
11958,-0.154
11959,-0.11
11960,-0.015
11961,-0.056
11962,-0.095
11963,0.012
11964,0.02
11965,0.09
11966,-0.049
11967,-0.049
11968,-0.022
11969,-0.007
11970,-0.039
11971,0.007
11972,0.054
11973,-0.01
11974,-0.1
11975,-0.083
11976,0.007
11977,-0.066
11978,-0.181
11979,-0.129
11980,0.066
11981,-0.063
11982,-0.01
11983,-0.01
11984,0.027
11985,0.066
11986,0.066
11987,0.044
11988,0.054
11989,-0.046
11990,-0.032
11991,0.027
11992,-0.037
11993,-0.007
11994,-0.015
11995,0.027
11996,0.0
11997,-0.02
11998,0.059
11999,0.022
12000,-0.115
12001,-0.034
12002,-0.044
12003,0.088
12004,0.125
12005,-0.012
12006,0.1
12007,0.115
12008,0.171
12009,0.063
12010,-0.127
12011,-0.022
12012,0.032
12013,0.024
12014,0.005
12015,-0.032
12016,-0.012
12017,-0.007
12018,-0.02
12019,0.029
12020,0.002
12021,0.002
12022,0.073
12023,0.068
12024,0.029
12025,0.017
12026,0.012
12027,0.0
12028,-0.037
12029,-0.051
12030,-0.034
12031,-0.01
12032,-0.005
12033,-0.02
12034,0.005
12035,-0.071
12036,-0.005
12037,0.007
12038,0.002
12039,-0.166
12040,-0.073
12041,0.144
12042,-0.095
12043,-0.027
12044,-0.054
12045,0.005
12046,-0.012
12047,0.02
12048,-0.063
12049,-0.117
12050,-0.159
12051,-0.076
12052,-0.068
12053,-0.11
12054,-0.083
12055,-0.029
12056,-0.078
12057,-0.037
12058,0.037
12059,-0.107
12060,-0.095
12061,-0.017
12062,0.027
12063,-0.027
12064,0.059
12065,0.044
12066,-0.034
12067,0.098
12068,0.042
12069,0.039
12070,0.056
12071,-0.061
12072,0.034
12073,-0.056
12074,-0.066
12075,-0.066
12076,-0.005
12077,-0.017
12078,-0.1
12079,0.049
12080,0.061
12081,0.012
12082,0.027
12083,0.007
12084,0.205
12085,0.115
12086,0.007
12087,0.02
12088,-0.061
12089,0.039
12090,0.127
12091,0.005
12092,0.037
12093,0.032
12094,-0.005
12095,-0.017
12096,-0.051
12097,-0.034
12098,-0.071
12099,-0.068
12100,-0.103
12101,-0.203
12102,-0.073
12103,0.022
12104,-0.029
12105,-0.095
12106,-0.012
12107,0.071
12108,-0.039
12109,-0.029
12110,0.024
12111,-0.034
12112,-0.037
12113,-0.049
12114,-0.105
12115,-0.085
12116,-0.059
12117,-0.039
12118,-0.066
12119,0.007
12120,-0.11
12121,-0.137
12122,0.046
12123,-0.115
12124,-0.137
12125,0.059
12126,-0.056
12127,-0.083
12128,-0.107
12129,-0.029
12130,0.02
12131,-0.081
12132,0.007
12133,-0.005
12134,-0.066
12135,0.02
12136,0.034
12137,-0.049
12138,-0.007
12139,0.007
12140,-0.078
12141,-0.2
12142,-0.146
12143,0.007
12144,0.071
12145,-0.034
12146,-0.034
12147,-0.127
12148,0.032
12149,0.051
12150,0.012
12151,-0.076
12152,-0.007
12153,0.115
12154,0.068
12155,-0.005
12156,0.0
12157,0.024
12158,0.029
12159,0.066
12160,-0.017
12161,0.046
12162,0.142
12163,0.125
12164,0.078
12165,0.103
12166,0.112
12167,0.071
12168,0.002
12169,0.081
12170,0.164
12171,0.122
12172,-0.002
12173,0.01
12174,0.059
12175,0.073
12176,0.073
12177,-0.02
12178,-0.081
12179,0.046
12180,-0.002
12181,-0.1
12182,0.044
12183,0.203
12184,0.132
12185,-0.046
12186,-0.01
12187,0.066
12188,0.09
12189,0.09
12190,-0.042
12191,-0.024
12192,0.02
12193,0.0
12194,-0.002
12195,-0.042
12196,0.1
12197,0.037
12198,-0.051
12199,-0.037
12200,-0.107
12201,0.024
12202,-0.034
12203,-0.063
12204,-0.002
12205,0.029
12206,-0.002
12207,0.071
12208,-0.054
12209,0.017
12210,0.042
12211,-0.059
12212,-0.227
12213,-0.095
12214,-0.034
12215,-0.056
12216,-0.083
12217,-0.049
12218,-0.088
12219,-0.051
12220,-0.037
12221,-0.005
12222,-0.066
12223,-0.105
12224,-0.046
12225,0.042
12226,0.085
12227,-0.059
12228,-0.007
12229,0.037
12230,-0.005
12231,0.022
12232,-0.01
12233,-0.024
12234,0.063
12235,0.088
12236,0.059
12237,0.0
12238,0.063
12239,0.083
12240,0.071
12241,0.098
12242,-0.005
12243,-0.024
12244,-0.024
12245,0.059
12246,0.059
12247,0.105
12248,0.063
12249,0.044
12250,0.085
12251,-0.051
12252,-0.002
12253,0.056
12254,0.078
12255,0.044
12256,0.01
12257,0.105
12258,0.002
12259,0.083
12260,0.1
12261,0.168
12262,-0.024
12263,-0.051
12264,0.005
12265,0.129
12266,0.122
12267,0.073
12268,0.085
12269,0.037
12270,-0.002
12271,0.007
12272,0.09
12273,0.01
12274,0.02
12275,-0.063
12276,0.037
12277,-0.034
12278,-0.049
12279,0.02
12280,-0.081
12281,0.088
12282,0.029
12283,0.024
12284,0.11
12285,0.129
12286,0.061
12287,-0.063
12288,-0.107
12289,-0.068
12290,-0.105
12291,-0.037
12292,-0.078
12293,-0.051
12294,-0.012
12295,-0.171
12296,-0.071
12297,-0.027
12298,-0.103
12299,-0.098
12300,-0.056
12301,-0.063
12302,-0.056
12303,-0.137
12304,-0.076
12305,-0.029
12306,-0.122
12307,-0.095
12308,-0.085
12309,-0.029
12310,0.054
12311,-0.073
12312,-0.188
12313,-0.083
12314,-0.015
12315,-0.034
12316,-0.061
12317,-0.154
12318,-0.029
12319,-0.054
12320,-0.107
12321,-0.022
12322,0.02
12323,-0.002
12324,0.017
12325,0.005
12326,-0.049
12327,0.042
12328,0.042
12329,-0.02
12330,0.027
12331,0.117
12332,-0.066
12333,-0.081
12334,0.085
12335,-0.024
12336,-0.061
12337,0.015
12338,-0.137
12339,-0.112
12340,-0.129
12341,-0.068
12342,0.085
12343,0.061
12344,-0.085
12345,0.039
12346,0.051
12347,0.044
12348,0.068
12349,0.054
12350,0.176
12351,0.181
12352,0.203
12353,0.117
12354,0.063
12355,0.02
12356,-0.02
12357,-0.02
12358,-0.024
12359,-0.056
12360,0.117
12361,0.012
12362,0.105
12363,0.022
12364,0.066
12365,0.071
12366,0.034
12367,0.125
12368,-0.066
12369,0.034
12370,0.042
12371,-0.002
12372,0.088
12373,0.024
12374,-0.005
12375,0.051
12376,0.002
12377,0.088
12378,0.01
12379,-0.056
12380,-0.142
12381,0.002
12382,-0.098
12383,-0.195
12384,-0.081
12385,-0.046
12386,0.0
12387,-0.066
12388,-0.088
12389,-0.085
12390,0.027
12391,0.022
12392,-0.12
12393,-0.005
12394,-0.1
12395,0.005
12396,0.015
12397,-0.088
12398,-0.049
12399,0.007
12400,-0.081
12401,0.029
12402,0.007
12403,-0.076
12404,0.02
12405,0.11
12406,-0.012
12407,0.083
12408,0.005
12409,-0.015
12410,0.037
12411,-0.068
12412,-0.049
12413,0.078
12414,0.01
12415,0.051
12416,0.032
12417,-0.01
12418,0.088
12419,0.107
12420,-0.046
12421,0.081
12422,-0.049
12423,-0.061
12424,-0.078
12425,0.015
12426,0.002
12427,-0.012
12428,0.032
12429,-0.037
12430,0.002
12431,0.085
12432,0.015
12433,0.0
12434,0.095
12435,0.066
12436,-0.034
12437,0.002
12438,0.095
12439,0.098
12440,-0.002
12441,-0.046
12442,0.078
12443,0.117
12444,0.115
12445,-0.159
12446,0.02
12447,0.178
12448,0.073
12449,0.112
12450,0.049
12451,0.059
12452,0.166
12453,0.022
12454,0.002
12455,0.127
12456,0.088
12457,0.051
12458,-0.029
12459,0.122
12460,-0.022
12461,-0.027
12462,0.076
12463,-0.01
12464,-0.012
12465,0.078
12466,0.034
12467,-0.007
12468,-0.02
12469,-0.042
12470,0.002
12471,0.063
12472,0.022
12473,0.076
12474,0.002
12475,-0.039
12476,-0.017
12477,-0.027
12478,-0.073
12479,0.042
12480,-0.039
12481,-0.073
12482,0.022
12483,0.049
12484,-0.002
12485,-0.095
12486,0.0
12487,-0.034
12488,0.063
12489,-0.032
12490,0.161
12491,0.098
12492,0.049
12493,0.186
12494,-0.02
12495,-0.068
12496,0.056
12497,-0.017
12498,0.024
12499,-0.01
12500,-0.034
12501,-0.039
12502,-0.022
12503,0.037
12504,-0.012
12505,-0.061
12506,-0.024
12507,-0.039
12508,0.146
12509,0.059
12510,0.034
12511,0.085
12512,0.059
12513,0.066
12514,-0.012
12515,0.103
12516,0.071
12517,-0.012
12518,0.022
12519,0.093
12520,0.046
12521,-0.049
12522,-0.005
12523,0.1
12524,0.024
12525,0.049
12526,0.024
12527,0.037
12528,0.154
12529,0.168
12530,0.059
12531,-0.022
12532,0.159
12533,0.161
12534,0.063
12535,0.051
12536,0.051
12537,0.061
12538,0.049
12539,0.068
12540,-0.005
12541,0.017
12542,0.039
12543,-0.037
12544,-0.005
12545,0.063
12546,0.037
12547,0.046
12548,0.027
12549,-0.042
12550,0.066
12551,0.007
12552,-0.032
12553,-0.037
12554,-0.02
12555,0.029
12556,0.081
12557,0.024
12558,0.002
12559,-0.059
12560,-0.085
12561,0.042
12562,0.005
12563,0.029
12564,-0.051
12565,-0.046
12566,-0.029
12567,-0.01
12568,0.017
12569,0.032
12570,0.132
12571,0.078
12572,0.017
12573,0.034
12574,0.007
12575,0.044
12576,-0.017
12577,-0.042
12578,0.054
12579,0.129
12580,0.007
12581,-0.056
12582,-0.125
12583,-0.093
12584,0.007
12585,0.005
12586,0.022
12587,-0.017
12588,0.029
12589,0.09
12590,0.037
12591,0.054
12592,0.002
12593,0.154
12594,0.066
12595,-0.151
12596,-0.017
12597,0.061
12598,-0.098
12599,-0.007
12600,0.015
12601,-0.081
12602,-0.059
12603,-0.012
12604,0.007
12605,-0.007
12606,-0.029
12607,0.071
12608,0.024
12609,-0.012
12610,0.051
12611,0.029
12612,0.095
12613,0.073
12614,0.015
12615,-0.042
12616,-0.049
12617,0.037
12618,0.022
12619,0.078
12620,0.005
12621,-0.063
12622,-0.005
12623,0.056
12624,-0.098
12625,0.049
12626,0.029
12627,-0.078
12628,0.088
12629,0.051
12630,0.044
12631,0.049
12632,0.002
12633,-0.044
12634,-0.144
12635,-0.046
12636,0.039
12637,-0.11
12638,0.02
12639,0.034
12640,-0.105
12641,-0.071
12642,-0.144
12643,-0.127
12644,-0.034
12645,-0.012
12646,-0.015
12647,0.007
12648,0.02
12649,-0.081
12650,-0.005
12651,-0.061
12652,-0.068
12653,0.034
12654,0.002
12655,-0.029
12656,-0.01
12657,-0.061
12658,-0.061
12659,-0.049
12660,-0.117
12661,-0.073
12662,-0.051
12663,-0.076
12664,-0.144
12665,-0.044
12666,0.032
12667,-0.027
12668,-0.115
12669,-0.024
12670,0.012
12671,0.032
12672,0.066
12673,0.085
12674,0.1
12675,-0.032
12676,-0.032
12677,-0.054
12678,-0.078
12679,0.029
12680,-0.081
12681,-0.137
12682,-0.007
12683,-0.112
12684,-0.051
12685,-0.039
12686,0.061
12687,0.061
12688,0.088
12689,0.015
12690,0.051
12691,0.066
12692,0.044
12693,0.042
12694,0.046
12695,-0.051
12696,0.02
12697,-0.071
12698,-0.012
12699,0.027
12700,-0.09
12701,-0.112
12702,-0.129
12703,-0.103
12704,-0.208
12705,-0.19
12706,-0.195
12707,-0.144
12708,-0.093
12709,-0.1
12710,-0.142
12711,-0.127
12712,-0.156
12713,-0.015
12714,-0.076
12715,-0.073
12716,0.083
12717,0.029
12718,0.034
12719,0.061
12720,-0.154
12721,-0.171
12722,-0.134
12723,-0.129
12724,-0.066
12725,-0.046
12726,-0.066
12727,-0.103
12728,-0.105
12729,-0.027
12730,-0.022
12731,-0.042
12732,-0.088
12733,-0.037
12734,0.005
12735,-0.1
12736,-0.059
12737,-0.142
12738,-0.144
12739,-0.071
12740,-0.144
12741,-0.193
12742,-0.037
12743,-0.071
12744,-0.112
12745,-0.049
12746,0.005
12747,0.042
12748,-0.042
12749,0.005
12750,-0.068
12751,-0.01
12752,-0.002
12753,-0.034
12754,0.007
12755,0.012
12756,0.022
12757,-0.029
12758,-0.034
12759,-0.073
12760,-0.083
12761,0.007
12762,-0.027
12763,-0.039
12764,-0.061
12765,-0.061
12766,0.042
12767,-0.01
12768,-0.024
12769,0.02
12770,0.007
12771,0.024
12772,-0.034
12773,-0.012
12774,0.088
12775,0.039
12776,-0.049
12777,0.09
12778,-0.103
12779,0.02
12780,0.049
12781,-0.039
12782,0.017
12783,-0.088
12784,-0.081
12785,0.054
12786,-0.042
12787,0.051
12788,0.093
12789,0.027
12790,0.073
12791,0.02
12792,0.098
12793,-0.012
12794,0.027
12795,0.11
12796,0.125
12797,0.083
12798,-0.037
12799,0.01
12800,-0.02
12801,-0.107
12802,-0.073
12803,-0.076
12804,0.032
12805,0.005
12806,-0.039
12807,-0.098
12808,0.024
12809,0.027
12810,-0.02
12811,-0.037
12812,-0.061
12813,0.022
12814,0.007
12815,0.002
12816,0.049
12817,-0.063
12818,0.005
12819,-0.037
12820,-0.063
12821,-0.032
12822,-0.078
12823,-0.103
12824,0.046
12825,-0.068
12826,-0.073
12827,-0.073
12828,-0.061
12829,0.044
12830,-0.078
12831,-0.063
12832,-0.024
12833,-0.088
12834,0.024
12835,0.024
12836,-0.107
12837,-0.056
12838,-0.056
12839,0.144
12840,-0.01
12841,-0.066
12842,-0.042
12843,0.0
12844,0.015
12845,-0.09
12846,-0.088
12847,-0.005
12848,0.032
12849,0.032
12850,-0.059
12851,-0.022
12852,0.042
12853,0.139
12854,0.146
12855,0.115
12856,-0.01
12857,0.024
12858,0.193
12859,0.11
12860,0.046
12861,0.09
12862,0.112
12863,0.122
12864,0.061
12865,0.103
12866,0.134
12867,0.085
12868,0.042
12869,0.117
12870,0.059
12871,0.022
12872,0.12
12873,-0.149
12874,-0.12
12875,0.042
12876,-0.02
12877,0.005
12878,-0.042
12879,-0.017
12880,-0.012
12881,-0.015
12882,-0.005
12883,-0.061
12884,-0.044
12885,0.039
12886,0.061
12887,-0.024
12888,-0.046
12889,-0.027
12890,0.122
12891,0.063
12892,0.007
12893,0.032
12894,-0.027
12895,0.09
12896,0.037
12897,0.0
12898,0.142
12899,-0.017
12900,0.0
12901,0.093
12902,-0.112
12903,-0.063
12904,-0.046
12905,-0.042
12906,0.083
12907,-0.083
12908,-0.11
12909,-0.081
12910,-0.105
12911,0.066
12912,-0.017
12913,-0.081
12914,0.007
12915,-0.046
12916,-0.059
12917,-0.081
12918,-0.076
12919,-0.007
12920,0.02
12921,-0.02
12922,-0.015
12923,-0.059
12924,0.049
12925,-0.027
12926,-0.024
12927,0.005
12928,0.039
12929,0.059
12930,0.059
12931,0.063
12932,0.01
12933,0.071
12934,0.195
12935,0.176
12936,0.117
12937,0.12
12938,0.066
12939,0.093
12940,-0.022
12941,0.063
12942,0.081
12943,-0.002
12944,0.032
12945,0.042
12946,-0.017
12947,-0.098
12948,-0.088
12949,0.071
12950,-0.017
12951,-0.015
12952,0.022
12953,0.017
12954,0.005
12955,0.308
12956,0.022
12957,0.139
12958,-0.073
12959,-0.039
12960,0.142
12961,0.105
12962,0.012
12963,0.081
12964,0.107
12965,0.117
12966,0.007
12967,0.0
12968,0.024
12969,0.076
12970,0.027
12971,0.071
12972,0.208
12973,0.061
12974,0.063
12975,0.066
12976,0.134
12977,0.166
12978,0.037
12979,0.005
12980,-0.017
12981,0.017
12982,-0.022
12983,0.081
12984,0.073
12985,0.029
12986,-0.005
12987,0.01
12988,0.022
12989,-0.083
12990,-0.032
12991,0.01
12992,0.056
12993,-0.061
12994,-0.076
12995,-0.029
12996,-0.068
12997,0.068
12998,-0.039
12999,-0.007
13000,-0.022
13001,-0.073
13002,-0.093
13003,-0.01
13004,-0.015
13005,0.051
13006,0.005
13007,-0.09
13008,-0.034
13009,-0.024
13010,-0.027
13011,-0.024
13012,0.046
13013,0.029
13014,-0.098
13015,-0.034
13016,0.042
13017,0.039
13018,0.005
13019,-0.015
13020,0.117
13021,0.046
13022,-0.017
13023,0.059
13024,0.0
13025,-0.112
13026,0.0
13027,0.027
13028,0.107
13029,0.015
13030,0.022
13031,-0.046
13032,-0.049
13033,-0.017
13034,0.012
13035,0.085
13036,0.112
13037,-0.002
13038,0.09
13039,0.122
13040,0.007
13041,0.039
13042,0.044
13043,0.0
13044,-0.078
13045,-0.073
13046,0.022
13047,0.046
13048,-0.017
13049,0.054
13050,-0.085
13051,-0.024
13052,0.042
13053,-0.029
13054,0.034
13055,0.127
13056,0.012
13057,0.051
13058,0.042
13059,0.071
13060,-0.078
13061,0.078
13062,0.037
13063,-0.037
13064,-0.007
13065,-0.056
13066,-0.046
13067,-0.054
13068,-0.103
13069,-0.02
13070,0.0
13071,-0.066
13072,-0.037
13073,-0.098
13074,-0.007
13075,0.037
13076,-0.076
13077,-0.005
13078,0.117
13079,-0.007
13080,0.049
13081,0.02
13082,0.051
13083,0.024
13084,-0.081
13085,-0.095
13086,-0.1
13087,-0.088
13088,0.017
13089,-0.085
13090,-0.2
13091,0.056
13092,-0.015
13093,-0.042
13094,-0.076
13095,-0.09
13096,0.015
13097,0.103
13098,0.044
13099,0.125
13100,0.076
13101,0.125
13102,0.107
13103,0.044
13104,-0.005
13105,-0.056
13106,-0.017
13107,0.029
13108,-0.115
13109,-0.073
13110,-0.09
13111,-0.112
13112,-0.068
13113,0.046
13114,-0.007
13115,-0.059
13116,0.1
13117,0.015
13118,0.098
13119,0.02
13120,0.149
13121,0.107
13122,0.056
13123,0.081
13124,-0.007
13125,-0.039
13126,-0.024
13127,0.083
13128,0.09
13129,0.042
13130,0.012
13131,-0.085
13132,-0.095
13133,0.076
13134,0.007
13135,0.056
13136,0.066
13137,-0.007
13138,0.032
13139,0.056
13140,0.056
13141,-0.039
13142,0.032
13143,0.156
13144,0.12
13145,0.029
13146,0.049
13147,-0.012
13148,-0.046
13149,0.063
13150,0.022
13151,-0.029
13152,-0.024
13153,0.024
13154,0.066
13155,0.081
13156,0.159
13157,0.063
13158,0.044
13159,0.093
13160,-0.049
13161,0.049
13162,-0.024
13163,-0.063
13164,-0.032
13165,-0.046
13166,-0.034
13167,-0.02
13168,-0.02
13169,-0.076
13170,-0.183
13171,-0.01
13172,-0.01
13173,-0.115
13174,-0.081
13175,-0.012
13176,-0.054
13177,-0.12
13178,-0.02
13179,-0.02
13180,0.044
13181,-0.002
13182,-0.12
13183,0.002
13184,-0.076
13185,0.022
13186,-0.002
13187,-0.012
13188,-0.066
13189,-0.042
13190,-0.044
13191,-0.046
13192,-0.146
13193,-0.032
13194,0.042
13195,-0.034
13196,-0.081
13197,-0.017
13198,0.107
13199,-0.09
13200,-0.085
13201,0.071
13202,-0.039
13203,0.042
13204,-0.002
13205,0.0
13206,0.051
13207,-0.02
13208,-0.022
13209,-0.02
13210,-0.073
13211,0.012
13212,0.071
13213,0.027
13214,0.063
13215,0.088
13216,0.081
13217,0.073
13218,0.115
13219,0.061
13220,0.037
13221,0.168
13222,-0.002
13223,0.173
13224,-0.02
13225,0.061
13226,0.139
13227,-0.012
13228,-0.037
13229,-0.039
13230,-0.061
13231,-0.01
13232,0.037
13233,0.073
13234,-0.007
13235,-0.068
13236,0.037
13237,0.112
13238,-0.034
13239,-0.081
13240,0.076
13241,-0.024
13242,0.076
13243,-0.042
13244,-0.029
13245,0.127
13246,-0.056
13247,-0.015
13248,-0.029
13249,-0.01
13250,-0.01
13251,-0.061
13252,0.0
13253,-0.103
13254,-0.024
13255,0.042
13256,-0.073
13257,-0.054
13258,-0.012
13259,0.078
13260,-0.061
13261,0.042
13262,-0.032
13263,-0.105
13264,-0.071
13265,-0.015
13266,-0.042
13267,-0.066
13268,0.017
13269,0.029
13270,-0.232
13271,-0.151
13272,-0.012
13273,-0.137
13274,-0.095
13275,-0.061
13276,0.063
13277,-0.09
13278,-0.005
13279,0.037
13280,-0.01
13281,-0.044
13282,0.029
13283,-0.049
13284,0.027
13285,0.083
13286,-0.044
13287,-0.083
13288,-0.073
13289,-0.068
13290,0.034
13291,0.2
13292,-0.059
13293,-0.139
13294,0.046
13295,0.01
13296,-0.005
13297,-0.037
13298,0.085
13299,0.09
13300,-0.12
13301,0.107
13302,-0.054
13303,-0.059
13304,-0.034
13305,0.02
13306,-0.005
13307,-0.007
13308,0.01
13309,-0.042
13310,-0.156
13311,-0.1
13312,-0.149
13313,-0.046
13314,0.039
13315,0.046
13316,0.042
13317,-0.049
13318,0.095
13319,0.024
13320,-0.066
13321,0.046
13322,0.002
13323,-0.046
13324,-0.034
13325,-0.188
13326,-0.12
13327,-0.115
13328,-0.129
13329,0.093
13330,-0.063
13331,-0.173
13332,-0.042
13333,-0.049
13334,0.032
13335,-0.037
13336,-0.061
13337,-0.029
13338,-0.056
13339,0.002
13340,-0.088
13341,-0.068
13342,-0.046
13343,0.005
13344,0.017
13345,-0.105
13346,-0.029
13347,-0.027
13348,-0.11
13349,-0.085
13350,-0.154
13351,-0.088
13352,-0.093
13353,-0.149
13354,-0.156
13355,-0.063
13356,0.034
13357,0.032
13358,-0.056
13359,-0.032
13360,0.01
13361,-0.02
13362,0.015
13363,-0.022
13364,0.037
13365,0.037
13366,-0.022
13367,-0.02
13368,-0.085
13369,-0.078
13370,-0.002
13371,0.005
13372,-0.063
13373,-0.027
13374,0.024
13375,0.044
13376,0.022
13377,-0.054
13378,0.027
13379,0.059
13380,0.076
13381,0.085
13382,0.063
13383,0.088
13384,0.1
13385,0.022
13386,0.022
13387,-0.056
13388,-0.088
13389,-0.066
13390,0.037
13391,0.0
13392,-0.01
13393,-0.056
13394,0.015
13395,-0.044
13396,-0.061
13397,0.049
13398,0.068
13399,-0.142
13400,-0.024
13401,0.002
13402,0.132
13403,0.024
13404,0.149
13405,0.034
13406,-0.085
13407,0.098
13408,-0.044
13409,-0.02
13410,-0.027
13411,-0.178
13412,0.037
13413,0.066
13414,0.002
13415,-0.156
13416,0.012
13417,-0.056
13418,-0.088
13419,-0.132
13420,-0.002
13421,0.161
13422,0.015
13423,-0.034
13424,0.024
13425,0.107
13426,-0.027
13427,-0.046
13428,-0.073
13429,-0.005
13430,-0.083
13431,-0.032
13432,0.01
13433,-0.078
13434,-0.137
13435,0.024
13436,-0.027
13437,-0.054
13438,0.103
13439,0.073
13440,0.063
13441,-0.073
13442,0.01
13443,0.029
13444,-0.02
13445,-0.12
13446,0.024
13447,0.09
13448,-0.017
13449,-0.027
13450,-0.093
13451,-0.132
13452,0.017
13453,-0.066
13454,-0.068
13455,-0.027
13456,0.005
13457,-0.098
13458,0.029
13459,0.098
13460,0.073
13461,-0.051
13462,-0.132
13463,0.056
13464,0.071
13465,0.042
13466,0.056
13467,0.066
13468,0.071
13469,-0.005
13470,0.073
13471,-0.051
13472,-0.059
13473,0.007
13474,0.02
13475,-0.032
13476,-0.076
13477,-0.024
13478,0.117
13479,0.061
13480,0.024
13481,0.063
13482,0.093
13483,0.017
13484,0.105
13485,0.129
13486,0.076
13487,0.081
13488,0.037
13489,-0.017
13490,0.054
13491,-0.056
13492,-0.071
13493,0.027
13494,-0.029
13495,0.034
13496,0.02
13497,-0.029
13498,0.081
13499,-0.061
13500,-0.029
13501,0.024
13502,-0.007
13503,0.068
13504,0.054
13505,-0.088
13506,0.076
13507,-0.032
13508,-0.078
13509,-0.044
13510,-0.112
13511,-0.076
13512,-0.078
13513,-0.037
13514,-0.068
13515,-0.173
13516,-0.112
13517,-0.051
13518,-0.078
13519,-0.007
13520,-0.061
13521,-0.017
13522,0.024
13523,-0.049
13524,-0.012
13525,0.017
13526,-0.049
13527,0.081
13528,-0.044
13529,-0.061
13530,0.027
13531,-0.007
13532,-0.056
13533,-0.002
13534,-0.034
13535,0.056
13536,-0.093
13537,-0.1
13538,0.073
13539,0.027
13540,0.015
13541,-0.115
13542,-0.029
13543,0.054
13544,0.139
13545,0.027
13546,0.005
13547,0.083
13548,-0.044
13549,0.088
13550,0.127
13551,-0.022
13552,0.088
13553,0.015
13554,0.059
13555,0.125
13556,0.071
13557,0.01
13558,0.039
13559,0.085
13560,0.056
13561,0.02
13562,0.032
13563,0.071
13564,0.073
13565,0.117
13566,0.076
13567,-0.078
13568,-0.017
13569,-0.042
13570,-0.076
13571,0.02
13572,-0.164
13573,-0.059
13574,-0.002
13575,-0.12
13576,-0.049
13577,-0.085
13578,0.127
13579,-0.046
13580,-0.09
13581,0.034
13582,0.049
13583,0.061
13584,-0.015
13585,-0.059
13586,0.0
13587,-0.029
13588,0.002
13589,0.063
13590,-0.085
13591,-0.132
13592,0.007
13593,-0.095
13594,-0.032
13595,-0.115
13596,-0.125
13597,-0.051
13598,-0.093
13599,-0.088
13600,-0.032
13601,-0.01
13602,-0.059
13603,-0.015
13604,0.032
13605,-0.076
13606,-0.029
13607,-0.022
13608,-0.027
13609,-0.063
13610,-0.117
13611,-0.049
13612,-0.005
13613,-0.056
13614,-0.037
13615,-0.024
13616,-0.034
13617,0.071
13618,-0.039
13619,-0.027
13620,0.083
13621,0.134
13622,0.024
13623,0.012
13624,0.002
13625,0.029
13626,0.039
13627,0.088
13628,0.032
13629,-0.034
13630,0.073
13631,0.039
13632,-0.061
13633,-0.017
13634,-0.015
13635,-0.051
13636,-0.046
13637,-0.01
13638,0.059
13639,-0.027
13640,0.007
13641,0.049
13642,-0.002
13643,0.037
13644,-0.007
13645,0.005
13646,0.022
13647,-0.056
13648,-0.024
13649,0.1
13650,0.068
13651,0.068
13652,0.056
13653,-0.063
13654,-0.093
13655,-0.005
13656,0.027
13657,-0.034
13658,0.032
13659,-0.017
13660,-0.002
13661,0.076
13662,0.024
13663,-0.054
13664,-0.027
13665,-0.012
13666,0.173
13667,0.09
13668,0.051
13669,-0.049
13670,0.01
13671,0.088
13672,-0.034
13673,-0.105
13674,-0.076
13675,-0.022
13676,-0.073
13677,-0.107
13678,-0.027
13679,-0.068
13680,0.01
13681,-0.027
13682,-0.054
13683,0.01
13684,0.039
13685,0.068
13686,-0.046
13687,-0.083
13688,-0.034
13689,0.002
13690,0.01
13691,-0.088
13692,-0.029
13693,-0.059
13694,0.012
13695,-0.066
13696,-0.127
13697,-0.027
13698,-0.002
13699,0.046
13700,-0.015
13701,-0.085
13702,0.034
13703,0.007
13704,0.044
13705,0.112
13706,0.024
13707,-0.049
13708,0.012
13709,0.037
13710,0.061
13711,-0.005
13712,-0.054
13713,0.122
13714,-0.034
13715,0.044
13716,0.027
13717,0.01
13718,0.059
13719,0.017
13720,0.024
13721,-0.098
13722,-0.044
13723,0.127
13724,0.027
13725,0.039
13726,0.076
13727,0.105
13728,0.085
13729,0.046
13730,0.002
13731,0.017
13732,0.034
13733,0.039
13734,0.029
13735,0.027
13736,-0.022
13737,-0.027
13738,0.017
13739,0.063
13740,-0.059
13741,-0.081
13742,-0.088
13743,0.044
13744,0.134
13745,-0.02
13746,0.088
13747,0.127
13748,-0.005
13749,0.127
13750,-0.002
13751,0.012
13752,0.042
13753,0.046
13754,-0.066
13755,-0.039
13756,0.188
13757,0.066
13758,-0.034
13759,-0.024
13760,-0.085
13761,0.022
13762,-0.061
13763,-0.164
13764,0.005
13765,0.032
13766,0.005
13767,-0.046
13768,-0.037
13769,-0.007
13770,-0.022
13771,-0.054
13772,-0.024
13773,0.005
13774,0.0
13775,-0.112
13776,-0.049
13777,-0.134
13778,-0.088
13779,-0.029
13780,-0.103
13781,-0.051
13782,-0.076
13783,-0.125
13784,-0.093
13785,-0.054
13786,-0.02
13787,0.015
13788,-0.042
13789,-0.034
13790,-0.049
13791,-0.007
13792,0.117
13793,0.034
13794,0.005
13795,-0.02
13796,0.005
13797,-0.076
13798,-0.1
13799,0.005
13800,-0.017
13801,-0.085
13802,-0.007
13803,-0.032
13804,0.039
13805,0.134
13806,-0.012
13807,0.088
13808,0.076
13809,0.149
13810,0.11
13811,0.066
13812,0.159
13813,0.071
13814,-0.225
13815,0.059
13816,-0.012
13817,-0.085
13818,0.02
13819,0.002
13820,0.078
13821,-0.007
13822,-0.044
13823,0.068
13824,0.056
13825,0.056
13826,0.09
13827,0.063
13828,-0.046
13829,0.027
13830,-0.032
13831,0.01
13832,0.024
13833,-0.015
13834,-0.034
13835,0.061
13836,0.054
13837,-0.005
13838,-0.017
13839,-0.139
13840,-0.059
13841,-0.027
13842,0.012
13843,0.02
13844,0.105
13845,-0.01
13846,-0.042
13847,0.037
13848,0.051
13849,0.002
13850,-0.007
13851,0.081
13852,-0.027
13853,-0.037
13854,-0.039
13855,-0.11
13856,-0.034
13857,-0.098
13858,-0.022
13859,-0.061
13860,-0.029
13861,0.049
13862,-0.044
13863,-0.068
13864,-0.061
13865,-0.02
13866,-0.044
13867,0.1
13868,0.027
13869,0.059
13870,0.103
13871,-0.044
13872,-0.037
13873,-0.022
13874,-0.054
13875,-0.01
13876,0.039
13877,-0.068
13878,-0.005
13879,0.005
13880,0.02
13881,-0.049
13882,-0.137
13883,-0.066
13884,-0.073
13885,0.078
13886,0.071
13887,-0.002
13888,0.007
13889,0.029
13890,0.044
13891,0.046
13892,0.049
13893,0.066
13894,0.088
13895,0.01
13896,-0.034
13897,-0.049
13898,-0.01
13899,-0.01
13900,-0.017
13901,-0.012
13902,0.01
13903,0.11
13904,-0.01
13905,-0.015
13906,0.039
13907,-0.002
13908,0.146
13909,0.063
13910,-0.076
13911,0.12
13912,0.071
13913,-0.012
13914,0.012
13915,-0.085
13916,0.002
13917,-0.127
13918,-0.034
13919,-0.012
13920,-0.176
13921,-0.129
13922,-0.095
13923,-0.056
13924,0.054
13925,0.01
13926,-0.044
13927,-0.012
13928,-0.049
13929,-0.042
13930,-0.029
13931,0.007
13932,0.112
13933,-0.09
13934,0.044
13935,0.0
13936,-0.029
13937,-0.073
13938,-0.017
13939,0.0
13940,-0.083
13941,-0.022
13942,-0.11
13943,-0.149
13944,-0.02
13945,-0.005
13946,0.146
13947,-0.002
13948,-0.127
13949,0.024
13950,0.049
13951,-0.017
13952,-0.059
13953,-0.046
13954,0.032
13955,-0.09
13956,-0.107
13957,-0.208
13958,-0.071
13959,-0.095
13960,-0.042
13961,-0.054
13962,-0.068
13963,0.024
13964,0.034
13965,0.002
13966,0.024
13967,0.012
13968,0.144
13969,0.046
13970,0.017
13971,0.015
13972,0.044
13973,0.068
13974,0.081
13975,0.042
13976,0.034
13977,0.1
13978,0.142
13979,0.022
13980,-0.186
13981,0.01
13982,0.159
13983,0.063
13984,-0.105
13985,-0.178
13986,0.049
13987,0.142
13988,0.046
13989,0.012
13990,0.215
13991,0.068
13992,0.129
13993,0.063
13994,0.061
13995,0.176
13996,0.054
13997,0.054
13998,0.046
13999,-0.032
14000,-0.063
14001,-0.059
14002,-0.046
14003,0.034
14004,0.02
14005,-0.037
14006,0.049
14007,0.027
14008,0.044
14009,0.061
14010,-0.044
14011,-0.022
14012,0.049
14013,0.149
14014,0.068
14015,-0.093
14016,0.005
14017,0.034
14018,0.01
14019,-0.02
14020,-0.073
14021,-0.037
14022,-0.059
14023,-0.066
14024,-0.151
14025,0.017
14026,-0.076
14027,0.078
14028,0.146
14029,-0.217
14030,-0.134
14031,0.039
14032,0.088
14033,0.024
14034,-0.11
14035,-0.024
14036,0.037
14037,-0.012
14038,-0.059
14039,-0.139
14040,-0.037
14041,0.022
14042,-0.176
14043,-0.085
14044,-0.068
14045,-0.015
14046,0.029
14047,-0.068
14048,-0.103
14049,-0.103
14050,0.01
14051,0.02
14052,-0.105
14053,0.039
14054,0.066
14055,0.0
14056,0.012
14057,-0.063
14058,-0.054
14059,-0.1
14060,-0.039
14061,-0.002
14062,-0.073
14063,-0.051
14064,0.002
14065,-0.061
14066,-0.02
14067,-0.073
14068,-0.078
14069,0.103
14070,0.117
14071,0.042
14072,0.076
14073,0.181
14074,0.173
14075,0.051
14076,0.068
14077,0.017
14078,0.054
14079,0.017
14080,0.09
14081,-0.015
14082,-0.098
14083,-0.066
14084,-0.088
14085,-0.129
14086,-0.054
14087,-0.042
14088,0.034
14089,0.012
14090,-0.024
14091,-0.049
14092,-0.01
14093,0.068
14094,-0.046
14095,0.088
14096,0.105
14097,-0.049
14098,0.115
14099,-0.024
14100,-0.071
14101,-0.029
14102,-0.081
14103,-0.095
14104,0.002
14105,0.09
14106,-0.044
14107,-0.093
14108,0.015
14109,-0.012
14110,0.098
14111,-0.037
14112,-0.078
14113,0.122
14114,0.007
14115,0.09
14116,0.02
14117,0.02
14118,0.017
14119,-0.012
14120,-0.115
14121,0.015
14122,-0.029
14123,-0.049
14124,-0.027
14125,-0.117
14126,-0.005
14127,-0.164
14128,-0.132
14129,-0.027
14130,-0.137
14131,0.007
14132,0.007
14133,-0.081
14134,0.056
14135,-0.051
14136,-0.037
14137,-0.005
14138,0.066
14139,-0.002
14140,0.015
14141,-0.046
14142,0.049
14143,0.056
14144,-0.007
14145,0.063
14146,0.068
14147,0.017
14148,0.083
14149,0.051
14150,0.073
14151,0.081
14152,0.073
14153,0.002
14154,0.012
14155,0.029
14156,0.071
14157,0.056
14158,0.159
14159,0.017
14160,0.039
14161,-0.017
14162,-0.081
14163,-0.078
14164,0.005
14165,-0.034
14166,-0.02
14167,-0.012
14168,-0.02
14169,-0.027
14170,0.005
14171,-0.015
14172,-0.002
14173,0.068
14174,0.12
14175,-0.039
14176,0.088
14177,0.093
14178,0.012
14179,0.002
14180,-0.042
14181,0.005
14182,0.061
14183,0.044
14184,0.1
14185,-0.012
14186,0.024
14187,0.01
14188,0.09
14189,-0.022
14190,-0.037
14191,0.029
14192,0.046
14193,0.078
14194,-0.037
14195,0.071
14196,0.061
14197,0.022
14198,-0.071
14199,-0.007
14200,-0.042
14201,-0.1
14202,-0.085
14203,-0.198
14204,-0.054
14205,-0.037
14206,-0.068
14207,0.137
14208,-0.049
14209,-0.171
14210,-0.066
14211,0.015
14212,0.081
14213,0.01
14214,-0.024
14215,0.059
14216,0.0
14217,-0.046
14218,-0.061
14219,0.066
14220,0.017
14221,-0.103
14222,-0.027
14223,-0.032
14224,-0.166
14225,0.015
14226,0.073
14227,-0.073
14228,-0.171
14229,-0.073
14230,-0.024
14231,-0.103
14232,-0.051
14233,0.029
14234,-0.088
14235,-0.015
14236,0.007
14237,0.02
14238,0.061
14239,-0.042
14240,-0.066
14241,-0.093
14242,-0.142
14243,-0.007
14244,0.029
14245,-0.027
14246,-0.068
14247,-0.002
14248,0.005
14249,0.095
14250,-0.022
14251,-0.044
14252,-0.078
14253,0.012
14254,-0.151
14255,0.115
14256,0.1
14257,0.034
14258,-0.066
14259,0.073
14260,0.117
14261,0.005
14262,-0.007
14263,-0.015
14264,-0.007
14265,-0.032
14266,-0.029
14267,0.015
14268,-0.032
14269,-0.02
14270,-0.024
14271,-0.112
14272,-0.054
14273,-0.073
14274,0.032
14275,0.002
14276,0.024
14277,-0.056
14278,-0.09
14279,0.039
14280,0.103
14281,-0.137
14282,-0.007
14283,-0.024
14284,-0.098
14285,-0.195
14286,-0.059
14287,-0.029
14288,-0.059
14289,-0.002
14290,-0.066
14291,-0.085
14292,0.095
14293,-0.078
14294,-0.059
14295,-0.037
14296,0.01
14297,0.137
14298,0.054
14299,-0.037
14300,0.029
14301,0.022
14302,0.066
14303,-0.076
14304,-0.112
14305,0.007
14306,-0.093
14307,-0.024
14308,0.037
14309,-0.068
14310,0.0
14311,-0.022
14312,-0.037
14313,-0.032
14314,-0.002
14315,0.049
14316,-0.01
14317,0.046
14318,0.132
14319,0.09
14320,-0.007
14321,-0.071
14322,0.015
14323,0.063
14324,-0.017
14325,-0.044
14326,-0.09
14327,-0.09
14328,-0.056
14329,0.059
14330,-0.029
14331,-0.105
14332,-0.034
14333,-0.01
14334,-0.051
14335,0.051
14336,0.024
14337,0.007
14338,0.107
14339,0.12
14340,0.037
14341,0.149
14342,0.107
14343,0.151
14344,0.098
14345,-0.024
14346,-0.015
14347,0.022
14348,-0.024
14349,-0.034
14350,-0.039
14351,-0.054
14352,-0.042
14353,-0.081
14354,0.015
14355,0.125
14356,0.122
14357,0.007
14358,-0.012
14359,0.056
14360,0.134
14361,-0.002
14362,0.129
14363,0.012
14364,0.005
14365,0.083
14366,0.02
14367,-0.01
14368,0.083
14369,0.044
14370,-0.024
14371,-0.103
14372,-0.005
14373,-0.073
14374,-0.132
14375,-0.11
14376,-0.061
14377,-0.002
14378,-0.081
14379,-0.054
14380,0.029
14381,-0.032
14382,-0.076
14383,0.005
14384,0.134
14385,-0.078
14386,-0.012
14387,0.049
14388,0.01
14389,-0.095
14390,-0.19
14391,-0.081
14392,-0.032
14393,0.054
14394,0.01
14395,0.027
14396,0.066
14397,-0.034
14398,0.012
14399,0.078
14400,0.076
14401,0.049
14402,0.066
14403,-0.081
14404,0.039
14405,0.083
14406,0.059
14407,0.015
14408,-0.039
14409,-0.029
14410,0.081
14411,0.076
14412,-0.032
14413,-0.024
14414,0.024
14415,-0.012
14416,-0.01
14417,-0.032
14418,0.073
14419,0.063
14420,0.09
14421,-0.01
14422,0.054
14423,0.066
14424,0.034
14425,-0.095
14426,-0.012
14427,0.071
14428,0.071
14429,0.046
14430,-0.005
14431,-0.051
14432,-0.012
14433,0.046
14434,0.09
14435,0.095
14436,0.1
14437,-0.02
14438,0.002
14439,-0.024
14440,0.037
14441,0.068
14442,0.081
14443,0.071
14444,0.127
14445,0.083
14446,0.042
14447,-0.044
14448,0.005
14449,0.024
14450,-0.024
14451,-0.117
14452,-0.085
14453,0.105
14454,-0.068
14455,-0.063
14456,-0.029
14457,0.005
14458,-0.029
14459,-0.059
14460,0.037
14461,-0.042
14462,0.012
14463,0.012
14464,-0.005
14465,0.002
14466,-0.076
14467,0.098
14468,0.0
14469,-0.022
14470,0.037
14471,0.059
14472,0.063
14473,-0.042
14474,-0.039
14475,-0.027
14476,0.046
14477,0.063
14478,0.076
14479,0.029
14480,0.073
14481,0.125
14482,0.012
14483,0.044
14484,0.107
14485,0.085
14486,0.002
14487,0.02
14488,0.046
14489,-0.024
14490,0.005
14491,-0.054
14492,0.051
14493,0.107
14494,0.054
14495,-0.015
14496,0.02
14497,0.125
14498,0.142
14499,0.068
14500,0.09
14501,0.105
14502,0.09
14503,0.127
14504,0.063
14505,-0.01
14506,0.059
14507,0.046
14508,0.007
14509,-0.039
14510,0.088
14511,0.09
14512,0.022
14513,0.01
14514,0.059
14515,0.032
14516,0.039
14517,0.046
14518,0.088
14519,0.034
14520,-0.022
14521,0.142
14522,0.044
14523,0.117
14524,0.129
14525,0.042
14526,-0.051
14527,-0.015
14528,-0.063
14529,-0.029
14530,0.015
14531,0.068
14532,-0.015
14533,-0.034
14534,-0.034
14535,0.034
14536,-0.015
14537,-0.032
14538,0.01
14539,-0.015
14540,0.11
14541,0.037
14542,-0.103
14543,-0.005
14544,0.007
14545,0.146
14546,-0.066
14547,-0.181
14548,-0.054
14549,-0.134
14550,-0.073
14551,-0.098
14552,-0.085
14553,-0.002
14554,-0.09
14555,-0.037
14556,-0.039
14557,-0.063
14558,0.034
14559,0.005
14560,-0.002
14561,0.049
14562,0.017
14563,0.037
14564,-0.054
14565,-0.068
14566,0.066
14567,0.022
14568,-0.024
14569,-0.1
14570,-0.061
14571,-0.005
14572,-0.039
14573,0.012
14574,0.073
14575,-0.029
14576,0.068
14577,0.081
14578,0.068
14579,-0.012
14580,-0.032
14581,0.007
14582,-0.017
14583,0.017
14584,0.112
14585,0.139
14586,0.078
14587,-0.027
14588,0.042
14589,0.027
14590,-0.027
14591,-0.073
14592,0.002
14593,0.159
14594,0.017
14595,0.022
14596,0.042
14597,-0.056
14598,0.083
14599,0.076
14600,0.251
14601,0.046
14602,0.046
14603,0.334
14604,-0.039
14605,-0.056
14606,-0.022
14607,0.063
14608,0.063
14609,-0.054
14610,-0.012
14611,0.081
14612,-0.007
14613,0.132
14614,0.02
14615,-0.085
14616,-0.027
14617,0.056
14618,0.01
14619,0.09
14620,-0.024
14621,0.081
14622,0.051
14623,-0.068
14624,-0.059
14625,-0.061
14626,-0.039
14627,-0.017
14628,-0.085
14629,-0.085
14630,-0.01
14631,-0.127
14632,-0.022
14633,-0.088
14634,-0.049
14635,-0.066
14636,-0.093
14637,-0.034
14638,-0.083
14639,-0.083
14640,0.005
14641,-0.042
14642,-0.061
14643,-0.134
14644,0.012
14645,-0.02
14646,-0.085
14647,-0.037
14648,-0.166
14649,-0.042
14650,-0.017
14651,-0.122
14652,-0.054
14653,-0.071
14654,0.017
14655,-0.027
14656,-0.088
14657,-0.024
14658,-0.051
14659,-0.002
14660,-0.051
14661,0.066
14662,0.122
14663,-0.039
14664,-0.024
14665,-0.032
14666,0.017
14667,0.076
14668,-0.034
14669,-0.103
14670,-0.02
14671,0.039
14672,-0.068
14673,-0.061
14674,-0.051
14675,0.125
14676,-0.022
14677,-0.01
14678,0.049
14679,-0.037
14680,0.076
14681,0.02
14682,-0.044
14683,0.049
14684,-0.022
14685,0.024
14686,0.029
14687,0.049
14688,0.042
14689,-0.032
14690,0.024
14691,-0.054
14692,-0.085
14693,-0.051
14694,-0.056
14695,0.029
14696,-0.024
14697,-0.068
14698,0.027
14699,0.037
14700,0.029
14701,0.083
14702,-0.012
14703,0.039
14704,0.125
14705,0.034
14706,0.173
14707,0.039
14708,-0.056
14709,-0.088
14710,0.017
14711,0.107
14712,0.078
14713,-0.081
14714,-0.139
14715,-0.068
14716,0.015
14717,-0.1
14718,-0.098
14719,-0.183
14720,-0.078
14721,-0.061
14722,-0.088
14723,0.017
14724,-0.056
14725,-0.024
14726,0.005
14727,-0.005
14728,0.068
14729,-0.032
14730,-0.078
14731,-0.09
14732,-0.139
14733,-0.037
14734,-0.049
14735,-0.137
14736,-0.146
14737,-0.132
14738,-0.154
14739,-0.034
14740,-0.005
14741,-0.044
14742,-0.066
14743,-0.024
14744,-0.071
14745,-0.015
14746,0.01
14747,-0.029
14748,-0.049
14749,0.0
14750,-0.056
14751,-0.12
14752,0.002
14753,0.034
14754,0.056
14755,-0.066
14756,-0.027
14757,0.005
14758,0.042
14759,0.056
14760,0.071
14761,0.051
14762,0.039
14763,0.02
14764,0.061
14765,0.044
14766,0.032
14767,0.071
14768,0.01
14769,0.095
14770,-0.007
14771,-0.051
14772,-0.037
14773,0.085
14774,-0.049
14775,0.005
14776,-0.002
14777,0.12
14778,0.051
14779,0.056
14780,-0.005
14781,0.051
14782,0.022
14783,-0.017
14784,0.027
14785,0.051
14786,-0.044
14787,0.039
14788,0.103
14789,0.056
14790,-0.059
14791,0.044
14792,-0.027
14793,-0.081
14794,-0.144
14795,-0.034
14796,-0.042
14797,-0.002
14798,0.032
14799,-0.015
14800,0.032
14801,-0.02
14802,0.042
14803,-0.005
14804,-0.027
14805,0.059
14806,0.01
14807,0.027
14808,-0.061
14809,0.002
14810,-0.051
14811,0.007
14812,0.005
14813,-0.002
14814,-0.032
14815,-0.129
14816,-0.171
14817,0.044
14818,-0.071
14819,-0.044
14820,-0.151
14821,-0.085
14822,0.083
14823,-0.083
14824,-0.042
14825,0.015
14826,-0.09
14827,0.073
14828,-0.122
14829,-0.166
14830,0.034
14831,0.005
14832,0.032
14833,-0.005
14834,-0.039
14835,-0.002
14836,-0.007
14837,0.005
14838,-0.024
14839,0.088
14840,0.137
14841,0.059
14842,0.081
14843,-0.032
14844,0.054
14845,0.09
14846,0.071
14847,-0.115
14848,-0.007
14849,0.046
14850,-0.044
14851,0.054
14852,-0.032
14853,-0.061
14854,-0.059
14855,-0.012
14856,0.098
14857,0.088
14858,0.042
14859,-0.071
14860,0.024
14861,0.088
14862,0.09
14863,0.037
14864,0.034
14865,0.0
14866,-0.051
14867,0.037
14868,0.071
14869,-0.066
14870,-0.081
14871,-0.032
14872,-0.037
14873,0.056
14874,-0.12
14875,-0.056
14876,-0.134
14877,-0.103
14878,0.078
14879,-0.007
14880,0.044
14881,0.083
14882,-0.112
14883,0.061
14884,0.046
14885,0.149
14886,0.122
14887,-0.007
14888,-0.083
14889,-0.093
14890,0.015
14891,-0.005
14892,-0.151
14893,-0.027
14894,-0.134
14895,-0.159
14896,-0.103
14897,-0.205
14898,-0.198
14899,-0.071
14900,-0.059
14901,-0.02
14902,-0.044
14903,0.022
14904,-0.01
14905,0.007
14906,0.09
14907,-0.007
14908,-0.01
14909,0.105
14910,-0.027
14911,-0.012
14912,-0.066
14913,-0.049
14914,-0.117
14915,-0.11
14916,-0.027
14917,-0.066
14918,-0.103
14919,-0.081
14920,-0.115
14921,-0.007
14922,-0.02
14923,-0.029
14924,0.024
14925,0.09
14926,0.063
14927,0.073
14928,0.071
14929,0.103
14930,0.046
14931,0.071
14932,0.208
14933,0.027
14934,0.039
14935,0.156
14936,-0.073
14937,0.027
14938,0.002
14939,0.032
14940,0.127
14941,0.107
14942,-0.085
14943,-0.027
14944,0.107
14945,-0.042
14946,-0.068
14947,0.032
14948,-0.015
14949,0.093
14950,0.029
14951,0.022
14952,0.059
14953,0.139
14954,0.122
14955,0.027
14956,-0.044
14957,0.044
14958,0.093
14959,-0.063
14960,-0.103
14961,0.061
14962,-0.073
14963,0.005
14964,0.125
14965,0.037
14966,-0.012
14967,-0.032
14968,0.059
14969,0.11
14970,-0.134
14971,0.046
14972,0.212
14973,-0.039
14974,-0.029
14975,-0.049
14976,0.034
14977,0.037
14978,-0.049
14979,-0.046
14980,0.073
14981,0.054
14982,0.063
14983,-0.059
14984,-0.12
14985,-0.054
14986,-0.071
14987,-0.044
14988,-0.142
14989,-0.022
14990,-0.017
14991,-0.151
14992,-0.071
14993,-0.054
14994,-0.073
14995,-0.01
14996,-0.195
14997,-0.093
14998,-0.144
14999,0.02
15000,0.144
15001,0.01
15002,-0.073
15003,0.1
15004,0.12
15005,0.007
15006,0.085
15007,0.186
15008,0.061
15009,0.073
15010,0.024
15011,-0.046
15012,-0.134
15013,-0.005
15014,-0.071
15015,-0.012
15016,-0.068
15017,-0.029
15018,-0.093
15019,0.1
15020,0.117
15021,-0.088
15022,-0.044
15023,0.09
15024,0.066
15025,0.024
15026,0.076
15027,0.132
15028,0.151
15029,0.032
15030,-0.027
15031,0.027
15032,0.063
15033,0.088
15034,-0.002
15035,0.066
15036,-0.015
15037,0.002
15038,0.056
15039,-0.059
15040,0.0
15041,0.02
15042,0.0
15043,0.061
15044,-0.046
15045,0.042
15046,0.107
15047,0.059
15048,0.034
15049,0.083
15050,0.063
15051,-0.049
15052,0.061
15053,-0.024
15054,-0.081
15055,-0.112
15056,-0.042
15057,0.022
15058,-0.073
15059,-0.117
15060,0.007
15061,-0.024
15062,-0.083
15063,-0.056
15064,0.088
15065,-0.056
15066,-0.01
15067,0.049
15068,0.027
15069,0.015
15070,0.054
15071,-0.044
15072,0.054
15073,0.056
15074,0.042
15075,-0.044
15076,-0.071
15077,0.085
15078,0.054
15079,-0.066
15080,-0.015
15081,0.029
15082,0.002
15083,0.078
15084,0.034
15085,0.037
15086,0.1
15087,0.115
15088,0.015
15089,-0.098
15090,-0.093
15091,-0.095
15092,-0.017
15093,-0.032
15094,-0.024
15095,-0.044
15096,-0.115
15097,-0.032
15098,-0.117
15099,-0.112
15100,0.0
15101,0.066
15102,0.12
15103,-0.027
15104,0.0
15105,0.017
15106,0.063
15107,0.151
15108,0.027
15109,-0.017
15110,0.081
15111,0.022
15112,0.112
15113,0.007
15114,0.034
15115,-0.007
15116,0.078
15117,0.044
15118,0.007
15119,-0.044
15120,0.061
15121,-0.015
15122,-0.066
15123,-0.024
15124,0.093
15125,0.02
15126,-0.078
15127,0.042
15128,0.042
15129,-0.115
15130,-0.12
15131,-0.125
15132,0.095
15133,-0.012
15134,-0.034
15135,-0.005
15136,-0.046
15137,0.012
15138,-0.122
15139,-0.093
15140,0.005
15141,-0.061
15142,-0.1
15143,-0.105
15144,-0.076
15145,0.002
15146,0.063
15147,-0.078
15148,0.024
15149,0.051
15150,0.105
15151,0.01
15152,-0.085
15153,-0.034
15154,0.049
15155,-0.071
15156,-0.088
15157,-0.09
15158,-0.146
15159,-0.068
15160,-0.159
15161,-0.066
15162,-0.005
15163,-0.02
15164,0.01
15165,0.007
15166,0.088
15167,0.063
15168,-0.046
15169,-0.085
15170,-0.098
15171,0.037
15172,0.105
15173,-0.007
15174,0.095
15175,-0.027
15176,-0.049
15177,-0.049
15178,-0.137
15179,-0.039
15180,0.066
15181,0.0
15182,-0.049
15183,-0.09
15184,0.005
15185,0.059
15186,-0.037
15187,0.073
15188,0.083
15189,-0.015
15190,0.007
15191,0.078
15192,0.112
15193,0.034
15194,-0.054
15195,-0.007
15196,0.054
15197,0.09
15198,0.068
15199,-0.054
15200,-0.159
15201,0.083
15202,0.034
15203,-0.044
15204,-0.039
15205,-0.039
15206,0.142
15207,0.117
15208,0.115
15209,0.0
15210,-0.037
15211,0.071
15212,0.178
15213,-0.012
15214,0.071
15215,0.122
15216,0.186
15217,0.066
15218,0.046
15219,0.037
15220,0.095
15221,-0.037
15222,0.01
15223,-0.063
15224,-0.039
15225,-0.02
15226,-0.132
15227,-0.125
15228,-0.095
15229,-0.034
15230,-0.007
15231,-0.1
15232,-0.02
15233,0.061
15234,0.029
15235,0.02
15236,-0.044
15237,0.007
15238,0.103
15239,-0.122
15240,0.081
15241,0.02
15242,0.012
15243,0.103
15244,-0.122
15245,-0.127
15246,-0.134
15247,-0.044
15248,0.049
15249,-0.046
15250,-0.002
15251,0.005
15252,-0.024
15253,0.015
15254,-0.032
15255,-0.039
15256,-0.015
15257,0.049
15258,0.083
15259,-0.01
15260,-0.012
15261,0.0
15262,-0.061
15263,0.012
15264,0.073
15265,0.046
15266,0.112
15267,0.105
15268,0.029
15269,0.078
15270,0.081
15271,0.02
15272,0.024
15273,0.037
15274,0.01
15275,0.098
15276,0.046
15277,0.024
15278,0.032
15279,0.029
15280,-0.042
15281,0.007
15282,0.039
15283,0.107
15284,0.107
15285,0.007
15286,0.002
15287,0.078
15288,0.046
15289,0.071
15290,0.044
15291,0.073
15292,0.088
15293,0.076
15294,0.061
15295,-0.093
15296,-0.068
15297,-0.039
15298,0.059
15299,0.061
15300,-0.02
15301,-0.056
15302,0.042
15303,0.112
15304,0.002
15305,0.046
15306,0.139
15307,0.073
15308,0.073
15309,0.029
15310,0.042
15311,0.085
15312,0.024
15313,0.039
15314,0.059
15315,-0.022
15316,-0.005
15317,-0.034
15318,0.071
15319,-0.09
15320,-0.071
15321,0.024
15322,0.0
15323,-0.068
15324,-0.051
15325,0.085
15326,0.105
15327,0.039
15328,0.029
15329,0.022
15330,0.063
15331,0.027
15332,0.098
15333,0.037
15334,-0.015
15335,0.007
15336,0.051
15337,-0.02
15338,-0.078
15339,-0.115
15340,-0.012
15341,0.071
15342,-0.034
15343,-0.078
15344,-0.066
15345,-0.098
15346,-0.059
15347,-0.068
15348,-0.029
15349,0.027
15350,0.027
15351,0.11
15352,-0.029
15353,-0.093
15354,-0.054
15355,0.049
15356,0.071
15357,0.059
15358,0.044
15359,0.098
15360,-0.012
15361,-0.027
15362,-0.078
15363,-0.098
15364,-0.081
15365,0.054
15366,0.024
15367,0.088
15368,0.051
15369,-0.044
15370,0.142
15371,0.071
15372,0.095
15373,0.117
15374,0.022
15375,-0.015
15376,-0.051
15377,0.066
15378,0.093
15379,0.051
15380,0.032
15381,-0.002
15382,0.024
15383,0.015
15384,0.127
15385,0.017
15386,0.063
15387,0.132
15388,-0.007
15389,-0.044
15390,0.054
15391,-0.007
15392,-0.032
15393,-0.017
15394,0.042
15395,0.012
15396,0.049
15397,-0.02
15398,-0.039
15399,0.049
15400,0.071
15401,-0.078
15402,-0.105
15403,-0.071
15404,-0.032
15405,0.139
15406,0.059
15407,-0.193
15408,-0.105
15409,0.125
15410,0.017
15411,-0.022
15412,-0.002
15413,0.063
15414,0.098
15415,-0.015
15416,-0.115
15417,-0.09
15418,-0.046
15419,-0.107
15420,-0.042
15421,-0.022
15422,0.049
15423,-0.059
15424,0.012
15425,0.115
15426,0.02
15427,-0.061
15428,0.027
15429,-0.09
15430,-0.073
15431,-0.076
15432,-0.088
15433,-0.1
15434,-0.068
15435,0.005
15436,-0.12
15437,-0.049
15438,-0.122
15439,-0.19
15440,-0.066
15441,-0.088
15442,-0.081
15443,-0.105
15444,-0.1
15445,0.063
15446,0.012
15447,0.073
15448,0.081
15449,-0.066
15450,0.085
15451,0.046
15452,0.034
15453,0.112
15454,0.037
15455,-0.015
15456,-0.076
15457,-0.071
15458,0.063
15459,-0.078
15460,-0.093
15461,-0.051
15462,-0.044
15463,0.012
15464,-0.071
15465,-0.059
15466,0.007
15467,-0.029
15468,-0.046
15469,-0.042
15470,-0.039
15471,-0.015
15472,-0.093
15473,-0.117
15474,-0.059
15475,-0.068
15476,-0.027
15477,-0.188
15478,-0.156
15479,-0.007
15480,-0.12
15481,-0.132
15482,-0.007
15483,-0.117
15484,-0.112
15485,-0.056
15486,-0.127
15487,-0.027
15488,-0.037
15489,-0.063
15490,0.027
15491,0.012
15492,-0.1
15493,-0.061
15494,-0.076
15495,-0.012
15496,-0.051
15497,-0.076
15498,-0.073
15499,-0.068
15500,-0.039
15501,0.007
15502,-0.1
15503,-0.042
15504,-0.085
15505,0.012
15506,0.024
15507,-0.049
15508,-0.134
15509,-0.022
15510,0.005
15511,0.029
15512,-0.076
15513,-0.073
15514,0.022
15515,-0.049
15516,0.015
15517,-0.088
15518,-0.09
15519,-0.02
15520,-0.085
15521,-0.049
15522,-0.044
15523,-0.151
15524,0.012
15525,-0.029
15526,-0.051
15527,-0.071
15528,0.029
15529,0.208
15530,0.139
15531,0.088
15532,0.073
15533,0.183
15534,0.085
15535,-0.078
15536,0.081
15537,0.024
15538,0.071
15539,0.071
15540,-0.054
15541,-0.01
15542,-0.144
15543,0.027
15544,0.017
15545,0.027
15546,-0.037
15547,-0.056
15548,0.007
15549,0.02
15550,0.01
15551,0.017
15552,0.046
15553,0.01
15554,0.01
15555,0.168
15556,-0.068
15557,0.032
15558,-0.044
15559,-0.161
15560,-0.068
15561,-0.151
15562,-0.015
15563,-0.005
15564,-0.115
15565,0.027
15566,0.063
15567,-0.022
15568,-0.032
15569,0.024
15570,0.024
15571,-0.088
15572,-0.002
15573,0.098
15574,0.049
15575,0.103
15576,-0.066
15577,-0.017
15578,0.027
15579,0.0
15580,-0.01
15581,-0.01
15582,-0.049
15583,-0.029
15584,0.046
15585,-0.083
15586,-0.061
15587,-0.093
15588,0.029
15589,-0.007
15590,-0.139
15591,-0.005
15592,0.037
15593,-0.051
15594,-0.073
15595,-0.015
15596,-0.005
15597,-0.049
15598,-0.056
15599,-0.037
15600,-0.012
15601,-0.061
15602,-0.056
15603,-0.044
15604,-0.088
15605,-0.071
15606,-0.024
15607,-0.044
15608,-0.071
15609,-0.015
15610,0.078
15611,-0.049
15612,-0.012
15613,0.107
15614,0.049
15615,-0.073
15616,-0.076
15617,0.076
15618,0.034
15619,-0.02
15620,-0.007
15621,-0.071
15622,-0.02
15623,0.078
15624,0.022
15625,0.042
15626,-0.061
15627,-0.024
15628,0.0
15629,0.007
15630,0.081
15631,0.139
15632,0.078
15633,0.037
15634,-0.02
15635,0.017
15636,0.068
15637,0.049
15638,0.088
15639,0.042
15640,-0.051
15641,0.063
15642,-0.01
15643,0.063
15644,0.015
15645,0.005
15646,0.054
15647,0.012
15648,0.029
15649,0.01
15650,-0.002
15651,0.054
15652,0.044
15653,0.049
15654,0.022
15655,0.029
15656,-0.046
15657,0.02
15658,-0.105
15659,-0.044
15660,-0.034
15661,-0.11
15662,-0.103
15663,-0.112
15664,-0.09
15665,-0.002
15666,-0.037
15667,-0.12
15668,-0.083
15669,-0.017
15670,-0.056
15671,-0.042
15672,0.044
15673,0.029
15674,0.005
15675,0.054
15676,0.029
15677,0.037
15678,0.02
15679,-0.054
15680,-0.01
15681,0.068
15682,-0.103
15683,-0.039
15684,0.112
15685,-0.002
15686,-0.032
15687,-0.071
15688,-0.022
15689,-0.017
15690,0.049
15691,0.034
15692,0.015
15693,-0.012
15694,0.068
15695,0.112
15696,0.061
15697,0.022
15698,0.049
15699,0.054
15700,-0.022
15701,-0.027
15702,-0.005
15703,0.005
15704,-0.032
15705,0.007
15706,-0.088
15707,-0.059
15708,0.017
15709,0.066
15710,0.029
15711,0.012
15712,0.083
15713,0.129
15714,0.056
15715,0.139
15716,0.022
15717,0.066
15718,0.081
15719,0.105
15720,0.044
15721,-0.037
15722,0.085
15723,-0.02
15724,0.105
15725,-0.02
15726,0.017
15727,0.029
15728,-0.017
15729,-0.015
15730,-0.024
15731,0.066
15732,0.027
15733,0.037
15734,0.117
15735,0.044
15736,0.022
15737,0.071
15738,0.024
15739,0.017
15740,0.066
15741,0.071
15742,-0.01
15743,-0.01
15744,0.022
15745,0.049
15746,-0.076
15747,-0.027
15748,0.027
15749,-0.002
15750,0.029
15751,-0.012
15752,-0.073
15753,0.044
15754,0.12
15755,0.095
15756,-0.127
15757,0.068
15758,0.071
15759,0.115
15760,-0.007
15761,-0.112
15762,0.044
15763,0.11
15764,0.037
15765,0.015
15766,-0.078
15767,-0.103
15768,0.132
15769,0.063
15770,-0.127
15771,0.068
15772,0.056
15773,-0.134
15774,-0.112
15775,-0.046
15776,0.127
15777,-0.005
15778,-0.054
15779,0.056
15780,-0.054
15781,0.083
15782,-0.081
15783,-0.09
15784,-0.063
15785,0.022
15786,-0.071
15787,0.063
15788,0.027
15789,0.024
15790,-0.017
15791,-0.046
15792,-0.044
15793,0.083
15794,0.117
15795,0.063
15796,0.017
15797,0.125
15798,0.032
15799,0.071
15800,0.122
15801,0.056
15802,0.085
15803,0.071
15804,0.122
15805,0.095
15806,-0.02
15807,0.039
15808,0.039
15809,-0.056
15810,-0.051
15811,0.149
15812,-0.007
15813,-0.022
15814,-0.01
15815,0.042
15816,0.044
15817,0.037
15818,0.176
15819,-0.017
15820,-0.073
15821,0.107
15822,0.076
15823,-0.054
15824,-0.056
15825,-0.032
15826,0.015
15827,-0.002
15828,-0.051
15829,-0.022
15830,-0.083
15831,0.015
15832,-0.002
15833,0.027
15834,0.088
15835,0.01
15836,0.007
15837,0.061
15838,0.09
15839,0.088
15840,-0.115
15841,-0.076
15842,-0.01
15843,-0.107
15844,-0.066
15845,-0.186
15846,-0.144
15847,-0.139
15848,-0.151
15849,0.051
15850,0.024
15851,-0.02
15852,-0.107
15853,-0.061
15854,0.01
15855,-0.103
15856,-0.056
15857,0.142
15858,0.039
15859,-0.022
15860,-0.024
15861,0.032
15862,0.151
15863,-0.02
15864,0.105
15865,0.046
15866,-0.046
15867,-0.012
15868,-0.044
15869,-0.01
15870,0.027
15871,-0.037
15872,0.044
15873,0.022
15874,-0.061
15875,0.088
15876,0.105
15877,0.137
15878,0.039
15879,0.068
15880,0.146
15881,-0.007
15882,0.037
15883,0.012
15884,0.063
15885,0.093
15886,0.034
15887,0.068
15888,-0.054
15889,0.022
15890,0.11
15891,0.054
15892,0.046
15893,0.137
15894,0.098
15895,0.115
15896,0.107
15897,-0.007
15898,0.012
15899,-0.01
15900,0.142
15901,0.125
15902,-0.076
15903,-0.051
15904,0.088
15905,0.01
15906,-0.085
15907,-0.103
15908,-0.076
15909,0.051
15910,0.027
15911,-0.093
15912,-0.032
15913,0.0
15914,0.037
15915,0.063
15916,-0.054
15917,0.01
15918,0.022
15919,-0.063
15920,0.027
15921,-0.034
15922,-0.029
15923,-0.066
15924,-0.039
15925,-0.029
15926,-0.056
15927,-0.051
15928,0.073
15929,0.056
15930,0.02
15931,-0.024
15932,-0.139
15933,-0.01
15934,0.056
15935,0.0
15936,0.032
15937,-0.046
15938,0.02
15939,0.051
15940,-0.002
15941,-0.007
15942,-0.024
15943,-0.11
15944,-0.046
15945,0.032
15946,0.034
15947,-0.017
15948,-0.085
15949,-0.071
15950,0.005
15951,-0.027
15952,0.002
15953,-0.002
15954,0.015
15955,0.076
15956,0.017
15957,0.01
15958,-0.02
15959,0.046
15960,0.103
15961,0.027
15962,-0.046
15963,-0.107
15964,-0.002
15965,-0.017
15966,-0.02
15967,-0.02
15968,-0.012
15969,-0.054
15970,-0.022
15971,0.039
15972,-0.015
15973,0.032
15974,0.034
15975,0.081
15976,0.029
15977,0.107
15978,0.127
15979,0.173
15980,0.112
15981,0.144
15982,0.198
15983,0.083
15984,0.046
15985,-0.051
15986,-0.032
15987,0.007
15988,-0.022
15989,-0.093
15990,-0.032
15991,-0.071
15992,0.037
15993,-0.012
15994,-0.02
15995,0.095
15996,-0.093
15997,0.046
15998,0.037
15999,-0.073
16000,0.024
16001,0.005
16002,0.115
16003,0.039
16004,-0.056
16005,-0.005
16006,0.017
16007,0.068
16008,0.002
16009,-0.015
16010,-0.007
16011,-0.078
16012,-0.098
16013,-0.085
16014,-0.042
16015,0.081
16016,0.085
16017,-0.029
16018,-0.129
16019,-0.034
16020,-0.007
16021,-0.146
16022,-0.129
16023,-0.024
16024,0.015
16025,-0.127
16026,-0.105
16027,-0.015
16028,-0.105
16029,-0.098
16030,-0.168
16031,-0.11
16032,-0.112
16033,0.068
16034,0.046
16035,-0.127
16036,-0.083
16037,-0.098
16038,-0.076
16039,0.061
16040,0.01
16041,0.056
16042,0.044
16043,-0.015
16044,0.093
16045,0.042
16046,-0.027
16047,-0.032
16048,-0.015
16049,0.0
16050,-0.049
16051,-0.076
16052,0.007
16053,0.183
16054,0.117
16055,0.027
16056,0.039
16057,0.056
16058,-0.017
16059,0.127
16060,0.027
16061,0.0
16062,0.103
16063,-0.063
16064,-0.056
16065,-0.061
16066,0.01
16067,-0.012
16068,0.144
16069,-0.02
16070,0.056
16071,0.066
16072,0.022
16073,0.115
16074,0.051
16075,0.02
16076,-0.054
16077,-0.017
16078,0.002
16079,0.022
16080,0.015
16081,-0.042
16082,-0.076
16083,-0.034
16084,-0.059
16085,-0.068
16086,-0.076
16087,-0.176
16088,-0.12
16089,-0.051
16090,-0.007
16091,-0.093
16092,-0.117
16093,-0.051
16094,-0.024
16095,0.056
16096,0.071
16097,-0.051
16098,-0.059
16099,0.051
16100,-0.022
16101,0.002
16102,-0.115
16103,-0.029
16104,-0.002
16105,-0.112
16106,-0.012
16107,-0.12
16108,-0.125
16109,-0.081
16110,-0.142
16111,-0.095
16112,-0.034
16113,-0.039
16114,-0.129
16115,-0.046
16116,0.056
16117,-0.015
16118,0.029
16119,0.005
16120,-0.027
16121,-0.01
16122,0.017
16123,0.022
16124,0.042
16125,-0.024
16126,0.112
16127,-0.066
16128,-0.085
16129,-0.066
16130,-0.054
16131,-0.027
16132,-0.024
16133,0.039
16134,-0.037
16135,0.032
16136,0.037
16137,-0.024
16138,-0.002
16139,0.081
16140,0.049
16141,-0.022
16142,0.098
16143,0.093
16144,0.107
16145,0.112
16146,0.066
16147,0.017
16148,-0.012
16149,-0.034
16150,-0.054
16151,-0.015
16152,-0.068
16153,0.017
16154,-0.081
16155,-0.056
16156,-0.002
16157,0.076
16158,0.027
16159,0.015
16160,0.039
16161,0.078
16162,-0.01
16163,-0.042
16164,0.015
16165,-0.027
16166,-0.061
16167,-0.071
16168,-0.073
16169,0.039
16170,-0.105
16171,-0.088
16172,-0.037
16173,0.076
16174,-0.017
16175,-0.098
16176,-0.198
16177,-0.083
16178,0.005
16179,0.049
16180,0.095
16181,0.012
16182,0.002
16183,0.132
16184,-0.002
16185,-0.127
16186,-0.164
16187,-0.061
16188,-0.042
16189,-0.146
16190,-0.105
16191,-0.112
16192,-0.127
16193,-0.117
16194,-0.029
16195,-0.022
16196,-0.083
16197,0.002
16198,0.061
16199,-0.027
16200,-0.037
16201,-0.027
16202,0.081
16203,-0.051
16204,0.061
16205,0.054
16206,-0.039
16207,-0.012
16208,-0.066
16209,-0.076
16210,0.005
16211,0.046
16212,-0.071
16213,-0.015
16214,-0.051
16215,0.015
16216,0.034
16217,0.024
16218,0.01
16219,0.056
16220,0.017
16221,-0.01
16222,0.059
16223,0.176
16224,0.09
16225,-0.061
16226,-0.032
16227,0.056
16228,0.095
16229,-0.02
16230,-0.02
16231,-0.002
16232,-0.11
16233,0.01
16234,-0.032
16235,-0.071
16236,0.029
16237,0.015
16238,-0.037
16239,-0.002
16240,-0.005
16241,0.017
16242,0.037
16243,0.195
16244,0.0
16245,0.002
16246,0.081
16247,0.037
16248,-0.017
16249,-0.017
16250,-0.042
16251,-0.032
16252,-0.081
16253,0.01
16254,-0.081
16255,-0.042
16256,0.0
16257,-0.012
16258,0.215
16259,-0.017
16260,-0.083
16261,0.012
16262,-0.024
16263,-0.005
16264,-0.049
16265,0.012
16266,0.161
16267,0.022
16268,-0.085
16269,-0.022
16270,-0.051
16271,0.117
16272,0.022
16273,-0.061
16274,-0.042
16275,-0.032
16276,0.0
16277,-0.071
16278,-0.107
16279,-0.061
16280,0.02
16281,-0.081
16282,-0.073
16283,-0.056
16284,-0.022
16285,0.098
16286,-0.027
16287,-0.11
16288,-0.122
16289,-0.02
16290,-0.022
16291,-0.059
16292,-0.017
16293,0.034
16294,0.156
16295,0.046
16296,0.051
16297,0.007
16298,-0.173
16299,0.029
16300,0.105
16301,0.032
16302,-0.051
16303,-0.024
16304,0.083
16305,0.029
16306,0.037
16307,0.024
16308,-0.034
16309,0.005
16310,0.076
16311,0.034
16312,0.022
16313,0.044
16314,-0.022
16315,0.066
16316,0.044
16317,0.024
16318,0.132
16319,0.073
16320,0.107
16321,0.066
16322,0.103
16323,0.127
16324,0.066
16325,0.076
16326,0.059
16327,0.049
16328,0.083
16329,-0.103
16330,-0.029
16331,0.088
16332,-0.022
16333,0.103
16334,0.042
16335,-0.063
16336,-0.012
16337,-0.015
16338,0.103
16339,0.073
16340,0.042
16341,-0.015
16342,-0.027
16343,-0.007
16344,0.054
16345,-0.02
16346,0.071
16347,0.051
16348,-0.115
16349,-0.071
16350,0.017
16351,-0.139
16352,0.059
16353,0.022
16354,-0.12
16355,-0.085
16356,-0.168
16357,-0.039
16358,-0.073
16359,-0.1
16360,-0.01
16361,-0.054
16362,-0.09
16363,-0.063
16364,-0.107
16365,-0.083
16366,-0.129
16367,-0.122
16368,-0.046
16369,-0.063
16370,-0.012
16371,-0.071
16372,-0.134
16373,-0.151
16374,-0.029
16375,-0.046
16376,-0.042
16377,-0.015
16378,-0.046
16379,-0.046
16380,-0.039
16381,0.017
16382,-0.012
16383,-0.005
16384,0.063
16385,-0.005
16386,0.044
16387,0.066
16388,-0.002
16389,0.012
16390,0.066
16391,0.034
16392,0.071
16393,-0.049
16394,-0.037
16395,0.176
16396,0.09
16397,-0.056
16398,-0.117
16399,-0.017
16400,-0.01
16401,0.11
16402,0.054
16403,0.029
16404,0.02
16405,0.12
16406,0.127
16407,0.066
16408,0.11
16409,0.037
16410,0.073
16411,0.105
16412,0.046
16413,0.044
16414,0.005
16415,0.068
16416,-0.012
16417,0.007
16418,0.164
16419,0.042
16420,0.085
16421,0.02
16422,-0.039
16423,0.205
16424,0.054
16425,0.032
16426,0.056
16427,0.005
16428,0.017
16429,-0.09
16430,-0.105
16431,0.007
16432,-0.063
16433,-0.054
16434,-0.122
16435,-0.168
16436,0.037
16437,0.063
16438,-0.19
16439,-0.061
16440,-0.024
16441,0.005
16442,-0.1
16443,-0.142
16444,0.071
16445,0.029
16446,-0.022
16447,-0.034
16448,-0.188
16449,-0.046
16450,0.039
16451,-0.12
16452,-0.073
16453,0.02
16454,0.012
16455,-0.09
16456,-0.071
16457,0.042
16458,-0.056
16459,0.007
16460,-0.01
16461,-0.029
16462,-0.049
16463,-0.042
16464,0.063
16465,0.007
16466,-0.066
16467,-0.059
16468,-0.039
16469,-0.027
16470,-0.09
16471,-0.1
16472,-0.09
16473,-0.022
16474,-0.024
16475,-0.046
16476,-0.125
16477,-0.1
16478,-0.027
16479,0.02
16480,-0.015
16481,0.01
16482,0.02
16483,0.076
16484,0.068
16485,0.088
16486,0.046
16487,0.071
16488,0.176
16489,0.132
16490,0.134
16491,0.11
16492,-0.044
16493,0.088
16494,0.103
16495,-0.005
16496,-0.017
16497,0.02
16498,0.056
16499,-0.002
16500,0.015
16501,0.017
16502,0.083
16503,0.078
16504,0.073
16505,0.059
16506,0.059
16507,0.034
16508,0.139
16509,0.085
16510,0.054
16511,0.1
16512,0.049
16513,0.098
16514,-0.01
16515,-0.054
16516,-0.068
16517,-0.044
16518,-0.056
16519,0.085
16520,-0.017
16521,-0.068
16522,0.032
16523,0.002
16524,-0.088
16525,-0.073
16526,0.105
16527,-0.115
16528,-0.034
16529,0.051
16530,-0.095
16531,-0.061
16532,-0.154
16533,-0.066
16534,0.02
16535,-0.046
16536,-0.044
16537,-0.007
16538,-0.051
16539,-0.056
16540,-0.095
16541,-0.117
16542,0.02
16543,-0.042
16544,-0.1
16545,-0.127
16546,-0.071
16547,-0.012
16548,0.012
16549,-0.01
16550,0.032
16551,0.007
16552,-0.037
16553,0.037
16554,-0.002
16555,-0.115
16556,-0.037
16557,-0.081
16558,-0.144
16559,-0.115
16560,-0.083
16561,0.02
16562,0.017
16563,0.02
16564,-0.01
16565,0.061
16566,0.0
16567,-0.063
16568,0.127
16569,0.039
16570,0.034
16571,-0.029
16572,0.112
16573,0.068
16574,-0.051
16575,-0.012
16576,0.039
16577,0.112
16578,0.083
16579,0.034
16580,0.125
16581,-0.007
16582,-0.02
16583,-0.007
16584,0.105
16585,0.154
16586,0.11
16587,0.076
16588,0.085
16589,0.107
16590,0.049
16591,0.081
16592,-0.027
16593,0.032
16594,0.034
16595,-0.015
16596,-0.02
16597,0.007
16598,0.051
16599,-0.01
16600,-0.09
16601,-0.046
16602,-0.002
16603,0.024
16604,-0.01
16605,-0.005
16606,-0.02
16607,-0.01
16608,0.029
16609,-0.022
16610,-0.059
16611,-0.049
16612,-0.015
16613,-0.042
16614,-0.107
16615,-0.095
16616,-0.139
16617,0.005
16618,-0.078
16619,-0.234
16620,-0.12
16621,0.015
16622,-0.017
16623,-0.098
16624,-0.12
16625,0.044
16626,-0.078
16627,-0.034
16628,0.081
16629,0.005
16630,0.02
16631,-0.005
16632,0.015
16633,0.029
16634,-0.059
16635,0.042
16636,0.027
16637,0.002
16638,0.012
16639,-0.081
16640,-0.066
16641,0.007
16642,0.012
16643,-0.071
16644,-0.022
16645,-0.005
16646,0.017
16647,0.0
16648,-0.039
16649,0.015
16650,-0.024
16651,-0.081
16652,-0.154
16653,-0.061
16654,0.029
16655,0.059
16656,-0.051
16657,-0.02
16658,0.059
16659,0.005
16660,0.032
16661,0.037
16662,-0.039
16663,0.029
16664,-0.024
16665,0.056
16666,-0.01
16667,-0.024
16668,0.103
16669,0.046
16670,0.076
16671,0.049
16672,0.042
16673,0.066
16674,-0.012
16675,0.01
16676,0.027
16677,0.09
16678,0.056
16679,0.015
16680,0.0
16681,0.032
16682,-0.046
16683,-0.039
16684,-0.022
16685,-0.073
16686,0.068
16687,0.107
16688,0.049
16689,-0.034
16690,0.027
16691,-0.022
16692,0.002
16693,0.083
16694,0.02
16695,-0.044
16696,-0.061
16697,-0.012
16698,0.049
16699,0.044
16700,-0.063
16701,0.0
16702,-0.015
16703,-0.01
16704,-0.076
16705,-0.083
16706,0.012
16707,0.01
16708,0.002
16709,-0.002
16710,-0.051
16711,-0.02
16712,-0.073
16713,0.042
16714,-0.105
16715,-0.061
16716,-0.09
16717,-0.122
16718,-0.073
16719,-0.039
16720,-0.037
16721,-0.059
16722,-0.149
16723,-0.066
16724,0.005
16725,0.049
16726,0.081
16727,0.061
16728,0.015
16729,-0.078
16730,-0.078
16731,0.056
16732,0.061
16733,0.071
16734,-0.017
16735,-0.037
16736,-0.005
16737,-0.095
16738,-0.015
16739,-0.017
16740,-0.037
16741,-0.027
16742,-0.168
16743,-0.181
16744,-0.042
16745,-0.093
16746,-0.042
16747,0.063
16748,0.107
16749,0.063
16750,0.0
16751,0.01
16752,0.012
16753,0.134
16754,0.156
16755,0.132
16756,0.183
16757,0.093
16758,-0.059
16759,0.01
16760,0.054
16761,0.034
16762,-0.056
16763,-0.083
16764,0.066
16765,0.034
16766,0.098
16767,0.012
16768,0.042
16769,0.073
16770,0.061
16771,0.095
16772,-0.032
16773,-0.054
16774,-0.095
16775,-0.044
16776,-0.078
16777,-0.024
16778,-0.046
16779,-0.056
16780,-0.183
16781,-0.117
16782,-0.105
16783,-0.054
16784,-0.117
16785,-0.029
16786,-0.002
16787,0.042
16788,0.081
16789,0.073
16790,0.022
16791,0.105
16792,-0.056
16793,0.098
16794,0.029
16795,-0.015
16796,-0.024
16797,-0.059
16798,-0.017
16799,0.083
16800,-0.083
16801,-0.073
16802,-0.037
16803,-0.068
16804,-0.012
16805,-0.107
16806,-0.081
16807,-0.032
16808,-0.032
16809,0.054
16810,0.059
16811,-0.061
16812,-0.044
16813,0.042
16814,-0.01
16815,-0.042
16816,0.007
16817,-0.044
16818,-0.049
16819,-0.12
16820,-0.024
16821,-0.095
16822,-0.188
16823,-0.078
16824,-0.054
16825,0.032
16826,0.142
16827,0.078
16828,0.066
16829,-0.046
16830,0.012
16831,0.117
16832,0.081
16833,0.071
16834,0.059
16835,0.051
16836,0.1
16837,-0.029
16838,-0.015
16839,-0.012
16840,-0.022
16841,0.107
16842,-0.02
16843,-0.09
16844,-0.007
16845,-0.068
16846,-0.134
16847,-0.027
16848,-0.085
16849,0.051
16850,-0.002
16851,0.024
16852,0.146
16853,0.032
16854,0.054
16855,0.11
16856,-0.032
16857,0.032
16858,0.088
16859,0.032
16860,-0.095
16861,-0.042
16862,0.029
16863,-0.059
16864,-0.229
16865,-0.063
16866,-0.044
16867,-0.056
16868,0.176
16869,-0.027
16870,-0.076
16871,0.088
16872,0.029
16873,-0.015
16874,0.1
16875,0.071
16876,-0.005
16877,0.095
16878,-0.015
16879,0.032
16880,-0.088
16881,-0.103
16882,-0.1
16883,-0.11
16884,-0.129
16885,-0.173
16886,-0.103
16887,-0.093
16888,-0.144
16889,-0.178
16890,-0.137
16891,-0.149
16892,-0.039
16893,-0.042
16894,0.037
16895,0.054
16896,-0.042
16897,0.078
16898,0.063
16899,0.051
16900,-0.056
16901,0.027
16902,0.027
16903,0.027
16904,-0.032
16905,-0.054
16906,-0.032
16907,-0.066
16908,0.034
16909,-0.127
16910,-0.017
16911,-0.015
16912,0.037
16913,0.103
16914,0.017
16915,0.0
16916,0.066
16917,0.007
16918,0.032
16919,0.029
16920,0.024
16921,0.042
16922,0.129
16923,0.029
16924,0.027
16925,0.09
16926,0.083
16927,-0.002
16928,0.005
16929,-0.032
16930,0.059
16931,0.103
16932,0.132
16933,0.166
16934,0.063
16935,-0.034
16936,0.061
16937,0.129
16938,0.029
16939,-0.005
16940,0.073
16941,0.051
16942,0.032
16943,0.002
16944,-0.071
16945,-0.063
16946,0.005
16947,-0.083
16948,-0.054
16949,0.0
16950,0.017
16951,-0.02
16952,-0.09
16953,-0.022
16954,0.046
16955,0.112
16956,0.017
16957,-0.068
16958,-0.132
16959,0.007
16960,0.012
16961,-0.024
16962,0.029
16963,-0.029
16964,-0.068
16965,-0.017
16966,-0.039
16967,-0.095
16968,0.012
16969,0.059
16970,-0.024
16971,-0.061
16972,-0.024
16973,0.024
16974,-0.012
16975,-0.095
16976,-0.071
16977,-0.015
16978,-0.024
16979,-0.024
16980,-0.071
16981,-0.022
16982,-0.049
16983,-0.12
16984,-0.007
16985,-0.007
16986,0.0
16987,-0.017
16988,0.034
16989,0.071
16990,-0.051
16991,-0.005
16992,-0.022
16993,0.034
16994,-0.027
16995,-0.059
16996,-0.005
16997,0.066
16998,0.061
16999,0.034
17000,0.017
17001,-0.073
17002,-0.029
17003,0.061
17004,-0.049
17005,-0.056
17006,-0.029
17007,0.103
17008,0.093
17009,0.02
17010,-0.005
17011,0.134
17012,0.024
17013,0.022
17014,0.054
17015,0.042
17016,0.103
17017,-0.012
17018,-0.02
17019,0.029
17020,-0.029
17021,0.012
17022,0.002
17023,-0.063
17024,0.007
17025,-0.056
17026,-0.034
17027,0.054
17028,-0.042
17029,0.022
17030,0.054
17031,0.066
17032,-0.173
17033,-0.029
17034,0.127
17035,0.122
17036,-0.044
17037,-0.015
17038,-0.046
17039,0.012
17040,0.078
17041,-0.007
17042,-0.054
17043,-0.054
17044,-0.061
17045,-0.078
17046,-0.051
17047,-0.042
17048,0.098
17049,-0.105
17050,-0.032
17051,0.002
17052,-0.066
17053,-0.029
17054,-0.059
17055,0.076
17056,0.027
17057,-0.024
17058,0.032
17059,-0.042
17060,-0.139
17061,-0.095
17062,-0.105
17063,-0.115
17064,-0.112
17065,-0.146
17066,-0.1
17067,-0.071
17068,-0.024
17069,-0.083
17070,0.029
17071,0.085
17072,0.017
17073,0.037
17074,0.056
17075,0.066
17076,-0.022
17077,-0.09
17078,-0.027
17079,-0.032
17080,-0.024
17081,0.066
17082,-0.032
17083,0.042
17084,0.022
17085,0.034
17086,-0.005
17087,-0.037
17088,-0.029
17089,-0.078
17090,-0.017
17091,0.129
17092,0.073
17093,0.093
17094,0.037
17095,0.11
17096,0.146
17097,0.134
17098,0.051
17099,0.129
17100,0.049
17101,-0.005
17102,0.076
17103,-0.01
17104,0.032
17105,0.039
17106,-0.01
17107,0.071
17108,-0.024
17109,-0.078
17110,0.039
17111,-0.059
17112,0.117
17113,0.081
17114,-0.024
17115,0.122
17116,0.02
17117,0.002
17118,0.117
17119,0.012
17120,-0.039
17121,0.059
17122,0.046
17123,-0.105
17124,-0.164
17125,-0.125
17126,-0.098
17127,-0.032
17128,-0.061
17129,-0.093
17130,-0.022
17131,-0.09
17132,-0.083
17133,0.059
17134,-0.056
17135,-0.054
17136,-0.02
17137,-0.039
17138,-0.037
17139,-0.02
17140,-0.054
17141,-0.005
17142,-0.081
17143,-0.022
17144,-0.073
17145,-0.178
17146,-0.103
17147,-0.042
17148,-0.115
17149,-0.107
17150,-0.081
17151,0.024
17152,-0.078
17153,-0.059
17154,-0.042
17155,0.085
17156,0.061
17157,-0.164
17158,-0.039
17159,0.081
17160,0.012
17161,-0.034
17162,0.015
17163,-0.032
17164,-0.11
17165,-0.078
17166,-0.029
17167,-0.12
17168,-0.056
17169,0.056
17170,-0.042
17171,-0.088
17172,-0.039
17173,-0.029
17174,-0.029
17175,-0.02
17176,0.017
17177,0.107
17178,0.034
17179,0.0
17180,0.046
17181,-0.012
17182,0.11
17183,0.176
17184,0.066
17185,-0.042
17186,0.027
17187,0.078
17188,0.029
17189,0.081
17190,0.081
17191,-0.037
17192,0.01
17193,0.066
17194,0.044
17195,0.12
17196,0.002
17197,0.078
17198,0.1
17199,0.098
17200,0.112
17201,0.085
17202,0.09
17203,0.0
17204,-0.076
17205,-0.112
17206,0.01
17207,-0.024
17208,-0.054
17209,0.049
17210,-0.112
17211,-0.088
17212,0.017
17213,0.01
17214,-0.115
17215,-0.039
17216,0.083
17217,0.054
17218,0.073
17219,0.0
17220,0.005
17221,0.073
17222,0.095
17223,-0.012
17224,-0.11
17225,0.012
17226,0.037
17227,-0.042
17228,-0.042
17229,0.056
17230,0.01
17231,-0.024
17232,-0.027
17233,-0.042
17234,-0.076
17235,0.027
17236,-0.017
17237,-0.039
17238,-0.022
17239,-0.032
17240,-0.046
17241,-0.042
17242,-0.017
17243,-0.085
17244,-0.02
17245,0.0
17246,0.015
17247,-0.085
17248,0.017
17249,-0.02
17250,-0.127
17251,-0.024
17252,0.068
17253,0.056
17254,0.056
17255,0.11
17256,0.093
17257,0.066
17258,0.076
17259,-0.005
17260,0.122
17261,0.044
17262,0.037
17263,0.125
17264,0.11
17265,0.029
17266,0.066
17267,-0.017
17268,0.046
17269,0.005
17270,0.12
17271,0.002
17272,0.0
17273,-0.022
17274,0.076
17275,0.171
17276,0.054
17277,0.002
17278,0.115
17279,0.117
17280,0.127
17281,0.071
17282,0.129
17283,0.056
17284,0.02
17285,0.022
17286,0.083
17287,0.005
17288,-0.027
17289,0.054
17290,-0.054
17291,-0.024
17292,-0.002
17293,0.024
17294,-0.012
17295,-0.01
17296,0.039
17297,0.051
17298,-0.059
17299,0.083
17300,-0.01
17301,-0.012
17302,0.022
17303,-0.017
17304,0.02
17305,-0.09
17306,-0.139
17307,-0.034
17308,-0.059
17309,-0.071
17310,-0.156
17311,-0.129
17312,-0.061
17313,0.103
17314,-0.01
17315,0.0
17316,-0.007
17317,0.056
17318,-0.046
17319,-0.088
17320,-0.034
17321,0.012
17322,0.103
17323,0.095
17324,-0.034
17325,-0.156
17326,0.015
17327,0.037
17328,-0.066
17329,-0.11
17330,-0.107
17331,0.051
17332,0.059
17333,-0.054
17334,-0.024
17335,0.044
17336,0.044
17337,0.046
17338,0.01
17339,0.11
17340,0.063
17341,0.002
17342,0.083
17343,-0.015
17344,0.1
17345,0.005
17346,0.056
17347,0.09
17348,0.051
17349,0.032
17350,-0.054
17351,-0.068
17352,0.044
17353,0.042
17354,-0.071
17355,-0.032
17356,0.115
17357,0.146
17358,0.017
17359,0.188
17360,0.168
17361,0.127
17362,0.142
17363,0.105
17364,0.01
17365,0.093
17366,0.171
17367,0.144
17368,0.015
17369,0.098
17370,-0.032
17371,-0.01
17372,0.107
17373,0.09
17374,-0.044
17375,0.024
17376,0.078
17377,0.081
17378,-0.005
17379,0.007
17380,0.107
17381,-0.002
17382,0.037
17383,0.061
17384,0.017
17385,0.071
17386,-0.107
17387,-0.032
17388,0.037
17389,0.022
17390,-0.051
17391,-0.107
17392,0.027
17393,0.002
17394,0.071
17395,0.112
17396,-0.054
17397,0.034
17398,-0.039
17399,0.066
17400,0.054
17401,-0.059
17402,0.054
17403,-0.117
17404,-0.088
17405,-0.071
17406,-0.164
17407,-0.061
17408,-0.137
17409,-0.149
17410,-0.168
17411,-0.076
17412,-0.015
17413,-0.227
17414,-0.115
17415,-0.046
17416,-0.005
17417,-0.063
17418,-0.022
17419,0.037
17420,-0.034
17421,0.063
17422,0.039
17423,-0.022
17424,0.093
17425,-0.061
17426,-0.046
17427,-0.007
17428,-0.044
17429,0.027
17430,-0.01
17431,-0.09
17432,-0.071
17433,-0.081
17434,-0.117
17435,-0.066
17436,-0.049
17437,-0.017
17438,0.027
17439,-0.034
17440,0.015
17441,0.142
17442,0.137
17443,0.11
17444,-0.007
17445,0.0
17446,0.071
17447,0.029
17448,0.02
17449,-0.076
17450,-0.034
17451,0.054
17452,-0.063
17453,-0.166
17454,-0.154
17455,-0.071
17456,0.085
17457,0.12
17458,0.029
17459,-0.105
17460,0.051
17461,0.042
17462,0.032
17463,-0.015
17464,0.022
17465,0.173
17466,0.022
17467,-0.029
17468,-0.02
17469,0.01
17470,-0.015
17471,-0.034
17472,-0.115
17473,-0.005
17474,0.071
17475,-0.002
17476,-0.09
17477,-0.027
17478,-0.044
17479,-0.046
17480,0.066
17481,-0.056
17482,-0.066
17483,0.0
17484,0.063
17485,-0.005
17486,-0.039
17487,-0.09
17488,-0.139
17489,-0.11
17490,-0.225
17491,-0.107
17492,-0.125
17493,-0.134
17494,-0.051
17495,-0.093
17496,-0.168
17497,-0.083
17498,-0.156
17499,-0.076
17500,-0.063
17501,-0.005
17502,0.007
17503,-0.107
17504,-0.039
17505,0.068
17506,-0.01
17507,-0.022
17508,0.002
17509,0.002
17510,0.034
17511,0.01
17512,0.034
17513,0.022
17514,-0.073
17515,0.098
17516,0.005
17517,-0.022
17518,0.029
17519,0.137
17520,0.103
17521,-0.02
17522,0.068
17523,0.144
17524,0.056
17525,0.073
17526,0.161
17527,0.054
17528,0.042
17529,0.02
17530,-0.042
17531,-0.002
17532,0.022
17533,-0.051
17534,-0.078
17535,-0.029
17536,-0.085
17537,0.012
17538,0.029
17539,0.039
17540,0.066
17541,0.024
17542,0.046
17543,0.032
17544,-0.007
17545,0.032
17546,0.017
17547,-0.005
17548,-0.024
17549,0.007
17550,0.01
17551,-0.022
17552,0.032
17553,-0.054
17554,-0.063
17555,-0.063
17556,-0.068
17557,-0.088
17558,0.017
17559,0.022
17560,-0.032
17561,-0.02
17562,-0.154
17563,0.049
17564,0.105
17565,-0.027
17566,-0.044
17567,-0.027
17568,-0.012
17569,-0.12
17570,-0.098
17571,-0.181
17572,-0.122
17573,-0.122
17574,-0.139
17575,-0.042
17576,-0.166
17577,-0.032
17578,0.02
17579,-0.112
17580,-0.071
17581,-0.127
17582,-0.054
17583,0.054
17584,-0.095
17585,0.027
17586,0.002
17587,-0.083
17588,0.042
17589,0.007
17590,-0.051
17591,-0.061
17592,-0.105
17593,-0.115
17594,-0.01
17595,0.083
17596,-0.076
17597,-0.044
17598,-0.054
17599,-0.027
17600,-0.071
17601,-0.081
17602,-0.071
17603,-0.015
17604,0.063
17605,0.034
17606,0.103
17607,0.005
17608,0.073
17609,0.117
17610,-0.103
17611,-0.066
17612,0.012
17613,0.093
17614,-0.042
17615,-0.073
17616,-0.056
17617,-0.032
17618,-0.007
17619,0.002
17620,0.007
17621,-0.056
17622,0.027
17623,0.149
17624,0.171
17625,0.122
17626,0.071
17627,-0.012
17628,0.156
17629,0.112
17630,0.027
17631,0.085
17632,0.063
17633,0.037
17634,0.012
17635,-0.005
17636,0.056
17637,-0.046
17638,-0.046
17639,-0.068
17640,-0.032
17641,0.146
17642,0.073
17643,-0.002
17644,0.024
17645,0.032
17646,0.024
17647,-0.068
17648,-0.107
17649,-0.034
17650,0.0
17651,-0.054
17652,-0.181
17653,-0.059
17654,0.083
17655,-0.056
17656,-0.105
17657,-0.105
17658,-0.1
17659,0.071
17660,-0.093
17661,-0.054
17662,-0.063
17663,0.027
17664,-0.027
17665,-0.098
17666,-0.032
17667,0.01
17668,-0.029
17669,-0.073
17670,-0.071
17671,-0.068
17672,-0.039
17673,-0.12
17674,-0.105
17675,0.0
17676,0.002
17677,0.085
17678,0.015
17679,-0.093
17680,0.056
17681,0.054
17682,0.063
17683,0.059
17684,0.056
17685,0.061
17686,0.051
17687,0.01
17688,0.049
17689,-0.002
17690,-0.024
17691,0.012
17692,0.022
17693,-0.051
17694,-0.098
17695,-0.039
17696,-0.039
17697,0.063
17698,-0.11
17699,-0.081
17700,0.083
17701,0.083
17702,-0.095
17703,-0.046
17704,0.093
17705,0.024
17706,0.132
17707,0.0
17708,0.01
17709,-0.005
17710,0.054
17711,-0.024
17712,-0.095
17713,0.024
17714,0.046
17715,-0.1
17716,-0.112
17717,-0.022
17718,-0.039
17719,-0.042
17720,-0.046
17721,-0.039
17722,0.044
17723,-0.007
17724,-0.007
17725,-0.042
17726,0.046
17727,0.032
17728,0.11
17729,0.095
17730,0.027
17731,-0.032
17732,-0.061
17733,-0.078
17734,0.017
17735,-0.032
17736,0.022
17737,-0.022
17738,-0.112
17739,-0.071
17740,-0.005
17741,-0.105
17742,-0.112
17743,-0.02
17744,-0.061
17745,-0.066
17746,-0.117
17747,-0.015
17748,0.051
17749,-0.01
17750,0.012
17751,-0.012
17752,0.037
17753,0.149
17754,0.227
17755,0.073
17756,-0.205
17757,-0.002
17758,0.225
17759,0.112
17760,-0.078
17761,0.046
17762,0.154
17763,-0.005
17764,-0.059
17765,0.056
17766,0.076
17767,0.137
17768,0.073
17769,0.015
17770,0.151
17771,-0.012
17772,-0.042
17773,-0.024
17774,0.073
17775,0.125
17776,0.1
17777,-0.005
17778,0.037
17779,0.088
17780,0.078
17781,0.085
17782,-0.032
17783,0.068
17784,0.078
17785,-0.012
17786,0.085
17787,-0.051
17788,0.105
17789,0.095
17790,0.017
17791,0.027
17792,0.105
17793,0.027
17794,-0.005
17795,-0.017
17796,0.144
17797,-0.051
17798,-0.159
17799,0.046
17800,0.02
17801,0.01
17802,0.034
17803,0.093
17804,0.21
17805,0.056
17806,0.098
17807,0.068
17808,0.029
17809,0.11
17810,-0.044
17811,-0.142
17812,0.037
17813,-0.034
17814,-0.039
17815,-0.166
17816,-0.247
17817,-0.027
17818,-0.046
17819,-0.042
17820,-0.117
17821,-0.076
17822,0.044
17823,0.117
17824,-0.007
17825,-0.083
17826,-0.083
17827,0.042
17828,0.0
17829,-0.081
17830,-0.066
17831,0.095
17832,0.027
17833,-0.029
17834,-0.054
17835,0.02
17836,0.051
17837,-0.076
17838,-0.12
17839,-0.044
17840,-0.09
17841,0.083
17842,0.027
17843,-0.034
17844,0.01
17845,-0.059
17846,-0.044
17847,0.066
17848,-0.078
17849,0.005
17850,-0.049
17851,0.029
17852,0.015
17853,-0.117
17854,0.049
17855,0.012
17856,0.01
17857,0.046
17858,0.071
17859,0.056
17860,0.073
17861,0.059
17862,0.027
17863,-0.061
17864,0.095
17865,0.139
17866,0.134
17867,0.078
17868,0.161
17869,0.068
17870,-0.01
17871,0.093
17872,-0.042
17873,0.037
17874,0.01
17875,0.059
17876,0.088
17877,0.022
17878,0.027
17879,0.083
17880,0.107
17881,0.181
17882,0.024
17883,0.085
17884,0.015
17885,0.115
17886,0.093
17887,0.029
17888,0.193
17889,0.027
17890,-0.005
17891,0.034
17892,0.039
17893,-0.029
17894,-0.098
17895,-0.095
17896,-0.144
17897,-0.107
17898,-0.139
17899,-0.095
17900,-0.178
17901,-0.142
17902,-0.022
17903,-0.046
17904,-0.098
17905,0.044
17906,-0.105
17907,-0.19
17908,-0.164
17909,-0.059
17910,-0.037
17911,-0.098
17912,0.046
17913,-0.1
17914,-0.039
17915,-0.061
17916,-0.112
17917,-0.144
17918,-0.164
17919,0.005
17920,0.005
17921,-0.073
17922,-0.066
17923,-0.081
17924,-0.103
17925,-0.061
17926,0.054
17927,0.002
17928,0.027
17929,-0.002
17930,0.071
17931,0.049
17932,-0.095
17933,-0.046
17934,-0.071
17935,0.017
17936,0.002
17937,-0.088
17938,-0.149
17939,-0.027
17940,-0.037
17941,0.007
17942,-0.017
17943,-0.061
17944,0.0
17945,0.049
17946,-0.044
17947,0.144
17948,0.12
17949,0.083
17950,0.132
17951,0.19
17952,0.076
17953,0.098
17954,0.085
17955,0.149
17956,-0.007
17957,0.027
17958,0.015
17959,0.076
17960,0.012
17961,-0.073
17962,-0.071
17963,-0.017
17964,0.078
17965,0.103
17966,-0.044
17967,0.02
17968,0.09
17969,0.088
17970,0.132
17971,0.098
17972,0.029
17973,0.12
17974,0.085
17975,0.061
17976,-0.012
17977,-0.037
17978,0.098
17979,0.134
17980,0.083
17981,-0.063
17982,-0.005
17983,0.107
17984,-0.078
17985,-0.088
17986,-0.017
17987,-0.027
17988,0.034
17989,-0.032
17990,-0.154
17991,-0.056
17992,-0.042
17993,-0.012
17994,0.044
17995,-0.059
17996,0.029
17997,-0.076
17998,-0.115
17999,-0.054
18000,-0.024
18001,0.039
18002,0.012
18003,-0.002
18004,0.007
18005,-0.059
18006,-0.039
18007,0.002
18008,0.005
18009,-0.02
18010,-0.061
18011,-0.049
18012,0.005
18013,-0.081
18014,0.002
18015,-0.039
18016,-0.12
18017,-0.051
18018,0.034
18019,0.085
18020,-0.002
18021,-0.1
18022,-0.012
18023,0.005
18024,0.007
18025,-0.046
18026,-0.139
18027,0.056
18028,0.127
18029,0.122
18030,0.1
18031,0.032
18032,0.1
18033,0.054
18034,-0.042
18035,0.007
18036,0.034
18037,-0.005
18038,0.022
18039,0.007
18040,0.076
18041,0.149
18042,-0.054
18043,0.044
18044,-0.061
18045,0.098
18046,0.164
18047,0.159
18048,0.056
18049,-0.078
18050,0.063
18051,0.063
18052,0.049
18053,-0.012
18054,0.11
18055,0.051
18056,-0.01
18057,0.049
18058,0.042
18059,0.061
18060,0.017
18061,0.073
18062,0.073
18063,0.066
18064,0.081
18065,0.071
18066,0.098
18067,0.112
18068,0.078
18069,0.039
18070,0.01
18071,0.005
18072,-0.022
18073,-0.017
18074,0.068
18075,-0.051
18076,-0.007
18077,-0.051
18078,-0.071
18079,-0.007
18080,-0.042
18081,-0.093
18082,-0.093
18083,0.063
18084,-0.007
18085,-0.093
18086,-0.081
18087,-0.063
18088,-0.012
18089,0.037
18090,0.022
18091,0.022
18092,-0.007
18093,-0.039
18094,-0.029
18095,0.039
18096,0.046
18097,0.085
18098,-0.032
18099,-0.071
18100,-0.017
18101,-0.083
18102,-0.051
18103,-0.007
18104,-0.012
18105,0.002
18106,-0.061
18107,0.024
18108,-0.024
18109,0.01
18110,0.032
18111,0.103
18112,0.066
18113,-0.11
18114,-0.056
18115,-0.078
18116,-0.042
18117,0.083
18118,0.017
18119,0.002
18120,0.046
18121,-0.034
18122,-0.032
18123,0.076
18124,0.095
18125,0.024
18126,0.029
18127,0.073
18128,0.044
18129,0.1
18130,0.095
18131,0.083
18132,0.137
18133,0.161
18134,0.137
18135,-0.015
18136,0.042
18137,0.044
18138,0.029
18139,0.039
18140,0.042
18141,0.1
18142,0.007
18143,0.103
18144,0.029
18145,0.049
18146,-0.09
18147,0.073
18148,0.076
18149,0.078
18150,0.098
18151,0.017
18152,0.005
18153,0.078
18154,0.11
18155,-0.044
18156,-0.005
18157,-0.012
18158,0.037
18159,-0.032
18160,-0.093
18161,-0.078
18162,0.012
18163,0.015
18164,0.059
18165,0.068
18166,0.037
18167,0.127
18168,0.042
18169,0.046
18170,0.059
18171,-0.015
18172,-0.005
18173,-0.085
18174,-0.01
18175,0.039
18176,0.107
18177,-0.029
18178,0.02
18179,-0.012
18180,-0.076
18181,-0.061
18182,-0.083
18183,-0.027
18184,-0.076
18185,-0.122
18186,-0.146
18187,-0.012
18188,-0.149
18189,-0.103
18190,-0.042
18191,-0.066
18192,-0.027
18193,-0.161
18194,-0.132
18195,0.029
18196,-0.044
18197,-0.122
18198,-0.154
18199,-0.059
18200,-0.056
18201,-0.02
18202,-0.01
18203,0.073
18204,0.122
18205,0.149
18206,0.137
18207,-0.125
18208,0.044
18209,0.027
18210,-0.037
18211,0.059
18212,0.051
18213,0.015
18214,-0.007
18215,-0.159
18216,0.059
18217,-0.007
18218,-0.007
18219,0.02
18220,-0.125
18221,-0.005
18222,0.037
18223,-0.034
18224,-0.046
18225,0.005
18226,-0.029
18227,0.054
18228,-0.007
18229,-0.049
18230,0.034
18231,-0.042
18232,-0.034
18233,-0.139
18234,-0.034
18235,0.049
18236,-0.037
18237,-0.071
18238,-0.078
18239,-0.063
18240,-0.117
18241,-0.039
18242,-0.09
18243,-0.056
18244,-0.024
18245,-0.024
18246,-0.01
18247,0.056
18248,0.012
18249,0.0
18250,-0.098
18251,-0.1
18252,-0.095
18253,0.044
18254,0.037
18255,-0.037
18256,-0.115
18257,-0.225
18258,-0.042
18259,-0.085
18260,-0.105
18261,-0.056
18262,-0.039
18263,0.056
18264,-0.081
18265,-0.066
18266,-0.032
18267,-0.002
18268,-0.073
18269,-0.034
18270,0.012
18271,0.054
18272,0.073
18273,-0.068
18274,-0.044
18275,-0.115
18276,-0.063
18277,0.002
18278,-0.051
18279,-0.039
18280,-0.007
18281,0.032
18282,-0.059
18283,-0.107
18284,0.005
18285,0.032
18286,-0.078
18287,-0.056
18288,0.039
18289,0.044
18290,0.027
18291,0.024
18292,0.037
18293,-0.085
18294,0.039
18295,-0.071
18296,-0.164
18297,-0.054
18298,-0.071
18299,-0.017
18300,-0.032
18301,-0.068
18302,-0.029
18303,-0.063
18304,-0.1
18305,-0.078
18306,-0.076
18307,-0.034
18308,0.034
18309,-0.051
18310,0.012
18311,0.007
18312,-0.017
18313,0.046
18314,0.085
18315,0.039
18316,0.049
18317,-0.005
18318,-0.051
18319,-0.078
18320,-0.015
18321,-0.044
18322,-0.061
18323,-0.049
18324,-0.151
18325,0.061
18326,0.044
18327,-0.029
18328,-0.073
18329,-0.081
18330,-0.049
18331,0.012
18332,-0.005
18333,-0.073
18334,-0.085
18335,-0.017
18336,0.037
18337,-0.076
18338,-0.059
18339,-0.176
18340,-0.046
18341,0.005
18342,-0.132
18343,-0.049
18344,-0.037
18345,-0.044
18346,-0.042
18347,-0.061
18348,-0.112
18349,0.037
18350,-0.015
18351,-0.051
18352,-0.076
18353,-0.037
18354,-0.051
18355,-0.103
18356,-0.054
18357,-0.112
18358,-0.049
18359,0.027
18360,-0.039
18361,-0.005
18362,-0.095
18363,-0.159
18364,-0.12
18365,0.005
18366,-0.095
18367,-0.042
18368,-0.046
18369,-0.032
18370,-0.063
18371,-0.046
18372,-0.139
18373,-0.142
18374,-0.066
18375,-0.007
18376,-0.056
18377,-0.09
18378,0.01
18379,-0.039
18380,-0.027
18381,0.034
18382,0.063
18383,-0.071
18384,-0.073
18385,0.051
18386,0.046
18387,0.056
18388,-0.015
18389,0.034
18390,0.122
18391,0.027
18392,0.159
18393,0.015
18394,0.083
18395,0.073
18396,0.103
18397,0.066
18398,0.022
18399,0.042
18400,0.076
18401,0.049
18402,0.09
18403,-0.022
18404,-0.027
18405,-0.02
18406,-0.049
18407,0.0
18408,0.015
18409,0.017
18410,0.005
18411,-0.012
18412,0.024
18413,0.032
18414,-0.044
18415,-0.002
18416,0.017
18417,-0.059
18418,0.032
18419,-0.09
18420,-0.071
18421,-0.042
18422,-0.142
18423,-0.051
18424,-0.051
18425,-0.088
18426,-0.024
18427,-0.01
18428,0.056
18429,-0.034
18430,0.046
18431,0.0
18432,0.002
18433,-0.01
18434,0.078
18435,0.01
18436,-0.054
18437,-0.032
18438,0.032
18439,-0.042
18440,-0.168
18441,-0.093
18442,-0.007
18443,0.049
18444,-0.09
18445,-0.09
18446,-0.059
18447,-0.059
18448,0.037
18449,0.139
18450,-0.01
18451,0.059
18452,0.054
18453,0.083
18454,0.093
18455,0.007
18456,0.117
18457,0.078
18458,0.068
18459,-0.007
18460,-0.081
18461,0.054
18462,-0.051
18463,-0.015
18464,-0.095
18465,0.027
18466,0.078
18467,-0.042
18468,-0.007
18469,-0.051
18470,-0.061
18471,0.015
18472,0.046
18473,0.088
18474,0.056
18475,0.02
18476,0.083
18477,0.024
18478,0.029
18479,-0.059
18480,0.012
18481,-0.073
18482,-0.059
18483,0.024
18484,0.029
18485,0.066
18486,0.024
18487,0.027
18488,0.054
18489,0.024
18490,0.107
18491,0.112
18492,0.183
18493,0.068
18494,0.039
18495,0.127
18496,0.068
18497,0.066
18498,0.098
18499,-0.012
18500,0.098
18501,0.039
18502,-0.093
18503,-0.049
18504,-0.112
18505,0.042
18506,0.085
18507,-0.103
18508,0.066
18509,0.078
18510,-0.022
18511,0.015
18512,0.071
18513,0.122
18514,0.044
18515,-0.027
18516,0.142
18517,-0.012
18518,0.0
18519,0.024
18520,-0.071
18521,-0.149
18522,-0.112
18523,-0.049
18524,-0.178
18525,0.005
18526,-0.103
18527,-0.054
18528,-0.09
18529,-0.066
18530,-0.139
18531,0.015
18532,0.105
18533,0.071
18534,0.068
18535,0.007
18536,0.095
18537,-0.073
18538,-0.012
18539,-0.09
18540,0.005
18541,0.017
18542,-0.083
18543,-0.015
18544,-0.039
18545,-0.015
18546,-0.059
18547,0.042
18548,0.01
18549,-0.059
18550,0.054
18551,0.066
18552,0.017
18553,0.037
18554,0.107
18555,0.149
18556,0.049
18557,0.044
18558,0.132
18559,0.063
18560,0.022
18561,-0.056
18562,0.051
18563,0.049
18564,0.061
18565,0.044
18566,0.02
18567,0.061
18568,0.037
18569,0.017
18570,0.032
18571,0.056
18572,0.11
18573,0.083
18574,0.037
18575,0.11
18576,0.154
18577,0.112
18578,0.046
18579,0.203
18580,0.042
18581,0.066
18582,-0.024
18583,0.059
18584,-0.01
18585,-0.024
18586,-0.039
18587,0.015
18588,-0.034
18589,0.024
18590,-0.015
18591,-0.007
18592,0.034
18593,0.061
18594,0.005
18595,-0.032
18596,0.015
18597,-0.029
18598,-0.1
18599,-0.115
18600,-0.054
18601,-0.073
18602,-0.059
18603,0.007
18604,-0.068
18605,-0.01
18606,-0.085
18607,0.007
18608,-0.063
18609,-0.144
18610,0.024
18611,0.029
18612,-0.071
18613,-0.068
18614,0.027
18615,-0.049
18616,-0.078
18617,0.144
18618,0.066
18619,-0.132
18620,0.007
18621,-0.022
18622,-0.056
18623,0.017
18624,-0.02
18625,0.129
18626,-0.122
18627,-0.112
18628,-0.039
18629,-0.007
18630,0.061
18631,0.1
18632,-0.044
18633,-0.017
18634,0.059
18635,0.073
18636,-0.007
18637,0.132
18638,0.073
18639,0.01
18640,0.151
18641,0.039
18642,-0.01
18643,0.1
18644,-0.015
18645,0.115
18646,0.046
18647,0.134
18648,0.09
18649,0.027
18650,0.134
18651,0.11
18652,0.173
18653,0.098
18654,0.107
18655,0.134
18656,0.137
18657,0.115
18658,0.09
18659,0.005
18660,0.005
18661,-0.01
18662,0.051
18663,0.081
18664,-0.098
18665,-0.046
18666,-0.049
18667,-0.059
18668,-0.107
18669,-0.081
18670,-0.066
18671,-0.037
18672,0.0
18673,-0.095
18674,0.017
18675,0.029
18676,-0.012
18677,0.027
18678,0.071
18679,0.032
18680,0.078
18681,0.0
18682,0.042
18683,-0.032
18684,-0.02
18685,-0.029
18686,-0.149
18687,-0.1
18688,-0.122
18689,-0.015
18690,-0.071
18691,-0.029
18692,-0.051
18693,-0.1
18694,-0.061
18695,0.034
18696,0.029
18697,0.056
18698,-0.005
18699,-0.042
18700,0.012
18701,-0.051
18702,-0.068
18703,-0.056
18704,-0.073
18705,0.032
18706,-0.039
18707,-0.068
18708,-0.076
18709,-0.066
18710,-0.154
18711,-0.098
18712,-0.093
18713,-0.056
18714,0.042
18715,-0.112
18716,-0.02
18717,0.007
18718,0.056
18719,0.076
18720,0.027
18721,-0.02
18722,-0.073
18723,0.005
18724,0.012
18725,0.027
18726,0.09
18727,0.027
18728,0.027
18729,-0.01
18730,0.01
18731,0.024
18732,0.049
18733,-0.022
18734,0.032
18735,0.105
18736,0.132
18737,-0.059
18738,0.112
18739,0.002
18740,0.12
18741,0.027
18742,0.032
18743,0.105
18744,-0.049
18745,0.076
18746,0.083
18747,0.051
18748,-0.103
18749,0.015
18750,0.044
18751,0.002
18752,-0.042
18753,0.015
18754,-0.032
18755,0.005
18756,-0.022
18757,0.027
18758,0.137
18759,0.032
18760,0.01
18761,-0.015
18762,-0.088
18763,-0.107
18764,-0.015
18765,0.027
18766,-0.037
18767,-0.027
18768,-0.083
18769,-0.049
18770,-0.112
18771,0.029
18772,0.044
18773,-0.012
18774,-0.037
18775,-0.029
18776,-0.056
18777,-0.015
18778,-0.073
18779,-0.134
18780,0.042
18781,0.0
18782,-0.107
18783,-0.144
18784,-0.212
18785,-0.017
18786,-0.156
18787,-0.095
18788,-0.166
18789,-0.105
18790,-0.076
18791,-0.125
18792,-0.139
18793,-0.134
18794,-0.068
18795,-0.02
18796,-0.02
18797,-0.071
18798,-0.037
18799,-0.024
18800,0.015
18801,-0.042
18802,-0.112
18803,-0.085
18804,-0.127
18805,0.015
18806,0.059
18807,-0.085
18808,0.0
18809,0.032
18810,-0.012
18811,-0.029
18812,0.017
18813,-0.042
18814,-0.083
18815,0.107
18816,0.146
18817,-0.044
18818,0.085
18819,0.078
18820,-0.01
18821,-0.012
18822,0.063
18823,0.054
18824,-0.154
18825,0.049
18826,-0.015
18827,-0.015
18828,-0.005
18829,0.005
18830,-0.107
18831,0.066
18832,0.115
18833,-0.164
18834,-0.132
18835,-0.066
18836,0.012
18837,-0.02
18838,-0.081
18839,-0.024
18840,0.129
18841,-0.046
18842,0.005
18843,0.022
18844,-0.027
18845,0.015
18846,-0.039
18847,-0.037
18848,-0.02
18849,0.017
18850,0.061
18851,-0.076
18852,-0.137
18853,-0.029
18854,-0.032
18855,-0.215
18856,0.042
18857,-0.039
18858,-0.024
18859,0.02
18860,-0.01
18861,-0.146
18862,0.051
18863,0.049
18864,0.015
18865,-0.134
18866,-0.073
18867,-0.146
18868,0.002
18869,-0.027
18870,-0.186
18871,-0.1
18872,-0.066
18873,0.034
18874,-0.151
18875,-0.203
18876,0.044
18877,0.051
18878,-0.054
18879,-0.146
18880,-0.056
18881,-0.049
18882,-0.127
18883,-0.12
18884,-0.11
18885,-0.076
18886,-0.11
18887,-0.061
18888,-0.11
18889,-0.117
18890,0.024
18891,0.083
18892,0.015
18893,-0.144
18894,-0.059
18895,0.01
18896,0.078
18897,0.002
18898,-0.12
18899,0.098
18900,0.032
18901,-0.017
18902,0.071
18903,-0.005
18904,-0.012
18905,0.017
18906,0.007
18907,-0.007
18908,-0.039
18909,-0.007
18910,0.01
18911,0.007
18912,-0.02
18913,-0.024
18914,0.042
18915,0.1
18916,0.09
18917,-0.015
18918,0.044
18919,-0.022
18920,-0.005
18921,-0.076
18922,0.01
18923,0.015
18924,-0.054
18925,-0.042
18926,-0.073
18927,-0.054
18928,-0.024
18929,-0.085
18930,-0.02
18931,0.042
18932,-0.09
18933,-0.178
18934,0.09
18935,0.09
18936,-0.051
18937,0.078
18938,0.088
18939,-0.068
18940,0.061
18941,0.049
18942,0.01
18943,-0.12
18944,-0.125
18945,-0.039
18946,-0.005
18947,-0.103
18948,-0.061
18949,-0.059
18950,-0.042
18951,-0.005
18952,-0.183
18953,-0.085
18954,-0.107
18955,-0.127
18956,-0.09
18957,-0.037
18958,0.007
18959,-0.078
18960,-0.056
18961,0.024
18962,0.0
18963,-0.068
18964,-0.076
18965,-0.085
18966,-0.017
18967,-0.017
18968,-0.063
18969,0.034
18970,-0.076
18971,-0.1
18972,0.085
18973,0.098
18974,-0.068
18975,-0.005
18976,0.027
18977,0.022
18978,0.015
18979,0.081
18980,0.0
18981,0.012
18982,0.127
18983,-0.037
18984,0.066
18985,0.09
18986,0.039
18987,0.071
18988,-0.081
18989,-0.039
18990,-0.01
18991,0.117
18992,-0.083
18993,-0.085
18994,-0.015
18995,0.034
18996,0.015
18997,-0.054
18998,0.051
18999,0.173
19000,0.029
19001,-0.068
19002,0.066
19003,0.017
19004,0.005
19005,0.037
19006,-0.056
19007,0.024
19008,0.103
19009,0.054
19010,-0.005
19011,-0.012
19012,0.005
19013,0.049
19014,-0.01
19015,-0.068
19016,0.059
19017,0.0
19018,0.105
19019,0.027
19020,0.063
19021,0.073
19022,-0.005
19023,0.032
19024,0.054
19025,-0.129
19026,0.02
19027,0.02
19028,-0.117
19029,0.051
19030,-0.024
19031,-0.171
19032,-0.005
19033,-0.015
19034,-0.029
19035,-0.051
19036,0.017
19037,0.059
19038,0.044
19039,0.049
19040,0.0
19041,-0.027
19042,0.054
19043,0.037
19044,-0.007
19045,-0.049
19046,0.002
19047,-0.037
19048,-0.044
19049,-0.039
19050,-0.017
19051,-0.068
19052,0.061
19053,-0.073
19054,-0.105
19055,0.046
19056,-0.051
19057,-0.02
19058,-0.007
19059,-0.046
19060,-0.017
19061,0.046
19062,0.139
19063,-0.034
19064,0.02
19065,0.037
19066,0.09
19067,-0.049
19068,-0.056
19069,0.1
19070,0.01
19071,-0.078
19072,-0.044
19073,0.01
19074,0.034
19075,-0.024
19076,0.103
19077,0.125
19078,0.083
19079,0.051
19080,0.115
19081,0.098
19082,0.078
19083,0.034
19084,0.034
19085,-0.005
19086,0.051
19087,-0.01
19088,-0.034
19089,0.029
19090,-0.063
19091,0.115
19092,0.02
19093,-0.056
19094,0.005
19095,0.029
19096,0.105
19097,0.059
19098,0.034
19099,0.022
19100,0.039
19101,0.073
19102,0.044
19103,0.015
19104,0.2
19105,0.056
19106,-0.042
19107,0.027
19108,-0.042
19109,-0.015
19110,-0.081
19111,-0.051
19112,-0.022
19113,-0.049
19114,0.037
19115,-0.002
19116,-0.015
19117,0.005
19118,0.12
19119,0.103
19120,0.042
19121,0.042
19122,-0.1
19123,-0.056
19124,0.002
19125,-0.005
19126,-0.046
19127,-0.012
19128,-0.1
19129,-0.007
19130,-0.059
19131,-0.215
19132,-0.154
19133,-0.125
19134,-0.085
19135,0.005
19136,-0.044
19137,0.002
19138,0.085
19139,0.007
19140,-0.015
19141,0.076
19142,0.049
19143,0.12
19144,0.012
19145,0.093
19146,0.083
19147,0.007
19148,0.024
19149,-0.054
19150,0.037
19151,0.059
19152,-0.051
19153,-0.164
19154,-0.073
19155,-0.042
19156,0.024
19157,-0.081
19158,0.054
19159,0.112
19160,0.083
19161,0.068
19162,0.034
19163,0.049
19164,0.137
19165,0.022
19166,0.149
19167,0.112
19168,0.1
19169,0.093
19170,0.127
19171,0.127
19172,0.039
19173,-0.02
19174,-0.039
19175,-0.042
19176,0.081
19177,-0.066
19178,-0.149
19179,-0.007
19180,0.146
19181,0.071
19182,0.115
19183,0.039
19184,0.027
19185,0.061
19186,0.042
19187,0.071
19188,0.066
19189,0.049
19190,0.068
19191,0.054
19192,0.032
19193,-0.01
19194,0.066
19195,0.093
19196,-0.032
19197,0.012
19198,-0.078
19199,-0.063
19200,-0.027
19201,-0.029
19202,-0.186
19203,0.0
19204,0.012
19205,-0.017
19206,-0.054
19207,-0.085
19208,-0.034
19209,-0.044
19210,-0.042
19211,-0.037
19212,-0.029
19213,-0.044
19214,-0.059
19215,0.068
19216,0.039
19217,-0.056
19218,0.029
19219,0.042
19220,0.027
19221,0.039
19222,-0.02
19223,-0.01
19224,0.042
19225,-0.056
19226,-0.134
19227,-0.027
19228,0.015
19229,0.022
19230,-0.01
19231,-0.164
19232,-0.066
19233,-0.032
19234,0.034
19235,0.037
19236,0.02
19237,0.049
19238,0.071
19239,0.0
19240,-0.034
19241,0.022
19242,0.095
19243,0.005
19244,0.051
19245,0.066
19246,0.02
19247,-0.061
19248,-0.044
19249,-0.059
19250,-0.017
19251,0.012
19252,-0.007
19253,0.112
19254,0.046
19255,0.022
19256,-0.005
19257,0.017
19258,0.0
19259,0.076
19260,0.054
19261,-0.034
19262,-0.02
19263,0.217
19264,0.217
19265,0.166
19266,0.022
19267,0.122
19268,0.127
19269,0.049
19270,0.081
19271,0.012
19272,0.081
19273,-0.061
19274,-0.105
19275,-0.081
19276,0.017
19277,0.029
19278,-0.027
19279,-0.024
19280,0.134
19281,0.073
19282,0.012
19283,0.139
19284,0.076
19285,0.002
19286,0.056
19287,-0.02
19288,-0.049
19289,-0.068
19290,-0.037
19291,0.034
19292,0.017
19293,-0.063
19294,-0.044
19295,-0.127
19296,-0.093
19297,-0.051
19298,-0.088
19299,-0.063
19300,-0.029
19301,0.037
19302,0.073
19303,-0.049
19304,-0.044
19305,-0.01
19306,-0.012
19307,0.1
19308,0.098
19309,-0.076
19310,-0.032
19311,-0.095
19312,-0.076
19313,-0.1
19314,-0.176
19315,-0.093
19316,0.017
19317,-0.061
19318,-0.054
19319,-0.081
19320,0.002
19321,0.024
19322,-0.122
19323,-0.01
19324,0.039
19325,0.134
19326,0.127
19327,0.059
19328,0.071
19329,0.085
19330,0.034
19331,0.054
19332,-0.005
19333,-0.051
19334,0.137
19335,0.034
19336,-0.024
19337,-0.007
19338,0.039
19339,0.032
19340,-0.083
19341,0.027
19342,0.139
19343,0.073
19344,0.137
19345,-0.01
19346,-0.005
19347,0.068
19348,0.02
19349,0.046
19350,0.007
19351,0.039
19352,0.037
19353,-0.017
19354,0.01
19355,-0.051
19356,-0.024
19357,0.085
19358,-0.029
19359,-0.071
19360,0.12
19361,0.12
19362,0.063
19363,-0.012
19364,-0.076
19365,0.037
19366,0.078
19367,0.112
19368,0.088
19369,0.002
19370,0.02
19371,0.037
19372,-0.037
19373,-0.042
19374,-0.056
19375,-0.081
19376,-0.005
19377,0.017
19378,-0.166
19379,-0.103
19380,-0.037
19381,0.105
19382,0.051
19383,-0.081
19384,-0.034
19385,0.029
19386,-0.098
19387,-0.002
19388,0.137
19389,0.093
19390,-0.024
19391,-0.125
19392,-0.066
19393,0.017
19394,-0.046
19395,0.046
19396,-0.076
19397,-0.024
19398,0.105
19399,0.0
19400,-0.063
19401,0.078
19402,-0.044
19403,0.098
19404,0.066
19405,0.063
19406,0.059
19407,0.076
19408,0.012
19409,-0.107
19410,0.024
19411,0.063
19412,0.027
19413,-0.122
19414,0.0
19415,-0.024
19416,0.034
19417,-0.046
19418,-0.066
19419,-0.081
19420,-0.002
19421,0.02
19422,0.024
19423,-0.015
19424,0.027
19425,0.105
19426,0.129
19427,0.142
19428,-0.032
19429,-0.007
19430,0.046
19431,-0.049
19432,0.042
19433,0.054
19434,0.044
19435,0.007
19436,0.01
19437,-0.068
19438,-0.051
19439,0.059
19440,0.032
19441,0.027
19442,-0.085
19443,0.012
19444,0.034
19445,0.01
19446,0.049
19447,0.051
19448,0.007
19449,0.005
19450,-0.015
19451,0.059
19452,0.007
19453,-0.098
19454,-0.046
19455,-0.078
19456,-0.01
19457,-0.051
19458,-0.061
19459,-0.012
19460,-0.044
19461,-0.088
19462,-0.071
19463,-0.005
19464,-0.002
19465,0.022
19466,-0.046
19467,-0.059
19468,-0.027
19469,0.061
19470,0.078
19471,-0.166
19472,-0.066
19473,0.017
19474,0.017
19475,-0.063
19476,-0.134
19477,-0.066
19478,-0.088
19479,-0.156
19480,-0.103
19481,-0.098
19482,-0.007
19483,-0.034
19484,-0.103
19485,-0.063
19486,-0.01
19487,0.063
19488,0.007
19489,0.049
19490,0.029
19491,0.005
19492,-0.085
19493,-0.1
19494,-0.007
19495,0.037
19496,-0.032
19497,0.017
19498,-0.059
19499,0.078
19500,-0.1
19501,-0.132
19502,-0.042
19503,0.183
19504,0.071
19505,-0.063
19506,0.027
19507,0.183
19508,-0.01
19509,-0.073
19510,0.093
19511,0.029
19512,0.037
19513,0.005
19514,0.042
19515,0.076
19516,-0.068
19517,-0.068
19518,-0.037
19519,-0.093
19520,-0.051
19521,-0.068
19522,0.032
19523,0.1
19524,-0.015
19525,-0.022
19526,-0.002
19527,0.115
19528,0.127
19529,0.034
19530,0.051
19531,0.083
19532,0.007
19533,0.01
19534,-0.002
19535,0.042
19536,0.066
19537,-0.098
19538,-0.161
19539,-0.11
19540,-0.107
19541,-0.161
19542,-0.125
19543,-0.142
19544,-0.029
19545,0.066
19546,-0.034
19547,0.046
19548,-0.015
19549,0.037
19550,0.034
19551,-0.007
19552,-0.01
19553,-0.002
19554,-0.034
19555,-0.029
19556,-0.029
19557,0.02
19558,-0.105
19559,-0.205
19560,0.01
19561,-0.117
19562,-0.217
19563,-0.015
19564,-0.01
19565,0.044
19566,-0.144
19567,-0.12
19568,0.11
19569,0.073
19570,0.007
19571,-0.059
19572,0.015
19573,0.117
19574,0.017
19575,-0.029
19576,0.093
19577,0.022
19578,-0.068
19579,-0.059
19580,-0.168
19581,0.007
19582,0.051
19583,-0.039
19584,-0.122
19585,-0.022
19586,0.032
19587,0.115
19588,0.032
19589,-0.017
19590,0.146
19591,0.11
19592,0.09
19593,0.134
19594,0.107
19595,-0.044
19596,-0.042
19597,-0.059
19598,0.046
19599,0.02
19600,0.049
19601,0.068
19602,0.049
19603,0.022
19604,0.09
19605,0.107
19606,0.063
19607,0.076
19608,0.1
19609,0.088
19610,-0.029
19611,0.139
19612,0.076
19613,-0.042
19614,0.105
19615,0.068
19616,0.034
19617,0.051
19618,-0.005
19619,-0.022
19620,-0.146
19621,-0.083
19622,0.078
19623,0.029
19624,-0.144
19625,-0.032
19626,0.017
19627,0.0
19628,0.051
19629,-0.022
19630,-0.049
19631,0.09
19632,0.132
19633,-0.178
19634,-0.024
19635,0.024
19636,-0.017
19637,-0.063
19638,-0.195
19639,-0.198
19640,-0.056
19641,-0.081
19642,-0.112
19643,-0.198
19644,-0.212
19645,-0.068
19646,-0.171
19647,-0.156
19648,-0.168
19649,-0.073
19650,0.02
19651,-0.054
19652,-0.01
19653,-0.024
19654,-0.007
19655,-0.098
19656,-0.044
19657,-0.09
19658,-0.164
19659,-0.034
19660,-0.093
19661,-0.142
19662,-0.1
19663,-0.11
19664,-0.063
19665,-0.083
19666,-0.105
19667,-0.039
19668,0.012
19669,0.071
19670,0.068
19671,0.115
19672,0.007
19673,0.061
19674,0.144
19675,0.083
19676,0.095
19677,0.183
19678,-0.032
19679,0.063
19680,0.007
19681,-0.1
19682,0.0
19683,-0.005
19684,-0.09
19685,-0.068
19686,-0.061
19687,0.042
19688,0.056
19689,0.027
19690,0.071
19691,-0.017
19692,0.107
19693,0.149
19694,0.093
19695,0.078
19696,0.154
19697,0.093
19698,0.09
19699,0.042
19700,0.088
19701,0.061
19702,0.042
19703,0.073
19704,-0.049
19705,-0.039
19706,-0.017
19707,0.117
19708,0.027
19709,-0.044
19710,0.01
19711,0.068
19712,0.151
19713,-0.02
19714,0.032
19715,0.002
19716,0.1
19717,-0.024
19718,0.01
19719,-0.027
19720,-0.11
19721,-0.049
19722,-0.12
19723,-0.027
19724,-0.1
19725,-0.164
19726,0.093
19727,0.02
19728,-0.132
19729,-0.022
19730,0.01
19731,0.078
19732,0.073
19733,0.085
19734,0.039
19735,-0.029
19736,0.078
19737,0.007
19738,-0.068
19739,0.049
19740,-0.066
19741,0.059
19742,0.002
19743,-0.09
19744,-0.103
19745,-0.107
19746,-0.159
19747,0.005
19748,0.029
19749,-0.081
19750,0.042
19751,0.049
19752,0.046
19753,-0.078
19754,-0.037
19755,-0.015
19756,0.0
19757,-0.022
19758,-0.059
19759,0.015
19760,0.002
19761,0.088
19762,0.063
19763,-0.054
19764,-0.115
19765,-0.032
19766,0.024
19767,-0.012
19768,-0.061
19769,0.059
19770,0.071
19771,0.146
19772,0.046
19773,0.142
19774,0.09
19775,-0.012
19776,0.049
19777,0.151
19778,0.032
19779,0.002
19780,0.085
19781,0.103
19782,0.005
19783,0.0
19784,0.022
19785,0.034
19786,0.073
19787,0.007
19788,-0.022
19789,-0.007
19790,0.083
19791,0.12
19792,0.056
19793,0.002
19794,0.046
19795,0.044
19796,-0.012
19797,0.017
19798,-0.061
19799,0.022
19800,0.029
19801,-0.042
19802,-0.105
19803,0.022
19804,-0.029
19805,-0.054
19806,-0.007
19807,-0.046
19808,0.095
19809,-0.042
19810,-0.012
19811,0.095
19812,0.09
19813,0.068
19814,0.024
19815,-0.024
19816,0.044
19817,-0.061
19818,-0.017
19819,-0.049
19820,-0.168
19821,-0.056
19822,-0.049
19823,-0.12
19824,-0.132
19825,-0.146
19826,-0.103
19827,0.005
19828,-0.017
19829,-0.071
19830,-0.01
19831,-0.037
19832,0.002
19833,0.005
19834,0.049
19835,0.122
19836,-0.022
19837,-0.076
19838,-0.049
19839,0.007
19840,-0.066
19841,-0.09
19842,-0.093
19843,-0.059
19844,-0.09
19845,-0.029
19846,-0.032
19847,0.024
19848,-0.073
19849,-0.046
19850,-0.042
19851,0.017
19852,0.164
19853,0.063
19854,-0.032
19855,-0.076
19856,-0.088
19857,0.068
19858,0.044
19859,0.039
19860,0.054
19861,0.076
19862,0.103
19863,0.049
19864,0.022
19865,-0.024
19866,0.044
19867,-0.039
19868,0.022
19869,0.015
19870,0.01
19871,-0.022
19872,0.063
19873,0.042
19874,0.027
19875,-0.032
19876,-0.002
19877,0.061
19878,-0.034
19879,0.024
19880,0.12
19881,-0.012
19882,-0.12
19883,-0.029
19884,0.037
19885,-0.029
19886,-0.132
19887,0.012
19888,0.056
19889,-0.127
19890,-0.015
19891,0.032
19892,0.078
19893,0.115
19894,0.032
19895,-0.005
19896,-0.015
19897,0.054
19898,-0.032
19899,0.0
19900,0.032
19901,0.022
19902,-0.054
19903,-0.105
19904,-0.02
19905,-0.081
19906,-0.081
19907,0.09
19908,-0.1
19909,-0.11
19910,-0.093
19911,-0.049
19912,0.022
19913,0.034
19914,0.002
19915,0.017
19916,0.0
19917,-0.029
19918,0.01
19919,-0.046
19920,0.051
19921,0.029
19922,-0.11
19923,-0.071
19924,-0.042
19925,-0.063
19926,-0.049
19927,-0.129
19928,-0.159
19929,-0.154
19930,-0.076
19931,-0.027
19932,-0.081
19933,0.073
19934,-0.002
19935,0.032
19936,0.01
19937,0.085
19938,0.068
19939,0.066
19940,0.027
19941,-0.039
19942,0.005
19943,0.02
19944,0.0
19945,-0.049
19946,0.054
19947,-0.007
19948,-0.032
19949,-0.024
19950,-0.098
19951,-0.095
19952,-0.034
19953,-0.085
19954,0.015
19955,-0.042
19956,0.059
19957,0.063
19958,0.027
19959,0.063
19960,0.073
19961,0.017
19962,0.042
19963,0.049
19964,0.029
19965,0.056
19966,0.024
19967,0.046
19968,-0.039
19969,-0.049
19970,0.046
19971,-0.017
19972,-0.017
19973,-0.071
19974,0.015
19975,-0.005
19976,0.002
19977,-0.024
19978,0.051
19979,0.066
19980,-0.051
19981,0.093
19982,-0.034
19983,-0.044
19984,-0.037
19985,-0.051
19986,-0.042
19987,-0.107
19988,0.007
19989,-0.007
19990,-0.103
19991,-0.093
19992,0.093
19993,0.122
19994,0.066
19995,0.076
19996,0.042
19997,0.059
19998,0.068
19999,0.007
20000,-0.002
20001,0.051
20002,0.059
20003,0.044
20004,-0.068
20005,-0.015
20006,-0.017
20007,-0.007
20008,-0.046
20009,-0.073
20010,-0.044
20011,0.022
20012,0.054
20013,-0.071
20014,-0.029
20015,0.051
20016,0.144
20017,0.024
20018,0.005
20019,0.1
20020,-0.007
20021,-0.027
20022,0.088
20023,0.071
20024,0.02
20025,-0.032
20026,0.007
20027,0.039
20028,0.051
20029,0.046
20030,-0.034
20031,0.0
20032,0.059
20033,0.098
20034,0.012
20035,-0.039
20036,0.134
20037,0.164
20038,-0.049
20039,0.029
20040,0.024
20041,0.034
20042,0.049
20043,-0.002
20044,0.007
20045,0.044
20046,-0.02
20047,-0.071
20048,-0.049
20049,-0.085
20050,0.017
20051,-0.039
20052,-0.017
20053,-0.017
20054,0.073
20055,0.093
20056,-0.056
20057,0.037
20058,0.09
20059,0.164
20060,0.056
20061,-0.044
20062,0.061
20063,0.037
20064,0.017
20065,0.02
20066,-0.037
20067,0.01
20068,-0.002
20069,-0.054
20070,-0.081
20071,0.007
20072,-0.039
20073,-0.076
20074,-0.002
20075,0.017
20076,0.024
20077,0.049
20078,0.039
20079,0.015
20080,-0.054
20081,0.042
20082,0.01
20083,-0.054
20084,-0.073
20085,0.039
20086,0.049
20087,-0.051
20088,-0.015
20089,-0.112
20090,0.01
20091,0.049
20092,-0.09
20093,-0.007
20094,-0.017
20095,0.088
20096,0.027
20097,0.007
20098,-0.017
20099,0.039
20100,0.068
20101,-0.005
20102,0.02
20103,0.063
20104,-0.081
20105,-0.044
20106,0.012
20107,-0.034
20108,-0.098
20109,-0.061
20110,0.076
20111,0.088
20112,0.027
20113,0.11
20114,0.115
20115,-0.022
20116,0.159
20117,0.112
20118,-0.017
20119,0.134
20120,0.11
20121,0.168
20122,0.051
20123,-0.032
20124,0.112
20125,0.037
20126,0.01
20127,0.046
20128,-0.027
20129,0.088
20130,0.051
20131,-0.11
20132,0.051
20133,-0.01
20134,0.015
20135,0.002
20136,-0.017
20137,0.037
20138,0.093
20139,-0.029
20140,0.076
20141,0.049
20142,-0.022
20143,-0.029
20144,-0.081
20145,0.0
20146,-0.093
20147,-0.103
20148,-0.068
20149,-0.012
20150,0.007
20151,-0.076
20152,-0.022
20153,-0.017
20154,0.027
20155,-0.042
20156,-0.063
20157,-0.027
20158,0.122
20159,0.11
20160,-0.11
20161,0.098
20162,0.032
20163,0.076
20164,0.066
20165,-0.1
20166,0.0
20167,0.005
20168,-0.012
20169,-0.051
20170,-0.149
20171,-0.098
20172,-0.056
20173,-0.034
20174,0.0
20175,-0.12
20176,-0.059
20177,-0.073
20178,-0.042
20179,-0.024
20180,-0.01
20181,0.071
20182,-0.029
20183,-0.046
20184,-0.134
20185,0.022
20186,0.12
20187,-0.068
20188,0.039
20189,0.046
20190,0.046
20191,0.017
20192,-0.017
20193,0.085
20194,0.107
20195,0.034
20196,0.049
20197,0.1
20198,0.171
20199,-0.037
20200,-0.022
20201,0.063
20202,0.073
20203,-0.02
20204,0.071
20205,0.024
20206,0.032
20207,-0.095
20208,0.005
20209,0.056
20210,0.02
20211,0.2
20212,0.042
20213,-0.229
20214,-0.144
20215,0.078
20216,0.081
20217,0.068
20218,0.005
20219,0.095
20220,0.066
20221,0.056
20222,-0.09
20223,0.005
20224,0.071
20225,0.098
20226,0.032
20227,0.012
20228,0.0
20229,0.007
20230,0.02
20231,0.012
20232,-0.056
20233,-0.007
20234,0.056
20235,-0.054
20236,-0.134
20237,0.005
20238,0.037
20239,-0.076
20240,-0.068
20241,-0.037
20242,-0.081
20243,0.015
20244,-0.066
20245,-0.132
20246,-0.032
20247,-0.063
20248,-0.159
20249,-0.129
20250,-0.115
20251,-0.134
20252,-0.198
20253,-0.098
20254,-0.027
20255,-0.12
20256,-0.103
20257,-0.129
20258,-0.105
20259,-0.09
20260,-0.01
20261,-0.015
20262,-0.034
20263,-0.029
20264,0.034
20265,0.002
20266,-0.027
20267,-0.1
20268,-0.1
20269,0.027
20270,-0.056
20271,-0.068
20272,-0.022
20273,-0.005
20274,0.056
20275,-0.002
20276,0.015
20277,-0.093
20278,-0.029
20279,-0.044
20280,-0.071
20281,0.066
20282,0.178
20283,0.122
20284,0.007
20285,0.068
20286,0.042
20287,-0.107
20288,-0.022
20289,-0.068
20290,0.063
20291,-0.044
20292,-0.039
20293,-0.02
20294,-0.115
20295,0.012
20296,0.132
20297,0.051
20298,0.085
20299,0.142
20300,-0.02
20301,0.088
20302,0.01
20303,0.007
20304,0.029
20305,-0.066
20306,-0.081
20307,-0.032
20308,0.02
20309,-0.051
20310,0.01
20311,0.044
20312,-0.027
20313,-0.02
20314,-0.051
20315,-0.027
20316,-0.12
20317,0.005
20318,-0.012
20319,-0.122
20320,0.081
20321,0.176
20322,0.066
20323,0.017
20324,0.051
20325,0.044
20326,-0.054
20327,-0.088
20328,-0.012
20329,-0.002
20330,-0.063
20331,-0.046
20332,-0.068
20333,-0.012
20334,0.024
20335,-0.129
20336,-0.173
20337,-0.037
20338,-0.005
20339,-0.002
20340,-0.034
20341,-0.005
20342,-0.027
20343,0.02
20344,0.078
20345,-0.027
20346,-0.095
20347,-0.09
20348,-0.046
20349,-0.112
20350,-0.046
20351,-0.054
20352,-0.015
20353,-0.029
20354,0.044
20355,0.068
20356,-0.032
20357,0.02
20358,0.054
20359,0.083
20360,-0.017
20361,-0.083
20362,-0.029
20363,0.071
20364,0.029
20365,-0.002
20366,-0.127
20367,-0.063
20368,0.002
20369,-0.073
20370,-0.066
20371,-0.078
20372,-0.034
20373,-0.095
20374,-0.054
20375,-0.044
20376,0.01
20377,-0.098
20378,-0.054
20379,-0.027
20380,0.01
20381,0.083
20382,0.115
20383,0.042
20384,0.066
20385,0.093
20386,0.105
20387,0.076
20388,0.078
20389,0.181
20390,0.032
20391,-0.166
20392,-0.095
20393,-0.09
20394,0.044
20395,0.09
20396,-0.063
20397,-0.071
20398,-0.002
20399,-0.017
20400,-0.042
20401,0.039
20402,-0.051
20403,0.149
20404,0.037
20405,-0.046
20406,0.012
20407,-0.015
20408,-0.027
20409,0.02
20410,-0.154
20411,-0.09
20412,0.129
20413,0.02
20414,-0.076
20415,-0.066
20416,-0.017
20417,0.076
20418,-0.105
20419,-0.024
20420,-0.042
20421,-0.017
20422,-0.024
20423,-0.081
20424,-0.098
20425,0.007
20426,-0.093
20427,-0.044
20428,0.024
20429,-0.024
20430,-0.076
20431,-0.039
20432,-0.015
20433,0.007
20434,-0.022
20435,-0.149
20436,0.039
20437,0.032
20438,-0.039
20439,-0.017
20440,-0.039
20441,0.12
20442,-0.027
20443,-0.063
20444,-0.022
20445,0.066
20446,0.032
20447,0.044
20448,-0.09
20449,-0.042
20450,0.049
20451,0.024
20452,-0.083
20453,-0.017
20454,0.164
20455,0.046
20456,-0.007
20457,-0.044
20458,-0.049
20459,0.044
20460,0.012
20461,0.068
20462,0.037
20463,-0.039
20464,0.037
20465,0.051
20466,0.034
20467,0.032
20468,0.034
20469,0.032
20470,-0.044
20471,-0.029
20472,-0.015
20473,-0.127
20474,-0.049
20475,-0.029
20476,-0.054
20477,-0.002
20478,0.007
